0 0
0 0
0 0
0 0
0 0
0 0
0 0
0 0
0 0
0 0
0 0
0 0
0 0
0 0
0 0
0 0
0 0
0 0
0 0
0 0
0 0
0 0
0 0
0 0
0 0
0 0
0 0
0 0
0 0
0 0
0 0
0 0
0 0
0 0
0 0
0 0
0 0
0 0
0 0
0 0
0 0
0 0
0 0
0 0
0 0
0 0
0 0
0 0
0 0
0 0
0 0
0 0
0 0
0 0
0 0
0 0
0 0
0 0
0 0
0 0
0 0
0 0
0 0
0 0
0 0
0 0
0 0
0 0
0 0
0 0
0 0
0 0
0 0
0 0
0 0
0 0
0 0
-0.0284943 -0.000511064
-0.0284943 -0.000511064
-0.0258706 0.00535444
-0.0258706 0.00535444
-0.0276657 0.000495615
-0.0276657 0.000495615
-0.0318807 -0.00122872
-0.0318807 -0.00122872
-0.0291199 0.00517635
-0.0291199 0.00517635
-0.0292539 -0.0041554
-0.0292539 -0.0041554
-0.0289334 -0.00137781
-0.0289334 -0.00137781
-0.0251277 0.00304536
-0.0251277 0.00304536
-0.0294216 -0.00375427
-0.0294216 -0.00375427
-0.0309053 0.00339314
-0.0309053 0.00339314
-0.0279089 -0.00382331
-0.0279089 -0.00382331
-0.0289352 -0.00360604
-0.0289352 -0.00360604
-0.0306158 0.00518786
-0.0306158 0.00518786
-0.0244678 -0.00350924
-0.0244678 -0.00350924
-0.0251344 -0.00224021
-0.0251344 -0.00224021
-0.0269849 -0.00107506
-0.0269849 -0.00107506
-0.0273628 -0.00280584
-0.0273628 -0.00280584
-0.021984 -0.00394478
-0.021984 -0.00394478
-0.0299844 -0.00983999
-0.0299844 -0.00983999
-0.0257956 0.000786083
-0.0257956 0.000786083
-0.029892 -0.00581972
-0.029892 -0.00581972
-0.0265592 -0.0114159
-0.0265592 -0.0114159
-0.0260524 -0.00817491
-0.0260524 -0.00817491
-0.0277361 -0.0100609
-0.0277361 -0.0100609
-0.0270484 -0.0173255
-0.0270484 -0.0173255
-0.0283091 -0.0151475
-0.0283091 -0.0151475
-0.0243532 -0.0170956
-0.0243532 -0.0170956
-0.0267056 -0.0182065
-0.0267056 -0.0182065
-0.025949 -0.023137
-0.025949 -0.023137
-0.0309267 -0.0236529
-0.0309267 -0.0236529
-0.0263148 -0.0203699
-0.0263148 -0.0203699
-0.028335 -0.0192013
-0.028335 -0.0192013
-0.023325 -0.0254512
-0.023325 -0.0254512
-0.0317681 -0.0248863
-0.0317681 -0.0248863
-0.0239509 -0.0245075
-0.0239509 -0.0245075
-0.0212917 -0.0280079
-0.0212917 -0.0280079
-0.026692 -0.031349
-0.026692 -0.031349
-0.0233124 -0.029744
-0.0233124 -0.029744
-0.0213951 -0.0308411
-0.0213951 -0.0308411
-0.0186669 -0.0342856
-0.0186669 -0.0342856
-0.0209167 -0.027983
-0.0209167 -0.027983
-0.0213075 -0.0344358
-0.0213075 -0.0344358
-0.0182967 -0.0336125
-0.0182967 -0.0336125
-0.0198572 -0.0361146
-0.0198572 -0.0361146
-0.0201543 -0.0366301
-0.0201543 -0.0366301
-0.0129557 -0.0306463
-0.0129557 -0.0306463
-0.0158737 -0.032011
-0.0158737 -0.032011
-0.00958508 -0.0363394
-0.00958508 -0.0363394
-0.0119274 -0.0353929
-0.0119274 -0.0353929
-0.00876594 -0.0324775
-0.00876594 -0.0324775
-0.0101611 -0.0377646
-0.0101611 -0.0377646
-0.00957074 -0.0409695
-0.00957074 -0.0409695
-0.00784927 -0.0347874
-0.00784927 -0.0347874
-0.00648624 -0.0365746
-0.00648624 -0.0365746
-0.00908603 -0.0354689
-0.00908603 -0.0354689
-0.00918519 -0.0429487
-0.00918519 -0.0429487
-0.00268297 -0.0378522
-0.00515511 -0.0392986
-0.00515511 -0.0392986
-0.0028325 -0.0400007
-0.0028325 -0.0400007
-0.00147634 -0.038415
-0.00147634 -0.038415
-0.00229493 -0.0374194
-0.00229493 -0.0374194
-0.00483979 -0.0334866
-0.00491428 -0.0329921
-0.00147901 -0.039136
-0.00147901 -0.039136
0.00235789 -0.0326516
0.00191674 -0.0296842
0.00286182 -0.0291239
0.00241754 -0.026157
-0.000204715 -0.0239753
-0.000648154 -0.0210082
-0.000805253 -0.0203984
-0.00124595 -0.017431
-0.00380233 -0.00973619
-0.00423821 -0.00676802
-0.00632259 -0.00767334
-0.00675858 -0.00470519
-0.00721683 -0.00174039
-0.00403687 0.00118066
-0.00451254 0.00414271
-0.00729899 0.00756207
-0.00784718 0.0105116
-0.00771955 0.0157252
-0.00832193 0.0186641
-0.00834136 0.0187918
-0.00899388 0.02172
-0.00915663 0.0263715
-0.00986719 0.0292861
-0.0105349 0.0336028
-0.0113134 0.0365001
-0.0103928 0.0359589
-0.0110071 0.042608
-0.0118911 0.0454748
-0.0128745 0.0458822
-0.0137654 0.0487468
-0.0139034 0.0588863
-0.0147963 0.0617503
-0.0219856 0.06082
-0.0228807 0.0636833
-0.0173609 0.0660069
-0.0182523 0.0688714
-0.0200773 0.0680562
-0.0209746 0.0709189
-0.0227186 0.0734573
-0.0237587 0.0767992
-0.0249475 0.0806185
-0.0254178 0.0812021
-0.0266031 0.0850225
-0.027796 0.0937456
-0.0289718 0.0975689
-0.0279566 0.0969389
-0.029141 0.10076
-0.0303585 0.103069
-0.0315297 0.106893
-0.0324384 0.115996
-0.0336155 0.119819
-0.0391937 0.119138
-0.0403852 0.122956
-0.0447778 0.127487
-0.0459942 0.131297
-0.0461898 0.130976
-0.0474208 0.134782
-0.0410099 0.145462
-0.0422615 0.149261
-0.0513892 0.148029
-0.0526208 0.151835
-0.0474551 0.160255
-0.0484111 0.167386
-0.0499541 0.172142
-0.048671 0.172812
-0.050205 0.177571
-0.0512664 0.180228
-0.0528141 0.184982
-0.0578522 0.192182
-0.0593827 0.196942
-0.0605095 0.205603
-0.0620171 0.21037
-0.0686039 0.219414
-0.0701314 0.224175
-0.0720122 0.225819
-0.0735568 0.230575
-0.0693872 0.234278
-0.0709612 0.239023
-0.07525 0.247486
-0.0768409 0.252226
-0.0775515 0.253007
-0.0791192 0.257755
-0.0767735 0.262705
-0.0783536 0.267449
-0.0815056 0.269397
-0.0830708 0.274146
-0.0890565 0.281768
-0.0906118 0.28652
-0.0888179 0.289574
-0.090388 0.294322
-0.0934073 0.296029
-0.0949712 0.300778
-0.0972301 0.308909
-0.0988086 0.313653
-0.0962481 0.317109
-0.0978043 0.32186
-0.102017 0.328497
-0.103619 0.333233
-0.10748 0.332298
-0.109081 0.337035
-0.111296 0.345586
-0.112908 0.350319
-0.110368 0.355459
-0.111991 0.360188
-0.113971 0.36404
-0.115581 0.368773
-0.1233 0.37357
-0.124903 0.378306
-0.119942 0.380899
-0.121542 0.385636
-0.122474 0.38676
-0.124055 0.391503
-0.126102 0.400796
-0.127697 0.405535
-0.131985 0.413029
-0.133581 0.417767
-0.134615 0.421706
-0.13626 0.426428
-0.137948 0.426594
-0.13961 0.43131
-0.138136 0.439443
-0.139799 0.444158
-0.142767 0.44655
-0.144403 0.451275
-0.143352 0.456714
-0.144991 0.461438
-0.149139 0.467419
-0.150785 0.47214
-0.155165 0.479156
-0.15681 0.483878
-0.160422 0.487956
-0.162062 0.49268
-0.160991 0.493839
-0.162635 0.498561
-0.163608 0.511828
-0.165247 0.516552
-0.161286 0.508287
-0.162922 0.513012
-0.173001 0.524214
-0.174689 0.52892
-0.175832 0.530664
-0.177523 0.535369
-0.174213 0.541335
-0.175883 0.546047
-0.180524 0.548344
-0.182204 0.553053
-0.181383 0.55783
-0.183052 0.562543
-0.189185 0.569338
-0.19086 0.574049
-0.191969 0.580628
-0.193633 0.585343
-0.194026 0.593236
-0.195699 0.597948
-0.200029 0.602824
-0.201687 0.607541
-0.194628 0.606135
-0.19629 0.610851
-0.206519 0.61597
-0.208241 0.620664
-0.206081 0.626751
-0.207796 0.631447
-0.210561 0.632905
-0.212271 0.637603
-0.211436 0.644484
-0.213141 0.649184
-0.215444 0.655731
-0.217155 0.660429
-0.218645 0.660844
-0.220349 0.665545
-0.221517 0.668959
-0.223219 0.673661
-0.224815 0.680915
-0.226514 0.685617
-0.229552 0.690954
-0.231271 0.695649
-0.233637 0.700521
-0.235338 0.705223
-0.231457 0.709656
-0.233188 0.714347
-0.238343 0.720502
-0.240094 0.725185
-0.242876 0.72382
-0.244634 0.728501
-0.247961 0.738488
-0.249714 0.743171
-0.248077 0.748361
-0.249822 0.753047
-0.257761 0.754795
-0.259485 0.759489
-0.257533 0.762061
-0.259276 0.766748
-0.257994 0.775241
-0.259719 0.779933
-0.263626 0.77944
-0.265377 0.784123
-0.269133 0.794456
-0.270873 0.799143
-0.271873 0.802397
-0.273613 0.807085
-0.278623 0.814112
-0.28042 0.818778
-0.277863 0.815912
-0.279637 0.820587
-0.280821 0.827274
-0.282588 0.831952
-0.282303 0.843154
-0.284082 0.847827
-0.288661 0.852556
-0.290442 0.857228
-0.292558 0.858527
-0.294336 0.863201
-0.296006 0.871063
-0.297779 0.875738
-0.295333 0.869419
-0.297088 0.874101
-0.301672 0.882907
-0.303443 0.887583
-0.30491 0.893973
-0.306663 0.898656
-0.310465 0.904165
-0.312282 0.908823
-0.309018 0.911368
-0.312842 0.921147
-0.313321 0.927579
-0.31548 0.933177
-0.321897 0.933778
-0.32405 0.939378
-0.327329 0.949182
-0.329483 0.954782
-0.331288 0.961469
-0.33344 0.96707
-0.336213 0.964827
-0.338356 0.970431
-0.336187 0.973337
-0.338351 0.978933
-0.346204 0.995817
-0.348353 1.00142
-0.344878 0.998925
-0.347034 1.00452
-0.347683 1.01163
-0.349847 1.01723
-0.351489 1.02434
-0.353649 1.02994
-0.362163 1.03718
-0.364342 1.04277
-0.366829 1.04173
-0.369013 1.04732
-0.369318 1.05955
-0.371508 1.06514
-0.373423 1.06845
-0.375597 1.07405
-0.377814 1.07962
-0.379185 1.08122
-0.381468 1.08677
-0.380694 1.08823
-0.383104 1.09373
-0.385471 1.09898
-0.388014 1.10441
-0.38958 1.10961
-0.392211 1.115
-0.392113 1.12234
-0.394873 1.12767
-0.398703 1.13398
-0.401543 1.13927
-0.402097 1.14378
-0.405068 1.149
-0.409626 1.15643
-0.41269 1.16159
-0.412577 1.16513
-0.415761 1.17021
-0.422757 1.17716
-0.426102 1.18214
-0.424328 1.18684
-0.427845 1.19171
-0.431868 1.19482
-0.435546 1.19956
-0.440453 1.19952
-0.444327 1.2041
-0.445802 1.21401
-0.449897 1.21839
-0.4501 1.21978
-0.454369 1.22399
-0.458045 1.23412
-0.462468 1.23818
-0.472742 1.24086
-0.480055 1.24867
-0.484746 1.25241
-0.484787 1.25475
-0.48953 1.25842
-0.495321 1.26126
-0.500135 1.26484
-0.501661 1.27147
-0.506551 1.27495
-0.513098 1.27868
-0.518035 1.28209
-0.519679 1.28521
-0.524685 1.28851
-0.531043 1.29173
-0.536136 1.2949
-0.538814 1.29927
-0.543962 1.30236
-0.546891 1.30942
-0.552085 1.31242
-0.55817 1.30879
-0.56342 1.3117
-0.569322 1.31954
-0.57463 1.32233
-0.577079 1.32199
-0.582448 1.32467
-0.589641 1.32745
-0.595053 1.33004
-0.599524 1.33765
-0.604994 1.34011
-0.611608 1.33869
-0.617118 1.34106
-0.622501 1.33934
-0.628052 1.34161
-0.629632 1.35408
-0.635227 1.35625
-0.641321 1.35824
-0.646953 1.36031
-0.658724 1.35882
-0.664396 1.36078
-0.670333 1.36449
-0.676041 1.36634
-0.674979 1.3671
-0.680727 1.36882
-0.68363 1.37639
-0.689409 1.378
-0.699213 1.37324
-0.705027 1.37472
-0.710207 1.3794
-0.716031 1.38084
-0.719051 1.37521
-0.724864 1.3767
-0.732882 1.38784
-0.738695 1.38933
-0.746533 1.39012
-0.752339 1.39163
-0.756505 1.38978
-0.762328 1.39122
-0.767974 1.39213
-0.773795 1.39358
-0.778625 1.39914
-0.784444 1.4006
-0.787154 1.39449
-0.792976 1.39594
-0.802642 1.40348
-0.808456 1.40496
-0.807955 1.40812
-0.813756 1.40965
-0.821852 1.40993
-0.827648 1.41148
-0.832873 1.41064
-0.838669 1.41219
-0.846493 1.41717
-0.852292 1.4187
-0.863337 1.41779
-0.869136 1.41933
-0.870161 1.42187
-0.875966 1.42339
-0.881817 1.42255
-0.887614 1.42409
-0.892203 1.42165
-0.898008 1.42317
-0.903816 1.42467
-0.905525 1.42884
-0.916579 1.42915
-0.922415 1.43054
-0.926989 1.43494
-0.932861 1.43617
-0.93578 1.44125
-0.941697 1.44225
-0.948659 1.44112
-0.954614 1.44186
-0.958097 1.44943
-0.964077 1.44992
-0.97397 1.44732
-0.979965 1.44756
-0.980751 1.44643
-0.986751 1.44643
-0.997152 1.45019
-1.00315 1.45008
-1.01023 1.44654
-1.01622 1.44627
-1.0233 1.45338
-1.02929 1.45302
-1.03078 1.4513
-1.03676 1.45081
-1.04183 1.44808
-1.0478 1.44747
-1.05087 1.44942
-1.05683 1.44869
-1.06865 1.44622
-1.07459 1.44538
-1.07873 1.44773
-1.08464 1.44675
-1.08262 1.44664
-1.08852 1.44557
-1.09856 1.44402
-1.10443 1.4428
-1.11457 1.4399
-1.12041 1.43857
-1.12307 1.43734
-1.12888 1.43587
-1.13202 1.43357
-1.13782 1.43201
-1.14961 1.43342
-1.15537 1.43175
-1.16005 1.42931
-1.16577 1.4275
-1.17216 1.42499
-1.17782 1.42298
-1.18115 1.4229
-1.18672 1.42068
-1.19105 1.42381
-1.1965 1.4213
-1.20329 1.41778
-1.20864 1.41506
-1.21567 1.41533
-1.22089 1.41238
-1.21915 1.41054
-1.22425 1.4074
-1.23643 1.4003
-1.24141 1.39695
-1.24859 1.39787
-1.25342 1.39431
-1.25311 1.39704
-1.25781 1.39332
-1.2663 1.38812
-1.27085 1.38421
-1.2751 1.38392
-1.2795 1.37984
-1.27914 1.36877
-1.28338 1.36452
-1.29128 1.36435
-1.29529 1.35989
-1.30072 1.35342
-1.30469 1.34892
-1.30609 1.35067
-1.30994 1.34608
-1.31379 1.34371
-1.31754 1.33902
-1.32306 1.33074
-1.32672 1.32599
-1.33509 1.32163
-1.33864 1.3168
-1.33613 1.31445
-1.33958 1.30954
-1.34748 1.30742
-1.35086 1.30247
-1.35253 1.29602
-1.35577 1.29097
-1.3566 1.28886
-1.35972 1.28374
-1.3689 1.27477
-1.37184 1.26953
-1.37347 1.27093
-1.3762 1.26559
-1.38379 1.2587
-1.38627 1.25323
-1.38065 1.24998
-1.38286 1.2444
-1.391 1.24647
-1.39299 1.24081
-1.39869 1.22695
-1.40045 1.22122
-1.39917 1.21679
-1.40077 1.21101
-1.39967 1.20657
-1.40101 1.20072
-1.40845 1.19256
-1.40958 1.18667
-1.41397 1.1831
-1.41488 1.17717
-1.41221 1.17702
-1.41287 1.17105
-1.41746 1.15754
-1.4179 1.15155
-1.41783 1.14861
-1.41802 1.14262
-1.41722 1.13799
-1.41723 1.13199
-1.42281 1.12502
-1.42258 1.11902
-1.41831 1.11334
-1.41783 1.10736
-1.42192 1.10627
-1.4212 1.10031
-1.42389 1.0871
-1.42293 1.08118
-1.42109 1.08103
-1.41987 1.07515
-1.42002 1.06972
-1.4186 1.06389
-1.41814 1.05558
-1.4165 1.04981
-1.41126 1.04453
-1.40939 1.03884
-1.4133 1.03677
-1.4112 1.03115
-1.40695 1.02467
-1.40466 1.01913
-1.40085 1.00866
-1.3983 1.00323
-1.40352 1.00557
-1.40076 1.00025
-1.39612 0.987407
-1.39312 0.982212
-1.39468 0.983386
-1.39145 0.978325
-1.39148 0.975759
-1.38805 0.970833
-1.38056 0.96057
-1.37693 0.955798
-1.37693 0.955798
-1.37104 0.948219
-1.36723 0.943583
-1.36682 0.944832
-1.36283 0.940349
-1.36192 0.930486
-1.35777 0.926158
-1.36053 0.920239
-1.35623 0.91606
-1.34205 0.907721
-1.34274 0.91064
-1.33817 0.906748
-1.32963 0.899395
-1.32499 0.895588
-1.3213 0.889766
-1.31658 0.886062
-1.30953 0.887488
-1.30472 0.883903
-1.30368 0.874372
-1.29877 0.87092
-1.29385 0.865176
-1.2839 0.858459
-1.28534 0.859803
-1.2804 0.856394
-1.27801 0.857706
-1.27305 0.854333
-1.27087 0.848687
-1.26594 0.845275
-1.25955 0.840906
-1.25461 0.837505
-1.25168 0.8369
-1.24673 0.833514
-1.23614 0.824879
-1.23117 0.821512
-1.22569 0.816984
-1.2199 0.813051
-1.21369 0.808836
-1.21894 0.805589
-1.21233 0.801083
-1.20569 0.80907
-1.19916 0.80445
-1.18941 0.797227
-1.18289 0.792594
-1.1752 0.784233
-1.16868 0.779602
-1.16726 0.778354
-1.16075 0.773706
-1.14849 0.767551
-1.14197 0.762916
-1.12722 0.754273
-1.12603 0.746471
-1.1187 0.741243
-1.1105 0.733503
-1.10322 0.728212
-1.09466 0.727123
-1.08738 0.721831
-1.07483 0.712802
-1.06754 0.707517
-1.06496 0.7064
-1.05768 0.701112
-1.05178 0.691856
-1.04447 0.686601
-1.04079 0.688554
-1.03354 0.683215
-1.01889 0.676097
-1.01165 0.670744
-1.00269 0.661395
-0.995458 0.656039
-0.987112 0.656836
-0.979868 0.651496
-0.979465 0.64138
-0.972189 0.636082
-0.965188 0.633704
-0.957919 0.628397
-0.946338 0.62718
-0.939094 0.62184
-0.931863 0.616481
-0.938413 0.607603
-0.931266 0.602134
-0.922455 0.598727
-0.915398 0.593142
-0.908554 0.587897
-0.901603 0.58218
-0.895832 0.579071
-0.888972 0.573246
-0.875205 0.566746
-0.868467 0.56078
-0.863191 0.553744
-0.856591 0.547625
-0.853572 0.54137
-0.847134 0.535081
-0.831888 0.521848
-0.825557 0.515451
-0.823993 0.51969
-0.817644 0.513311
-0.811532 0.507871
-0.805166 0.501509
-0.800701 0.491619
-0.794326 0.485266
-0.787884 0.478581
-0.781553 0.472184
-0.775507 0.467383
-0.769184 0.460978
-0.753601 0.448539
-0.753268 0.44495
-0.747063 0.438431
-0.732633 0.427316
-0.726518 0.420712
-0.724329 0.41636
-0.718379 0.409608
-0.715374 0.402958
-0.709587 0.396064
-0.695996 0.39519
-0.690338 0.388191
-0.683811 0.377272
-0.678291 0.370164
-0.68036 0.360963
-0.674957 0.353765
-0.662904 0.355484
-0.657668 0.348164
-0.651744 0.329134
-0.646638 0.321723
-0.645373 0.321776
-0.640405 0.314272
-0.62989 0.305549
-0.625126 0.297914
-0.622194 0.28666
-0.617527 0.278965
-0.613989 0.279564
-0.609512 0.271756
-0.602557 0.25524
-0.598205 0.247363
-0.59238 0.24048
-0.588218 0.2325
-0.57718 0.218675
-0.573308 0.210551
-0.577301 0.210656
-0.573608 0.202448
-0.568365 0.199111
-0.565023 0.190754
-0.559105 0.178744
-0.556098 0.170261
-0.550861 0.165189
-0.548208 0.156589
-0.548022 0.14525
-0.545719 0.13655
-0.541174 0.12937
-0.539339 0.120559
-0.535393 0.105885
-0.534071 0.0969828
-0.531989 0.093137
-0.531218 0.0841701
-0.530604 0.0725611
-0.53036 0.0635644
-0.527476 0.0573933
-0.527761 0.0483978
-0.525722 0.0347796
-0.526523 0.0258152
-0.525391 0.0173692
-0.526767 0.00847507
-0.524648 -0.00191301
-0.526523 -0.0107155
-0.525165 -0.0157819
-0.527569 -0.0244549
-0.530832 -0.0349081
-0.533754 -0.0434206
-0.540607 -0.0463128
-0.544132 -0.0545936
-0.543387 -0.0694
-0.547383 -0.0774644
-0.548714 -0.0861383
-0.553192 -0.0939451
-0.557008 -0.108574
-0.561926 -0.116112
-0.562722 -0.1216
-0.568053 -0.128851
-0.575624 -0.133757
-0.581389 -0.140668
-0.587309 -0.147447
-0.590191 -0.165228
-0.596314 -0.171824
-0.5969 -0.166166
-0.603119 -0.172672
-0.609619 -0.17979
-0.615999 -0.186137
-0.618742 -0.192598
-0.625246 -0.198819
-0.633766 -0.20327
-0.640392 -0.209362
-0.648449 -0.219773
-0.655198 -0.225726
-0.661726 -0.23092
-0.668579 -0.236753
-0.672884 -0.240095
-0.679781 -0.245876
-0.687693 -0.255632
-0.694646 -0.261346
-0.698426 -0.272963
-0.70539 -0.278664
-0.714155 -0.273554
-0.721146 -0.279221
-0.733681 -0.289954
-0.74066 -0.295638
-0.743991 -0.298273
-0.750966 -0.30396
-0.755659 -0.313138
-0.762623 -0.318839
-0.774139 -0.329603
-0.781092 -0.335318
-0.783444 -0.336229
-0.790411 -0.341927
-0.800643 -0.348027
-0.807633 -0.353697
-0.810388 -0.359256
-0.817371 -0.364934
-0.82596 -0.368669
-0.832941 -0.374349
-0.841407 -0.379633
-0.848383 -0.385318
-0.857249 -0.388003
-0.864232 -0.393681
-0.870329 -0.406016
-0.877348 -0.411649
-0.879179 -0.413436
-0.886167 -0.419109
-0.895349 -0.424387
-0.90233 -0.430068
-0.911854 -0.433506
-0.918818 -0.439207
-0.924967 -0.446641
-0.931943 -0.452328
-0.937534 -0.46079
-0.944537 -0.466443
-0.952693 -0.472635
-0.959653 -0.478341
-0.963438 -0.4818
-0.981033 -0.491634
-0.988798 -0.497936
-0.990155 -0.506861
-0.997863 -0.513233
-1.00703 -0.517582
-1.01476 -0.523928
-1.02809 -0.53465
-1.0358 -0.541025
-1.03885 -0.546045
-1.04658 -0.552395
-1.05629 -0.559604
-1.06401 -0.56595
-1.07421 -0.568998
-1.08193 -0.575352
-1.08854 -0.580527
-1.09628 -0.586862
-1.0986 -0.59561
-1.10633 -0.601949
-1.11168 -0.604773
-1.11942 -0.611103
-1.13326 -0.617209
-1.141 -0.623537
-1.14792 -0.627946
-1.15565 -0.634287
-1.16588 -0.64544
-1.17362 -0.651773
-1.17999 -0.657207
-1.18774 -0.66353
-1.19645 -0.669864
-1.20419 -0.676193
-1.21246 -0.678608
-1.2202 -0.684935
-1.22793 -0.691282
-1.23111 -0.696385
-1.23876 -0.702816
-1.24185 -0.705934
-1.24938 -0.712513
-1.25161 -0.717924
-1.25901 -0.724652
-1.27334 -0.731808
-1.28063 -0.738661
-1.28722 -0.742791
-1.29439 -0.749753
-1.29917 -0.756871
-1.30619 -0.763999
-1.31722 -0.774696
-1.3241 -0.781951
-1.32993 -0.785489
-1.34329 -0.800277
-1.34981 -0.807854
-1.35681 -0.817102
-1.36308 -0.824896
-1.36848 -0.826516
-1.37431 -0.834636
-1.38001 -0.841773
-1.3856 -0.850062
-1.39096 -0.858503
-1.39408 -0.862655
-1.39919 -0.87125
-1.4006 -0.875119
-1.40516 -0.884019
-1.40987 -0.894321
-1.41389 -0.903477
-1.42057 -0.906529
-1.42405 -0.915904
-1.42659 -0.922548
-1.42954 -0.932103
-1.44024 -0.947396
-1.44259 -0.957115
-1.45014 -0.964679
-1.45194 -0.974517
-1.44594 -0.980816
-1.44719 -0.990737
-1.45736 -0.99958
-1.45803 -1.00956
-1.46011 -1.01816
-1.46011 -1.02816
-1.45342 -1.04988
-1.45239 -1.05983
-1.45669 -1.06018
-1.45536 -1.07009
-1.45943 -1.07123
-1.45739 -1.08102
-1.45882 -1.09321
-1.45595 -1.10279
-1.45443 -1.1191
-1.4508 -1.12842
-1.44539 -1.13489
-1.44103 -1.14389
-1.44142 -1.15778
-1.43634 -1.16639
-1.43094 -1.16736
-1.42522 -1.17556
-1.42857 -1.18395
-1.42217 -1.19164
-1.41439 -1.20032
-1.40365 -1.21483
-1.39621 -1.22152
-1.3883 -1.23023
-1.38046 -1.23644
-1.37219 -1.25126
-1.36396 -1.25694
-1.35603 -1.25709
-1.34748 -1.26229
-1.34057 -1.26949
-1.33172 -1.27415
-1.32904 -1.27674
-1.31992 -1.28085
-1.31041 -1.28611
-1.29165 -1.29305
-1.28945 -1.29888
-1.27996 -1.30203
-1.27228 -1.30121
-1.26267 -1.30399
-1.25551 -1.31134
-1.2458 -1.31375
-1.23674 -1.31642
-1.22693 -1.3184
-1.22008 -1.32698
-1.21022 -1.32863
-1.20127 -1.32573
-1.19135 -1.327
-1.18225 -1.32801
-1.17229 -1.32889
-1.16112 -1.33265
-1.15113 -1.33314
-1.13406 -1.33441
-1.12406 -1.33452
-1.12168 -1.33788
-1.11169 -1.33755
-1.09928 -1.3351
-1.08931 -1.33436
-1.08286 -1.33781
-1.07291 -1.33675
-1.06423 -1.33394
-1.05435 -1.33245
-1.04475 -1.33419
-1.03492 -1.33234
-1.02272 -1.33162
-1.013 -1.32928
-1.00068 -1.32417
-0.991054 -1.32147
-0.984203 -1.32223
-0.974702 -1.31911
-0.965666 -1.32039
-0.956276 -1.31695
-0.945 -1.31192
-0.935781 -1.30804
-0.933296 -1.30549
-0.924224 -1.30129
-0.911715 -1.29962
-0.902837 -1.29502
-0.894727 -1.28331
-0.886018 -1.27839
-0.871622 -1.27589
-0.863148 -1.27058
-0.856687 -1.27097
-0.848381 -1.2654
-0.843445 -1.25712
-0.835381 -1.25121
-0.825429 -1.24402
-0.817614 -1.23778
-0.81414 -1.242
-0.806613 -1.23542
-0.792289 -1.22979
-0.785023 -1.22292
-0.785023 -1.22292
-0.778039 -1.21475
-0.763675 -1.20036
-0.756881 -1.19303
-0.750142 -1.18564
-0.750428 -1.18682
-0.743712 -1.17941
-0.734965 -1.17248
-0.728268 -1.16505
-0.721524 -1.15872
-0.714814 -1.1513
-0.715108 -1.14487
-0.708393 -1.13746
-0.698868 -1.12613
-0.692128 -1.11874
-0.683579 -1.11049
-0.676877 -1.10307
-0.670522 -1.10477
-0.663813 -1.09736
-0.653082 -1.07731
-0.646826 -1.07285
-0.639398 -1.06474
-0.634002 -1.04854
-0.626593 -1.04041
-0.616738 -1.03556
-0.609349 -1.02741
-0.602063 -1.01554
-0.59465 -1.00742
-0.585742 -1.00699
-0.578356 -0.998841
-0.574441 -0.992875
-0.567193 -0.9846
-0.555731 -0.9701
-0.548603 -0.961722
-0.541542 -0.957505
-0.534583 -0.948986
-0.525505 -0.932052
-0.518683 -0.923423
-0.512618 -0.922099
-0.505811 -0.913458
-0.499531 -0.907954
-0.492687 -0.899343
-0.483689 -0.888585
-0.483689 -0.888585
-0.476878 -0.879947
-0.470015 -0.868479
-0.463213 -0.859834
-0.459082 -0.850818
-0.452253 -0.842194
-0.442925 -0.837608
-0.436093 -0.828986
-0.430302 -0.820123
-0.423485 -0.81149
-0.418369 -0.802785
-0.411556 -0.794149
-0.403348 -0.783483
-0.396513 -0.774864
-0.391633 -0.767699
-0.384847 -0.759041
-0.377253 -0.752296
-0.37039 -0.743699
-0.36169 -0.729314
-0.354842 -0.720706
-0.352045 -0.71944
-0.345206 -0.710825
-0.333922 -0.696923
-0.327074 -0.688315
-0.323669 -0.676944
-0.303885 -0.660829
-0.297123 -0.652154
-0.29924 -0.64272
-0.292607 -0.633944
-0.284877 -0.626771
-0.278446 -0.617847
-0.262367 -0.611078
-0.249831 -0.593
-0.249831 -0.593
-0.256054 -0.594753
-0.249769 -0.585725
-0.240991 -0.574293
-0.234711 -0.565262
-0.234701 -0.558726
-0.22847 -0.549661
-0.216474 -0.537489
-0.210219 -0.52844
-0.208347 -0.524841
-0.202085 -0.515797
-0.195769 -0.508527
-0.189497 -0.49949
-0.183697 -0.485019
-0.177419 -0.475987
-0.165608 -0.459674
-0.165608 -0.459674
-0.15822 -0.451251
-0.151926 -0.44223
-0.145029 -0.437566
-0.128636 -0.415668
-0.122434 -0.406583
-0.117738 -0.397441
-0.111662 -0.388271
-0.102209 -0.379803
-0.0963196 -0.370512
-0.0943392 -0.356983
-0.0885815 -0.34761
-0.0821824 -0.342171
-0.076581 -0.332704
-0.0741823 -0.323518
-0.0688172 -0.313915
-0.0599787 -0.305945
-0.0548455 -0.296216
-0.0524622 -0.286205
-0.0474749 -0.276401
-0.0390227 -0.26674
-0.0342006 -0.256853
-0.0285566 -0.250346
-0.0239324 -0.240365
-0.0195989 -0.225273
-0.0152044 -0.215189
-0.0094455 -0.209391
-0.00526441 -0.199216
0.00223811 -0.19163
0.00625503 -0.18139
0.00526764 -0.170571
0.00906788 -0.160248
0.0166123 -0.148987
0.0202273 -0.138598
0.0186615 -0.132186
0.022055 -0.121722
0.027975 -0.106968
0.0311972 -0.0964501
0.03802 -0.0866269
0.0410442 -0.0760507
0.0434158 -0.0699763
0.0462457 -0.0593465
0.0497757 -0.0428113
0.0497757 -0.0428113
0.0525247 -0.0357907
0.0525247 -0.0357907
0.0525247 -0.0357907
0.0567801 -0.0275328
0.0567801 -0.0275328
0.0558152 -0.0279358
0.0558152 -0.0279358
0.0503175 -0.0272065
0.0503175 -0.0272065
0.0640958 -0.0282091
0.060818 -0.0290948
0.060818 -0.0290948
0.0522215 -0.0262705
0.0522215 -0.0262705
0.0553185 -0.0251446
0.0553185 -0.0251446
0.058281 -0.0270875
0.058281 -0.0270875
0.0566469 -0.0251247
0.0566469 -0.0251247
0.0572122 -0.0242892
0.0572122 -0.0242892
0.0553863 -0.0231873
0.0553863 -0.0231873
0.0550147 -0.0301296
0.0550147 -0.0301296
0.0578042 -0.0245688
0.0578042 -0.0245688
0.0572334 -0.0242555
0.0572334 -0.0242555
0.0561442 -0.0260573
0.0561442 -0.0260573
0.0561442 -0.0260573
0.0561442 -0.0260573
0.0561442 -0.0260573
0.0561442 -0.0260573
0.0561442 -0.0260573
0.0561442 -0.0260573
0.0561442 -0.0260573
0.0561442 -0.0260573
0.0561442 -0.0260573
0.0561442 -0.0260573
0.0561442 -0.0260573
0.0561442 -0.0260573
0.0561442 -0.0260573
0.0561442 -0.0260573
0.0561442 -0.0260573
0.0561442 -0.0260573
0.0561442 -0.0260573
0.0561442 -0.0260573
0.0561442 -0.0260573
0.0561442 -0.0260573
0.0561442 -0.0260573
0.0561442 -0.0260573
0.0561442 -0.0260573
0.0561442 -0.0260573
0.0561442 -0.0260573
0.0561442 -0.0260573
0.0561442 -0.0260573
0.0561442 -0.0260573
0.0561442 -0.0260573
0.0561442 -0.0260573
0.0561442 -0.0260573
0.0561442 -0.0260573
