0
0
0
0
0
0
0
0
0
0
0
0
0
0
0
0
0
0
0
0
0
0
0
0
0
0
0
0
0
0
0
0
0
0
0
0
0
0
0
0
0
0
0
0
0
0
0
0
0
0
0
0
0
0
0
0
0
0
0
0
0
0
0
0
0
0
0
0
0
0
0
0
0
0
0
0.00086708
0.000915042
0.0294617
0.0295095
0.0274482
0.0274948
0.0288064
0.0288702
0.0331374
0.033185
0.0308767
0.0309079
0.0309624
0.0310095
0.0304995
0.0305467
0.0269217
0.0269525
0.0313747
0.0314055
0.03289
0.0329207
0.0300692
0.0300999
0.0311538
0.0312003
0.0330946
0.0331172
0.0267891
0.0267451
0.0271318
0.0270181
0.0286842
0.0285401
0.0289625
0.0288173
0.0235186
0.0234436
0.0324598
0.0323795
0.0266014
0.0264354
0.0308835
0.0307405
0.0290096
0.0288286
0.0268939
0.0263718
0.0280138
0.0274654
0.0294661
0.0291428
0.0287314
0.0285365
0.0260013
0.0257364
0.0281656
0.0278933
0.0302218
0.0300155
0.0339083
0.0337686
0.0278305
0.0276885
0.028392
0.0281023
0.0284311
0.0282869
0.0337505
0.0334582
0.0273092
0.0270114
0.0280662
0.0278465
0.0334588
0.0332401
0.0297522
0.02954
0.0292573
0.0289873
0.0307806
0.0306532
0.0257792
0.025601
0.0312737
0.031128
0.0292583
0.0295537
0.0327411
0.0330074
0.0338119
0.0337626
0.0256838
0.0256108
0.02757
0.0275014
0.0304273
0.0303289
0.0295962
0.0294673
0.0260977
0.0259988
0.0312728
0.0311683
0.03421
0.0340991
0.0277709
0.0276321
0.02928
0.0291204
0.0278507
0.0276247
0.034853
0.0345884
0.0294157
0.030372
0.0301089
0.0309133
0.0308179
0.0294827
0.0294857
0.0283588
0.0283615
0.0241221
0.0236259
0.0307789
0.0320686
0.0279709
0.0264806
0.0298413
0.0288809
0.029848
0.0308735
0.0332298
0.0322347
0.0271289
0.0271541
0.0295894
0.0306069
0.0315962
0.0324602
0.0324362
0.0313787
0.0303513
0.0292939
0.0281967
0.0319546
0.030874
0.0283047
0.0291579
0.0277316
0.0286033
0.0322927
0.0287233
0.0276439
0.0307412
0.0296846
0.0223363
0.0232388
0.0256659
0.0246238
0.027052
0.0280245
0.0300628
0.0300454
0.0310876
0.0309083
0.0293743
0.0326915
0.0327175
0.0281097
0.0281527
0.0345162
0.0345655
0.034641
0.0346833
0.0299275
0.0298934
0.0322858
0.0317451
0.0302827
0.0302464
0.0344448
0.0356098
0.0311042
0.0310476
0.0334529
0.0320777
0.0306858
0.0263999
0.0242355
0.030426
0.0321058
0.0325247
0.0342389
0.028895
0.0272812
0.0256186
0.025669
0.0197642
0.0214589
0.0239352
0.0219446
0.0249706
0.0249377
0.0187293
0.0201225
0.0223927
0.0239659
0.0240155
0.0255662
0.0288918
0.0288883
0.0228269
0.0228438
0.0257309
0.0257695
0.0280605
0.0264454
0.024748
0.0231262
0.0276856
0.0273426
0.0240639
0.0256904
0.0284949
0.0283899
0.026049
0.0243135
0.0254481
0.0254054
0.0243769
0.0259893
0.0239841
0.0256848
0.0280925
0.0281243
0.0317494
0.0335132
0.0275019
0.0292492
0.0239731
0.0223237
0.0244452
0.0241351
0.0283424
0.0283035
0.027874
0.0261272
0.0275946
0.0275476
0.0297275
0.0280358
0.0274364
0.0257461
0.0242567
0.0242833
0.0242812
0.022613
0.0268993
0.0286639
0.0211873
0.021199
0.0350161
0.0345792
0.0236004
0.0219296
0.0265142
0.0279485
0.0285402
0.0284909
0.0295181
0.0294858
0.0303227
0.0286219
0.0234592
0.0251227
0.0252595
0.0235853
0.0195176
0.0212234
0.0201187
0.0218707
0.0311021
0.0307245
0.0266021
0.0265642
0.024842
0.0247701
0.0271523
0.027085
0.0260238
0.0243562
0.0240325
0.0256941
0.0279654
0.0296708
0.0293801
0.0311183
0.0288826
0.0289321
0.0278463
0.026179
0.0257975
0.0257948
0.0283043
0.0279143
0.0248513
0.0248153
0.0313689
0.0312409
0.0256758
0.0256285
0.0249405
0.0232931
0.0252879
0.0236411
0.0284141
0.0267762
0.0262877
0.0280262
0.0301475
0.0301978
0.0242508
0.0259904
0.0274227
0.0269519
0.0235076
0.023474
0.0319343
0.0300831
0.0282741
0.0282194
0.0233551
0.023317
0.0218197
0.0218042
0.0247112
0.0247218
0.0218936
0.0219277
0.0337117
0.0337626
0.0288973
0.0289402
0.0292164
0.0273908
0.0253582
0.0251689
0.0276162
0.023751
0.0228699
0.022252
0.0244875
0.0244461
0.0221351
0.0221267
0.0192428
0.0192592
0.0264093
0.0285056
0.030515
0.0326153
0.018007
0.0179648
0.0272318
0.0251246
0.0264205
0.0282346
0.0251259
0.0270611
0.0227078
0.0206481
0.0268615
0.0268608
0.0232762
0.0212577
0.0255456
0.0235394
0.0255837
0.0295444
0.0274628
0.0340147
0.0335616
0.0316582
0.0313457
0.0317862
0.0297021
0.0310552
0.0329149
0.029405
0.031309
0.0330931
0.0310103
0.0282243
0.0281795
0.0313061
0.0312801
0.0275075
0.0293038
0.0322091
0.0300463
0.0308529
0.030335
0.0329549
0.0326851
0.0315191
0.0293378
0.0320453
0.0337603
0.0280548
0.0297873
0.0243934
0.0213579
0.0210802
0.027271
0.0251737
0.0268989
0.0248383
0.0273354
0.025262
0.0237266
0.0236787
0.0264758
0.0263773
0.023113
0.0248654
0.028104
0.0259349
0.0239575
0.0254174
0.0295218
0.027407
0.0262621
0.0241562
0.0280475
0.0279773
0.0283021
0.0262448
0.0249162
0.0248874
0.0254392
0.0274297
0.0277085
0.0273598
0.0261186
0.0259572
0.0253562
0.0271785
0.0205993
0.0224577
0.0193489
0.0212524
0.0258384
0.0277853
0.0270799
0.0290241
0.0267334
0.0266649
0.0257986
0.0235729
0.0288376
0.0288319
0.023544
0.0234374
0.0195757
0.0214949
0.0259681
0.0239178
0.0242517
0.0262791
0.0241212
0.0261892
0.0294249
0.0294606
0.0238368
0.0218052
0.0290835
0.0309863
0.0269089
0.0289306
0.027943
0.0278792
0.0271037
0.0270623
0.0205279
0.0205049
0.0268437
0.0248089
0.027479
0.0254625
0.0281169
0.0281505
0.0299331
0.0303394
0.0273685
0.0272739
0.0252684
0.0270891
0.0269775
0.0286651
0.0258561
0.0276248
0.0272275
0.0270178
0.0230252
0.0228327
0.027917
0.0273463
0.0223113
0.0241161
0.0212574
0.0192817
0.0199918
0.0219323
0.0241535
0.0261448
0.0249142
0.0269176
0.0278627
0.0258707
0.0217107
0.0196521
0.0234841
0.0253115
0.0311552
0.0329952
0.0287013
0.0265867
0.0220545
0.0239641
0.0270827
0.0250366
0.029601
0.027593
0.0239314
0.0239075
0.0247912
0.0246585
0.0237471
0.0216437
0.0237988
0.023065
0.0250923
0.0248772
0.0230566
0.0228646
0.0242297
0.0220716
0.0287111
0.0285481
0.0221917
0.0199857
0.0176821
0.0194067
0.0251093
0.0268594
0.0208857
0.0226721
0.0271916
0.0250697
0.0267326
0.024755
0.0255764
0.0234313
0.0204718
0.0216407
0.0254475
0.027269
0.0266942
0.0265611
0.0226743
0.0245495
0.0195294
0.0194467
0.0272963
0.0252627
0.0244888
0.0244496
0.0242428
0.024083
0.0255382
0.0269285
0.0180859
0.0198231
0.0240414
0.025484
0.0217997
0.021577
0.0252132
0.0269268
0.0309925
0.0327649
0.0236186
0.0231002
0.0229663
0.0247119
0.0249169
0.0247678
0.0221438
0.0200119
0.0215273
0.0213872
0.0256238
0.0274603
0.0212407
0.0211147
0.0220498
0.0216075
0.0226869
0.0205864
0.0209435
0.0226653
0.0228417
0.022646
0.0272441
0.0250813
0.0182953
0.0181097
0.0253679
0.0232171
0.0236766
0.0233906
0.0210324
0.0208507
0.0186096
0.0203724
0.0230327
0.0268252
0.023311
0.0231911
0.0179124
0.0195505
0.0269053
0.0282368
0.0183335
0.0179914
0.0274685
0.0252746
0.0288487
0.0286326
0.0198484
0.0215814
0.0293414
0.023632
0.021581
0.0301242
0.0319371
0.0292112
0.02688
0.0326803
0.0305503
0.0201189
0.0285011
0.0264543
0.0230614
0.0227378
0.0217141
0.0196627
0.0238337
0.0256559
0.0218368
0.0237239
0.0201586
0.0136875
0.0234818
0.0214117
0.0263009
0.0283433
0.0292659
0.0293013
0.027607
0.0255911
0.0288466
0.0288255
0.0210089
0.0209915
0.0179528
0.0191948
0.0208616
0.0287875
0.0305612
0.0342544
0.0369584
0.0301227
0.0328746
0.0296887
0.0269896
0.0357818
0.0329555
0.0301888
0.0274613
0.0186925
0.0208101
0.0172691
0.0181019
0.0211133
0.0192457
0.0223532
0.0128665
0.0158974
0.0190353
0.0190191
0.0209126
0.017824
0.0275817
0.024506
0.0209051
0.0179138
0.0108929
0.013876
0.0209413
0.0180348
0.0161282
0.0221168
0.0210422
0.0208565
0.0209461
0.0209245
0.0209278
0.0258667
0.02896
0.0318471
0.028816
0.0322154
0.0292089
0.0317813
0.0318594
0.0262619
0.0291592
0.0295598
0.0296665
0.0293177
0.0324693
0.0181198
0.0181207
0.031949
0.0288875
0.0328112
0.0297678
0.0285289
0.0283145
0.0250743
0.0280531
0.0293561
0.0293008
0.0154525
0.0275766
0.024566
0.015707
0.0158028
0.0232731
0.0202426
0.0253687
0.0224107
0.0227428
0.0226602
0.0186776
0.0217194
0.0217065
0.0218029
0.0255293
0.0286534
0.0151535
0.0183891
0.0236097
0.0205995
0.0197053
0.0227135
0.0173526
0.0144189
0.0253067
0.0284859
0.0166496
0.0199077
0.0202579
0.0172842
0.0125892
0.00953015
0.0227919
0.0198155
0.0270027
0.0240511
0.0200041
0.0201956
0.02333
0.0235087
0.0214011
0.0214247
0.0225793
0.0228063
0.0200789
0.0171141
0.0254668
0.0225938
0.0234055
0.0235074
0.0231483
0.0233724
0.0190903
0.0193433
0.0204073
0.0176318
0.0204734
0.0207616
0.0287724
0.0258394
0.0270445
0.0238155
0.0281824
0.0284885
0.0236022
0.023906
0.0279173
0.025037
0.0228983
0.0199878
0.0214276
0.0278311
0.0254637
0.0289369
0.0260825
0.0236475
0.023398
0.0353361
0.0322766
0.0347427
0.031713
0.0314106
0.0344845
0.0342936
0.037536
0.0337213
0.0338597
0.0315108
0.0313738
0.03467
0.0345371
0.0312093
0.0282211
0.0309594
0.0339496
0.0353696
0.0385025
0.0279742
0.0310497
0.0325784
0.0353737
0.0318933
0.0289009
0.0252695
0.0282736
0.0316849
0.0347681
0.0288292
0.0319609
0.0325354
0.0354475
0.0320305
0.0347718
0.0307226
0.0337154
0.03119
0.0342287
0.0307496
0.0277246
0.034223
0.0342808
0.0297811
0.0325828
0.0348471
0.03165
0.0310688
0.0340742
0.0304741
0.033525
0.032298
0.0292855
0.0363052
0.025369
0.0214203
0.0245906
0.0242602
0.0206154
0.0238167
0.0135299
0.0167669
0.0183723
0.0216286
0.0195318
0.0195727
0.0223766
0.0188326
0.0236515
0.020219
0.0235577
0.0268703
0.0306857
0.030737
0.0224682
0.0259225
0.0275943
0.027417
0.0223388
0.0222859
0.0205123
0.023884
0.019713
0.0231589
0.0219129
0.0253679
0.0220074
0.0260742
0.025706
0.0345144
0.0310273
0.0326158
0.0391158
0.029974
0.0299316
0.0322771
0.0356353
0.0337987
0.0334244
0.0278827
0.0244932
0.0309331
0.0176483
0.0208263
0.0225536
0.0191278
0.0273586
0.0270388
0.0277091
0.0241909
0.0271777
0.0283418
0.028048
0.0369894
0.0367039
0.0318817
0.031465
0.0379399
0.0376831
0.0402544
0.0367763
0.0313943
0.0311677
0.0315942
0.0278111
0.0360622
0.0325318
0.0346131
0.0310279
0.0288696
0.0318463
0.0210627
0.0207637
0.0254252
0.0314358
0.0399427
0.0396126
0.0341387
0.0369352
0.0303576
0.0298791
0.0284402
0.031223
0.0246352
0.0242751
0.0339762
0.033638
0.0342011
0.03375
0.0317626
0.0232754
0.0230236
0.0207218
0.0202111
0.013664
0.0133448
0.0199266
0.0165231
0.0191757
0.0189543
0.0248503
0.0246732
0.0202168
0.0138962
0.0149852
0.0146758
0.0180108
0.0178628
0.021005
0.0208126
0.0211485
0.0210044
0.0227321
0.0223248
0.0234522
0.023299
0.0239931
0.0205309
0.0220524
0.0185357
0.011217
0.0143357
0.0215523
0.0212895
0.015265
0.0184364
0.0187926
0.0186425
0.0195588
0.0162082
0.0200527
0.019574
0.0172967
0.0203432
0.0136369
0.0102492
0.0167947
0.0166371
0.0220179
0.0185574
0.0192556
0.0157367
0.0222201
0.0218193
0.0195244
0.0192882
0.017293
0.0171815
0.0154853
0.0119218
0.0197134
0.0162008
0.0208609
0.0207466
0.0183366
0.018036
0.0237223
0.0235074
0.0192332
0.0189413
0.0285877
0.024376
0.0171545
0.0170287
0.01699
0.0315187
0.028146
0.0303817
0.0302543
0.0277133
0.0244192
0.0327304
0.0327279
0.0279697
0.031436
0.0262173
0.022956
0.0337336
0.0367127
0.0207522
0.026949
0.0230208
0.022626
0.0226537
0.0191963
0.0192622
0.0206637
0.0168653
0.0247954
0.0247291
0.0285119
0.0284053
0.017143
0.0208161
0.0203725
0.0203362
0.0124899
0.0121391
0.0179451
0.0142879
0.0207918
0.0244978
0.0178956
0.0325535
0.0326093
0.0301814
0.0299329
0.0274139
0.0273501
0.029148
0.0328395
0.0332154
0.0332578
0.0342297
0.0305246
0.0279472
0.027698
0.0299467
0.0298905
0.0346548
0.0309255
0.0289482
0.0252434
0.0299611
0.0372714
0.0301347
0.0300359
0.0300404
0.016177
0.01246
0.0177698
0.0177602
0.0143346
0.0178434
0.0107674
0.00484488
0.0171551
0.0288083
0.0251548
0.0253926
0.0254166
0.0311842
0.0312264
0.025105
0.0250499
0.0318897
0.0318376
0.0369555
0.0332082
0.0328949
0.0291966
0.0238454
0.0310178
0.0306677
0.0305799
0.0374564
0.0175119
0.0211417
0.0217697
0.0217097
0.0207373
0.0205359
0.0187255
0.0149728
0.0175981
0.0174427
0.019394
0.0193062
0.0150508
0.0185814
0.0232237
0.0231117
0.017659
0.0212987
0.0202226
0.0237571
0.0154342
0.0117688
0.0185953
0.0183254
0.0198552
0.019743
0.0204777
0.0204277
0.0182862
0.0218225
0.0271823
0.0233844
0.0217555
0.0179633
0.0174416
0.0173596
0.0182485
0.0218046
0.0158617
0.030441
0.0293587
0.0373843
0.0390205
0.0310264
0.0310242
0.0315556
0.0315521
0.0321652
0.0321577
0.0315948
0.032293
0.0322809
0.0306565
0.030644
0.0288189
0.0288061
0.0303285
0.0303189
0.0285377
0.0285314
0.0276142
0.0276079
0.0268121
0.0267995
0.0336797
0.0336735
0.0277698
0.0277574
0.0275031
0.0274939
0.0294224
0.0294134
0.0294104
0.0294104
0.0294104
0.0294104
0.0294104
0.0294104
0.0294104
0.0294104
0.0294104
0.0294104
0.0294104
0.0294104
0.0294104
0.0294104
0.0294104
0.0294104
0.0294104
0.0294104
0.0294104
0.0294104
0.0294104
0.0294104
0.0294104
0.0294104
0.0294104
0.0294104
0.0294104
0.0294104
0.0294104
0.0294104
0.0294104
0.0294104
