0 0
0 0
0 0
0 0
0 0
0 0
0 0
0 0
0 0
0 0
0 0
0 0
0 0
0 0
0 0
0 0
0 0
0 0
0 0
0 0
0 0
0 0
0 0
0 0
0 0
0 0
0 0
0 0
0 0
0 0
0 0
0 0
0 0
0 0
0 0
0 0
0 0
0 0
0 0
0 0
0 0
0 0
0 0
0 0
0.000898741 0.0335033
0.000946666 0.0335512
0.000994535 0.032933
0.00102658 0.0329649
0.00109011 0.034237
0.00112207 0.0342689
0.00118545 0.0344925
0.00121734 0.0345244
0.00124921 0.0318153
0.0013124 0.0318785
0.00135984 0.0347658
0.00140724 0.0348132
0.00147019 0.0355964
0.00151746 0.0356436
0.0015491 0.032928
0.00158071 0.0329596
0.0016434 0.0333568
0.00167494 0.0333884
0.00173748 0.0357389
0.00178445 0.0357858
0.00183135 0.0353747
0.00189366 0.035437
0.00194044 0.0346668
0.00197175 0.0346981
0.00203384 0.034344
0.00206508 0.0343753
0.00210452 0.0303194
0.00209359 0.0303087
0.00203934 0.0275383
0.00193997 0.0274394
0.00178841 0.0291468
0.00171455 0.0290726
0.00157134 0.03189
0.00146522 0.0317823
0.00139413 0.0299971
0.00125174 0.0298508
0.00117905 0.0285537
0.00106914 0.0284381
0.00095763 0.0270566
0.000808203 0.0268913
0.000697955 0.0292532
0.000626794 0.0291635
0.000501596 0.0296129
0.000454324 0.0295137
0.000425095 0.0292263
0.000505363 0.0290106
0.00089757 0.027991
0.00139386 0.0274588
0.00174642 0.0273808
0.00247456 0.026641
0.00298022 0.0300605
0.0033152 0.0297249
0.00350864 0.0278902
0.00370412 0.0276947
0.00390147 0.0276533
0.00410114 0.0274536
0.00437036 0.0291453
0.00457547 0.02894
0.00471412 0.0291083
0.00499198 0.0288296
0.00513272 0.0297928
0.00534401 0.0295803
0.00555657 0.0287814
0.00584094 0.0284942
0.0059848 0.0277572
0.00612898 0.027611
0.00641594 0.0320474
0.00656077 0.0318999
0.0068485 0.0278953
0.00706478 0.0276736
0.00728072 0.02761
0.00749601 0.0273878
0.00778016 0.0299504
0.00792213 0.029803
0.00806318 0.0301546
0.00833947 0.029866
0.00854252 0.0290425
0.00874065 0.0288333
0.00899553 0.0290729
0.00911988 0.0289403
0.00935801 0.030018
0.0094733 0.0298942
0.0096403 0.0296719
0.00979951 0.0294989
0.00994095 0.0307426
0.00995689 0.0307249
0.00970703 0.02827
0.00945105 0.0285565
0.00913636 0.0293332
0.00896488 0.0295302
0.00896625 0.0272552
0.00904705 0.0271561
0.00913696 0.0277266
0.00922476 0.0276171
0.00930905 0.0303213
0.00936347 0.0302522
0.00946724 0.0316198
0.00954228 0.031522
0.00961583 0.0288707
0.00968862 0.0287738
0.0097853 0.0290972
0.00985885 0.028997
0.00993374 0.0316118
0.00998487 0.0315406
0.0100628 0.0291781
0.0101419 0.0290659
0.010269 0.0302924
0.0103385 0.0301945
0.0104856 0.0288432
0.0105795 0.0287093
0.010734 0.0322618
0.0109017 0.0320218
0.0111453 0.0317688
0.0113442 0.0314833
0.0115563 0.0282278
0.0117392 0.0279641
0.0118347 0.0277681
0.0118866 0.0276933
0.0118999 0.031806
0.0118991 0.0318091
0.0118986 0.0288387
0.0118976 0.0288414
0.0118964 0.0279402
0.0122204 0.0274435
0.0128155 0.0274874
0.0129344 0.0272275
0.0136164 0.0276843
0.0144784 0.0264911
0.0139784 0.0290592
0.0138367 0.0290603
0.0136918 0.0296532
0.0126989 0.0306595
0.0125404 0.0312076
0.0132448 0.030248
0.01222 0.0309515
0.0129426 0.0299943
0.0127954 0.0281093
0.0153238 0.0251408
0.0142914 0.0280284
0.0142123 0.0279952
0.0150626 0.030625
0.0140474 0.0315776
0.0149049 0.0298436
0.014798 0.0298501
0.014809 0.0305739
0.0138747 0.0314437
0.0148045 0.0303586
0.0148106 0.0302639
0.0148269 0.027572
0.0157875 0.0265141
0.0139476 0.0295642
0.0149206 0.0285003
0.0159048 0.0275573
0.0150316 0.0283788
0.0151234 0.0300762
0.0151413 0.0300099
0.0161194 0.0279109
0.0151681 0.0288279
0.0142124 0.0319976
0.0151988 0.0309793
0.0142366 0.0350506
0.0142464 0.0350186
0.0152363 0.0314159
0.0142584 0.0323782
0.0152477 0.0296064
0.0197338 0.025138
0.0192608 0.0283926
0.0205942 0.0270753
0.019268 0.0290088
0.0192603 0.0290416
0.0192513 0.0312477
0.0179253 0.0326308
0.0179255 0.0334067
0.0192428 0.0321191
0.0179597 0.0329584
0.0192891 0.0316642
0.0181117 0.0332782
0.0197025 0.0317136
0.0214311 0.0298188
0.0206779 0.0306701
0.0207776 0.0299743
0.0208864 0.0299384
0.0198117 0.0313694
0.0201287 0.031128
0.0215239 0.0329045
0.0204481 0.0341462
0.0218097 0.0309171
0.0219494 0.0308741
0.0264064 0.0271786
0.0273485 0.0263012
0.0278086 0.027191
0.0263919 0.0288214
0.0280472 0.0287133
0.026628 0.0303897
0.0282624 0.0243818
0.0283645 0.0244258
0.0284668 0.0266569
0.0270801 0.0283719
0.0272124 0.0281891
0.0288301 0.0265639
0.0290864 0.0260384
0.0296598 0.0255757
0.0314743 0.023869
0.0301958 0.0254498
0.0303803 0.0248189
0.0306888 0.0246404
0.0309384 0.025491
0.0311446 0.0254383
0.0327673 0.0268453
0.0315461 0.0284152
0.0317376 0.0289101
0.0319215 0.0288981
0.0320981 0.0260105
0.0308958 0.0276736
0.0324311 0.0286209
0.033974 0.0269949
0.0327441 0.0268418
0.0328993 0.0268921
0.0330599 0.025382
0.03323 0.0254238
0.0334177 0.0261625
0.0326128 0.0274282
0.0331239 0.0239162
0.0346405 0.0222587
0.0335563 0.0258423
0.0350584 0.0241494
0.0354048 0.0242629
0.0356467 0.0241898
0.0346116 0.0269395
0.0360912 0.0252684
0.0375858 0.0249842
0.0365123 0.026597
0.0354683 0.0268982
0.035665 0.0269055
0.0370893 0.0253207
0.0360401 0.0269921
0.0374427 0.0292839
0.0376142 0.0293313
0.0377863 0.0253876
0.0367686 0.0270871
0.0381498 0.0230915
0.0383599 0.0230984
0.0387976 0.024728
0.0392981 0.0243049
0.0395243 0.0283965
0.0360783 0.0333325
0.0363286 0.0308274
0.0402926 0.0257025
0.0416992 0.0233961
0.040734 0.0249734
0.0409488 0.0258759
0.0411574 0.0258446
0.0413589 0.0262751
0.0415531 0.0262706
0.0417404 0.0250419
0.0407891 0.0267018
0.0420961 0.0252454
0.0411442 0.0269462
0.0424348 0.0275148
0.0426043 0.0275645
0.039369 0.0314951
0.0386017 0.033166
0.0398124 0.0335446
0.0393853 0.0346073
0.044069 0.0267565
0.0453783 0.0251049
0.0444424 0.0286521
0.0413298 0.0334721
0.0406397 0.0349024
0.0418218 0.0332244
0.0410727 0.0363952
0.0422429 0.0347228
0.0414871 0.035204
0.0426421 0.0335765
0.0428324 0.0326629
0.043017 0.0326745
0.0422485 0.0357198
0.0433709 0.0340968
0.0435423 0.0336909
0.0437125 0.0337407
0.0429589 0.0339296
0.0431439 0.0339711
0.0433405 0.0382928
0.0436716 0.0380539
0.0449554 0.0344276
0.0443261 0.0358103
0.0454239 0.0327547
0.0455995 0.0327103
0.0458672 0.0351275
0.0470484 0.0333923
0.0462845 0.0365267
0.0464721 0.0364804
0.0466548 0.0359643
0.046832 0.0359403
0.0470031 0.0364885
0.0462586 0.0381356
0.0464203 0.0395502
0.0465776 0.0395795
0.0467312 0.0403471
0.0468829 0.0403953
0.047035 0.0401865
0.0480775 0.038578
0.0473521 0.0419659
0.0483976 0.0403357
0.0495238 0.0385239
0.0490874 0.0395705
0.0492967 0.04037
0.0494423 0.040336
0.0487432 0.0429599
0.0489831 0.0427641
0.0500348 0.0413185
0.0493126 0.0428906
0.0503583 0.0402766
0.0514355 0.0386082
0.0506625 0.0418594
0.0508058 0.0418509
0.0509435 0.0428609
0.0510759 0.0428771
0.0512034 0.0439943
0.051327 0.0440346
0.0514483 0.0451211
0.0515696 0.0451724
0.051694 0.042932
0.0518241 0.0429717
0.0519704 0.0468304
0.052281 0.0465138
0.0517736 0.0469098
0.0527678 0.0452429
0.0537954 0.0446272
0.0530414 0.0461517
0.0523917 0.0459075
0.053402 0.0442237
0.0535375 0.0454001
0.0536687 0.0453584
0.054703 0.0438066
0.0539153 0.0454287
0.0549388 0.0450368
0.0541388 0.0466916
0.0542426 0.0475694
0.0543417 0.0476022
0.0553428 0.0467927
0.0545307 0.0485043
0.0555245 0.0453621
0.054723 0.0470724
0.0539754 0.0490655
0.054964 0.0473797
0.0560977 0.0451985
0.0555546 0.0463543
0.0565504 0.0490849
0.0557367 0.0506823
0.0581647 0.0478832
0.0597772 0.0453572
0.0599654 0.0476289
0.0589234 0.0495508
0.0602323 0.0479023
0.0591744 0.049861
0.0604691 0.0479921
0.0605758 0.0480043
0.0606754 0.0461021
0.0607692 0.0461424
0.0608599 0.0489263
0.0609519 0.0489764
0.0610499 0.0498615
0.0623588 0.0478996
0.0614549 0.0511072
0.0617084 0.0508403
0.061807 0.0484297
0.0619247 0.0483601
0.0621328 0.0484183
0.062253 0.0483631
0.0623693 0.0466928
0.0624795 0.0466558
0.0625822 0.0492874
0.062677 0.0492796
0.0615932 0.0519938
0.0616732 0.0520217
0.0617476 0.0518834
0.0655542 0.0459365
0.0656782 0.0542419
0.0658487 0.0542017
0.0660294 0.0524214
0.067549 0.0503334
0.0667852 0.0539937
0.0683594 0.0518454
0.0686452 0.0510469
0.0689228 0.0508162
0.0691481 0.0511284
0.0693688 0.0509791
0.0681788 0.0525518
0.0697813 0.0504964
0.0685362 0.0513565
0.0686978 0.0512661
0.0703134 0.0486802
0.0689866 0.0505691
0.0706094 0.0516248
0.0722671 0.0496237
0.0708737 0.0502314
0.0695293 0.0521208
0.0712913 0.0501761
0.070201 0.0517159
0.0720771 0.0524083
0.0708503 0.0540768
0.0728764 0.0498552
0.0720288 0.0509844
0.0739916 0.0526448
0.0743012 0.0524275
0.0746018 0.051823
0.0765907 0.0497495
0.0751664 0.051034
0.0754289 0.0508559
0.0756804 0.0491728
0.0815757 0.0431605
0.081818 0.0438448
0.0803862 0.045409
0.0805659 0.0459177
0.0807332 0.0458361
0.0808888 0.0469493
0.0810311 0.0468904
0.0811609 0.0487897
0.0831507 0.0468789
0.0851469 0.0423491
0.0833885 0.0442012
0.0853932 0.04483
0.0836403 0.0466813
0.0839721 0.0445054
0.0842168 0.0443453
0.084386 0.0458353
0.0845742 0.0457226
0.0867653 0.046085
0.0854909 0.0474063
0.0856899 0.0456582
0.0858769 0.0455463
0.0860498 0.043019
0.0862067 0.0429502
0.0863473 0.0441581
0.0864717 0.0441035
0.08658 0.0458136
0.0847375 0.0476742
0.0867512 0.0471989
0.0868174 0.0471964
0.0849314 0.0498811
0.0850012 0.0498685
0.08702 0.0492641
0.0854854 0.0507407
0.0878656 0.0454556
0.0900052 0.0434829
0.0882805 0.0468625
0.0884646 0.0467469
0.0886383 0.0433091
0.0887988 0.0432172
0.0889435 0.0480621
0.0871318 0.0498334
0.0891833 0.0475659
0.087327 0.0493813
0.0874013 0.048412
0.0894236 0.0465746
0.0894824 0.0503164
0.0895437 0.0503019
0.0878696 0.0483287
0.0901461 0.0462305
0.0922307 0.0486632
0.0902658 0.0503956
0.0922566 0.045992
0.0903625 0.0478114
0.0904424 0.049707
0.0905003 0.0496607
0.0885948 0.051384
0.0906062 0.0494665
0.088675 0.056694
0.0886954 0.0566809
0.0887025 0.0545414
0.0886974 0.0545591
0.0906671 0.0508204
0.0926351 0.048967
0.0846465 0.0563685
0.0866347 0.0544893
0.0851662 0.0560658
0.0914533 0.0500165
0.0854932 0.0558995
0.0835741 0.0577986
0.0856029 0.0580469
0.0857388 0.0579508
0.0858256 0.058069
0.0859106 0.0580208
0.0840423 0.0580985
0.0860591 0.056176
0.0861159 0.0570148
0.0861596 0.0570078
0.0881512 0.0590689
0.086211 0.0609847
0.0862264 0.0595943
0.0862427 0.0596188
0.0922449 0.0587431
0.0927377 0.0583143
0.0951949 0.0591929
0.0917277 0.0626748
0.0919403 0.0620819
0.0921747 0.0619144
0.0942858 0.0597821
0.0927093 0.0613657
0.0948542 0.0594465
0.0969976 0.0574417
0.0953263 0.0616389
0.0955424 0.0614594
0.0957457 0.0614164
0.0978561 0.0594418
0.0961524 0.0612082
0.098406 0.0590855
0.097089 0.0606841
0.0991833 0.0587143
0.0973701 0.0585556
0.0974328 0.0584603
0.0974783 0.0565478
0.0975067 0.0564843
0.0975186 0.0571784
0.0955473 0.0589673
0.097499 0.0607309
0.097475 0.0607112
0.0974451 0.0599467
0.0974109 0.0599299
0.0974662 0.0600304
0.0956394 0.0616483
0.0976899 0.0588841
0.0997056 0.0569859
0.0959508 0.0647572
0.0979615 0.0628684
0.0961052 0.0598202
0.0980935 0.057905
0.0981342 0.0606127
0.0981575 0.0605298
0.0981634 0.0620303
0.0962001 0.0636821
0.0961677 0.0620224
0.0961197 0.0619819
0.0960607 0.061367
0.0979574 0.0596137
0.0959364 0.0628864
0.103772 0.0557231
0.101864 0.0582911
0.103811 0.0565877
0.103974 0.0555455
0.104522 0.0550338
0.103191 0.0564301
0.105136 0.0547483
0.107066 0.0522974
0.105227 0.0537484
0.105244 0.0519587
0.105243 0.051883
0.10709 0.0529205
0.105196 0.0543852
0.107015 0.0511981
0.105288 0.0525339
0.10714 0.04718
0.105255 0.0485991
0.105182 0.0475867
0.105086 0.0475485
0.103155 0.0519866
0.104823 0.050516
0.104659 0.0501572
0.104474 0.0501476
0.104274 0.0531216
0.104065 0.0531366
0.103853 0.0515689
0.103663 0.0515425
0.103782 0.0512544
0.104269 0.0505874
0.104257 0.053756
0.104106 0.0536386
0.103948 0.0519171
0.103781 0.0518089
0.1036 0.0515947
0.103405 0.0515146
0.103194 0.0487098
0.104695 0.0473593
0.101012 0.0495436
0.102472 0.0480288
0.102203 0.0510153
0.101923 0.0509868
0.0999389 0.0526228
0.101369 0.0511413
0.103005 0.0533091
0.10153 0.0541294
0.101272 0.0522748
0.101009 0.0521683
0.0991583 0.0524824
0.100641 0.0509404
0.100481 0.0489576
0.100219 0.0488463
0.0999442 0.0489738
0.0996572 0.0488609
0.0993576 0.0448108
0.0990491 0.044685
0.0987388 0.0440387
0.097099 0.0449602
0.0984439 0.0475096
0.0981637 0.0473424
0.0977998 0.0450309
0.0959978 0.0460464
0.0956073 0.0443896
0.0965878 0.0430291
0.0947667 0.0467926
0.0956786 0.0455716
0.0951959 0.0429714
0.0946959 0.042918
0.0928746 0.0420459
0.0923798 0.0419661
0.0931499 0.0411941
0.0915912 0.041915
0.0924407 0.0396368
0.0919633 0.0395061
0.09145 0.0376478
0.0897629 0.0384782
0.0892471 0.0368087
0.0898442 0.0356852
0.088181 0.0347087
0.0887146 0.0335283
0.0892338 0.0357182
0.0875336 0.0363859
0.0879887 0.0368925
0.0863145 0.0375065
0.0867169 0.0356841
0.0851568 0.0362422
0.0854975 0.0347363
0.083874 0.0353631
0.0841452 0.0332493
0.0825313 0.0338648
0.0818367 0.0324767
0.080307 0.0332213
0.0804093 0.0317832
0.0789137 0.032382
0.078952 0.0346997
0.0782291 0.0346798
0.0776265 0.0290041
0.0764922 0.0293739
0.0765176 0.0278953
0.0753091 0.028351
0.074664 0.0279323
0.0745667 0.0274054
0.0733519 0.0254836
0.0731865 0.0250492
0.0724835 0.0226121
0.0717726 0.022572
0.0710542 0.0229934
0.0703288 0.0229825
0.0700189 0.0238216
0.0688597 0.0240079
0.0678239 0.0179436
0.0671157 0.0178796
0.0664202 0.0217145
0.0656825 0.0216391
0.0651122 0.0170437
0.0641611 0.0174146
0.0635271 0.0191509
0.0627609 0.0191253
0.0620078 0.0168455
0.0612657 0.0168478
0.0605442 0.0158232
0.0598201 0.0157927
0.0590981 0.0159856
0.0583794 0.0159789
0.0576645 0.0159695
0.0569907 0.0162012
0.0562978 0.0163715
0.0555724 0.0162802
0.0541145 0.0154251
0.0535092 0.0153883
0.0527572 0.0164132
0.0520006 0.0163865
0.0512394 0.0127405
0.0504736 0.0127061
0.0495456 0.014712
0.0489298 0.0140055
0.048393 0.0135159
0.0473853 0.0137778
0.0466429 0.01314
0.0458997 0.013102
0.0454012 0.0146301
0.0443946 0.0148187
0.044217 0.0139601
0.0435404 0.0137179
0.042 0.01354
0.0418128 0.0128422
0.0417897 0.0131913
0.0386457 0.0143144
0.0384862 0.0164739
0.0363577 0.0170818
0.0362397 0.0164151
0.035126 0.0163881
0.0340923 0.0169921
0.0330393 0.0169315
0.0319868 0.0156805
0.0366428 0.01521
0.0345561 0.0137474
0.0342404 0.0138696
0.0333557 0.0138639
0.0301225 0.0132731
0.0314312 0.014571
0.0280914 0.0145825
0.0295824 0.0119439
0.0287242 0.0118653
0.028034 0.0141932
0.0246998 0.0141087
0.0239932 0.0119544
0.0261144 0.0118056
0.0157131 0.016171
0.025436 0.0129047
0.0250384 0.0166034
0.016283 0.019322
0.0128919 0.0181634
0.0241958 0.0140835
0.0151634 0.0173551
0.0150822 0.0172927
0.0242653 0.0116384
0.0126284 0.016438
0.0158086 0.0126692
0.0137582 0.0145395
0.0171054 0.0172205
0.0203241 0.0155388
0.0268118 0.0150241
0.0299585 0.0131
0.0279087 0.0135484
0.0261887 0.0159276
0.0292082 0.0179614
0.0279454 0.020166
0.0308872 0.0149633
0.0317322 0.0149592
0.0326138 0.0162821
0.033542 0.0162705
0.034661 0.015721
0.0357182 0.0156837
0.035288 0.0193318
0.0378479 0.016716
0.0389666 0.0178991
0.0458951 0.0118501
0.045393 0.0200722
0.0465596 0.0200158
0.0477264 0.0219257
0.0488932 0.0219038
0.0514994 0.0191954
0.0512596 0.0217433
0.0539005 0.0196311
0.0551224 0.0195694
0.0563354 0.018303
0.0563216 0.0210622
0.0588158 0.0182896
0.0656026 0.0113558
0.0667072 0.0126718
0.0625785 0.0194969
0.0702513 0.01011
0.0697699 0.0117312
0.0707915 0.0137723
0.0672821 0.0214536
0.0677288 0.0211808
0.0698385 0.0183832
0.0703819 0.0251231
0.0717509 0.0250375
0.0731126 0.0249494
0.0744549 0.0249512
0.076359 0.023268
0.0771318 0.0261694
0.0789476 0.0256307
0.080243 0.0257047
0.081542 0.0234146
0.0828493 0.0234973
0.0841713 0.0279417
0.0855407 0.0278386
0.0869204 0.0268182
0.0882817 0.0267306
0.0896344 0.0270277
0.0912104 0.0242213
0.0923344 0.0304308
0.0936404 0.0333641
0.0950386 0.0264421
0.0964266 0.0294664
0.0978274 0.0318067
0.0992323 0.0319232
0.10063 0.0309472
0.103185 0.0192326
0.104371 0.0260623
0.105526 0.0261168
0.106686 0.0291813
0.107851 0.0292982
0.109235 0.0342372
0.110203 0.031421
0.111149 0.0275056
0.112592 0.0305859
0.113416 0.0274143
0.114914 0.0214006
0.115797 0.0235259
0.116626 0.0236432
0.117448 0.0222273
0.118266 0.0223687
0.119103 0.0228854
0.119961 0.0231021
0.121736 0.0258485
0.122673 0.026012
0.122478 0.0277539
0.124442 0.0308225
0.124131 0.0249999
0.126275 0.028275
0.125807 0.0249004
0.126657 0.0252072
0.127517 0.024281
0.130017 0.027627
0.130925 0.0315347
0.130004 0.0286597
0.130777 0.0293081
0.131369 0.0291771
0.130096 0.027922
0.13277 0.0311146
0.13157 0.029959
0.134466 0.033276
0.135323 0.029712
0.136162 0.0299928
0.1369 0.0290044
0.13767 0.02927
0.140856 0.0350228
0.141671 0.0353162
0.142489 0.0350771
0.143322 0.0354497
0.141538 0.0368014
0.13777 0.0310752
0.135811 0.0391965
0.138557 0.0417501
0.136596 0.0414519
0.137187 0.0414745
0.137792 0.0385125
0.135867 0.0355839
0.139048 0.043491
0.142297 0.046586
0.14298 0.0446194
0.141055 0.0417672
0.144364 0.0435996
0.142401 0.0407731
0.14034 0.0412794
0.143268 0.0440294
0.143652 0.0425277
0.144208 0.0424803
0.144792 0.0406256
0.145402 0.0406106
0.148605 0.0461509
0.146702 0.0432388
0.14739 0.0441822
0.148093 0.0442544
0.148792 0.0464436
0.149379 0.0463637
0.147431 0.0395746
0.150327 0.0422511
0.150938 0.0431084
0.151581 0.0430671
0.152248 0.0457922
0.15294 0.0457994
0.156108 0.0495339
0.154398 0.0466274
0.15516 0.0442036
0.155927 0.0442622
0.156675 0.044696
0.157226 0.0444912
0.160103 0.0468919
0.158382 0.0438635
0.156751 0.0470047
0.162142 0.0527911
0.160536 0.0472187
0.163639 0.0501954
0.162087 0.0477847
0.162896 0.0478496
0.163719 0.0486099
0.164539 0.0486697
0.165265 0.0498757
0.168118 0.05258
0.166475 0.0517365
0.169445 0.0545849
0.170203 0.0513396
0.168748 0.0483724
0.169552 0.051593
0.170379 0.0516171
0.171227 0.0518588
0.172094 0.0519263
0.175172 0.0533055
0.173549 0.0499653
0.171641 0.0466445
0.174392 0.0492273
0.172842 0.0498123
0.176042 0.0530235
0.174629 0.0481399
0.177859 0.0513992
0.178802 0.046767
0.179768 0.0468199
0.183069 0.0551267
0.181728 0.0519024
0.182601 0.0510789
0.183418 0.0509275
0.186451 0.0537732
0.18512 0.0504666
0.183852 0.0499085
0.189237 0.056446
0.187982 0.0508798
0.188979 0.0509342
0.189994 0.054942
0.191014 0.055006
0.191999 0.0563848
0.194976 0.0594202
0.193664 0.0531542
0.196733 0.0562998
0.19556 0.0568127
0.196543 0.0568146
0.197546 0.057685
0.19857 0.0577322
0.199613 0.0587013
0.202773 0.0620325
0.196663 0.0580027
0.199646 0.0611428
0.200548 0.0596124
0.201592 0.0594484
0.202669 0.0616568
0.201991 0.0583129
0.204898 0.063847
0.204335 0.0605561
0.205541 0.0627573
0.206769 0.0627372
0.209622 0.0640809
0.209258 0.0608112
0.208946 0.058334
0.211574 0.0612327
0.211389 0.0598324
0.214034 0.0629193
0.21395 0.0610738
0.21658 0.0642302
0.217922 0.0603532
0.219293 0.0602237
0.220679 0.0661157
0.223079 0.0690159
0.224438 0.0685295
0.224675 0.0583681
0.226328 0.0667847
0.22802 0.0664801
0.229226 0.0686726
0.231043 0.0683831
0.233162 0.0692412
0.234881 0.0688865
0.236523 0.0665431
0.238393 0.0662482
0.240271 0.0688967
0.241971 0.0718527
0.243761 0.0686113
0.245552 0.0683985
0.247806 0.0622814
0.249134 0.0652036
0.251599 0.0654949
0.25352 0.0650765
0.255417 0.0677679
0.257298 0.0674578
0.259159 0.0682097
0.260995 0.0679479
0.262806 0.0683229
0.27045 0.058586
0.272578 0.0672978
0.274851 0.0666921
0.27698 0.0684955
0.279069 0.0681855
0.281113 0.0695647
0.283097 0.0692967
0.285117 0.0671577
0.287045 0.0668117
0.291046 0.0623931
0.290803 0.0649535
0.292585 0.0648385
0.294295 0.0645136
0.293478 0.0692699
0.297477 0.0662658
0.301524 0.0614627
0.300346 0.0638815
0.299094 0.065975
0.303096 0.0629406
0.307124 0.0617404
0.305483 0.0640506
0.309434 0.062698
0.30783 0.0646523
0.30882 0.0604845
0.309694 0.0602577
0.313556 0.0570571
0.311519 0.0590364
0.309198 0.0622119
0.309841 0.0619329
0.313531 0.0573282
0.310909 0.059265
0.314502 0.0582456
0.314886 0.0580926
0.325217 0.0535435
0.322462 0.0551759
0.322751 0.0577568
0.322982 0.0575145
0.323177 0.0590701
0.326543 0.0569232
0.323422 0.0548754
0.326704 0.0527032
0.329954 0.0485358
0.326736 0.0502733
0.326935 0.0514187
0.326865 0.0512816
0.329997 0.0501875
0.326596 0.0520318
0.326397 0.0524687
0.32623 0.052291
0.322797 0.0533922
0.322575 0.0531502
0.322475 0.0489222
0.32233 0.0486291
0.322012 0.0518774
0.321641 0.0516767
0.324448 0.047214
0.320733 0.0487227
0.32344 0.0461779
0.322869 0.0460801
0.322291 0.0460316
0.318825 0.0473975
0.321516 0.0461436
0.320965 0.045974
0.320371 0.0439089
0.316564 0.0450445
0.315864 0.0427278
0.31827 0.0413701
0.314307 0.0410583
0.316613 0.0395663
0.315772 0.0388474
0.314925 0.0387348
0.314034 0.0397484
0.313222 0.0395952
0.312554 0.0397492
0.31162 0.0396186
0.30761 0.038283
0.306602 0.0381094
0.308576 0.037752
0.30755 0.0376545
0.303518 0.0377514
0.302384 0.0375807
0.304161 0.0351554
0.302921 0.0350648
0.301649 0.0346937
0.303285 0.0342751
0.299303 0.0307174
0.300908 0.0304234
0.296834 0.0284254
0.295588 0.0282993
0.294237 0.0287817
0.29284 0.0286968
0.298352 0.0308266
0.294018 0.030072
0.29245 0.0254515
0.290845 0.025324
0.289257 0.0262454
0.290608 0.0254167
0.286548 0.0266777
0.287948 0.0258097
0.286509 0.0278061
0.285065 0.0276583
0.283615 0.0260596
0.282156 0.0259141
0.277739 0.0265698
0.279219 0.0253835
0.277762 0.0252784
0.276353 0.0251558
0.275257 0.02854
0.27402 0.0283846
0.270007 0.025242
0.272193 0.0235476
0.267462 0.0282244
0.266023 0.0281024
0.264581 0.0249601
0.263143 0.0248657
0.261742 0.0302142
0.260527 0.030027
0.262816 0.023329
0.261605 0.0231591
0.26039 0.0277588
0.259196 0.0276239
0.258 0.0260652
0.256778 0.0259501
0.255532 0.0246613
0.25771 0.0231705
0.253034 0.0205633
0.257915 0.0185932
0.260333 0.0238837
0.25921 0.0237044
0.258093 0.0236959
0.256979 0.0235603
0.255865 0.0213796
0.251214 0.023476
0.250099 0.0230706
0.252583 0.0208164
0.255199 0.0171634
0.251003 0.0186744
0.250143 0.0152444
0.249296 0.0151108
0.24488 0.0230236
0.244029 0.0229252
0.246791 0.0191971
0.242348 0.0216016
0.245167 0.0175422
0.240947 0.0201539
0.244036 0.0198866
0.247144 0.0173653
0.242997 0.0196272
0.242462 0.0195015
0.241935 0.019334
0.241413 0.0192396
0.2409 0.0183531
0.240403 0.0183109
0.239957 0.0193559
0.23977 0.0191307
0.24323 0.0175714
0.239425 0.0197472
0.235603 0.0224406
0.239013 0.0192538
0.242454 0.0196393
0.238704 0.0218033
0.238549 0.0228037
0.238402 0.0227268
0.238438 0.020698
0.238436 0.0205102
0.249322 0.0191941
0.249316 0.0190406
0.249275 0.0212876
0.249243 0.021215
0.249221 0.0233365
0.249214 0.023343
0.249237 0.0208108
0.245925 0.0238611
0.24969 0.0240914
0.249986 0.0239554
0.250287 0.0233923
0.250599 0.0233049
0.250926 0.0197874
0.251264 0.0197224
0.248103 0.0263917
0.248487 0.0263997
0.252415 0.0240001
0.24965 0.027157
0.253668 0.0274413
0.254376 0.0272736
0.255039 0.0242539
0.252343 0.0275972
0.25309 0.0268865
0.257223 0.0233306
0.254607 0.0273262
0.258743 0.0237897
0.259712 0.0265553
0.260554 0.0264329
0.258131 0.0285245
0.262358 0.0248823
0.259912 0.0274432
0.26411 0.0239178
0.268299 0.0216335
0.265802 0.0250353
0.26667 0.0249761
0.264407 0.0282374
0.268608 0.024515
0.266176 0.0279742
0.270385 0.0236596
0.274678 0.019901
0.272309 0.0224899
0.273238 0.0223791
0.274161 0.0234099
0.275153 0.0232279
0.27626 0.0248541
0.273911 0.0283558
0.274844 0.0293497
0.279075 0.0257057
0.280007 0.0256184
0.277736 0.0290079
0.278728 0.0292717
0.283003 0.0255959
0.280942 0.0293444
0.285262 0.0256066
0.283008 0.0317535
0.287277 0.0281861
0.288258 0.0284663
0.289231 0.0284207
0.293488 0.0228383
0.287972 0.0299409
0.281561 0.0276883
0.274489 0.0354763
0.270701 0.0320209
0.26938 0.0334517
0.269294 0.0331935
0.269296 0.0331913
0.2693 0.0319811
0.269305 0.0319751
0.269312 0.0305797
0.269317 0.0305744
0.269328 0.0304331
0.269336 0.0304242
0.269345 0.0292641
0.269354 0.0292548
0.269363 0.0306997
0.269372 0.0306902
0.269381 0.0326054
0.269393 0.0325927
0.269402 0.0294728
0.269408 0.0294665
0.26942 0.0313769
0.269426 0.0313707
0.269435 0.0291141
0.269444 0.0291047
0.269453 0.0320248
0.269462 0.0320155
0.269474 0.027991
0.269483 0.0279818
0.269491 0.0314092
0.2695 0.0314
0.269506 0.0318993
0.269517 0.0318873
0.269523 0.0318813
0.269523 0.0318813
0.269523 0.0318813
0.269523 0.0318813
0.269523 0.0318813
0.269523 0.0318813
0.269523 0.0318813
0.269523 0.0318813
0.269523 0.0318813
0.269523 0.0318813
0.269523 0.0318813
0.269523 0.0318813
0.269523 0.0318813
0.269523 0.0318813
0.269523 0.0318813
0.269523 0.0318813
0.269523 0.0318813
0.269523 0.0318813
0.269523 0.0318813
0.269523 0.0318813
0.269523 0.0318813
0.269523 0.0318813
0.269523 0.0318813
0.269523 0.0318813
0.269523 0.0318813
