0
0
0
0
0
0.000898741
0.000946666
0.00106972
0.0010377
0.00142057
0.00137288
0.000517334
0.0005649
0.0044335
0.00437032
0.00561166
0.00556428
0.00543643
0.00537356
0.008251
0.00818827
0.00680984
0.00676278
0.00537119
0.00532424
0.0080707
0.00802388
0.00598992
0.00595861
0.00375682
0.00372559
0.0088025
0.00881343
0.00529236
0.00539142
0.00541352
0.00555976
0.00714604
0.00725263
0.0126935
0.0128389
0.00238191
0.0024712
0.00459524
0.00471212
0.00186607
0.00182893
0.00460134
0.00469319
0.00578962
0.00599396
0.00309672
0.00366031
0.00313971
0.00372072
0.00497423
0.00527601
0.00664681
0.00682818
0.00469574
0.00491495
0.0041349
0.00433638
0.00296207
0.00302058
0.00527073
0.00544668
0.00368536
0.00380235
0.00320411
0.00319018
0.00437787
0.00427668
0.00395893
0.00405211
0.00318968
0.00317492
0.00783213
0.00769599
0.00400157
0.00380251
0.00492973
0.00481286
0.00555532
0.00543697
0.00312562
0.00300613
0.00431437
0.0042169
0.00302942
0.00301656
0.00675118
0.00693274
0.00940852
0.00963978
0.00159643
0.00157099
0.00492824
0.00482248
0.00527929
0.00521161
0.00637172
0.00627469
0.00469476
0.00463027
0.00973649
0.0096368
0.0110452
0.0109741
0.00844285
0.00829431
0.00848878
0.0083907
0.00344552
0.00326273
0.00987831
0.00955662
0.00505861
0.00478895
0.00662698
0.00637102
0.00824947
0.0081562
0.00455636
0.00455848
0.00190374
0.00190075
0.00332305
0.00331877
0.00584599
0.00704196
0.00559813
0.00762356
0.00619044
0.0100944
0.00756697
0.0115118
0.0122062
0.0142153
0.00726743
0.00925605
0.0106291
0.0136249
0.0113394
0.0142786
0.0074352
0.0112999
0.00620663
0.00908964
0.00818098
0.011001
0.0119166
0.0147664
0.0134009
0.0152992
0.0164417
0.0192808
0.0143876
0.0181089
0.0168129
0.0187334
0.0108903
0.0136797
0.0115563
0.0143698
0.0153872
0.0182729
0.0202783
0.0241813
0.0222271
0.0242045
0.0222561
0.0275153
0.0178116
0.0230787
0.023441
0.0261203
0.0238497
0.0278541
0.0198479
0.02514
0.0255597
0.0292398
0.023987
0.0264983
0.030255
0.0341834
0.0297514
0.0334748
0.032837
0.0380466
0.0303223
0.0342445
0.0322015
0.0362912
0.0391904
0.0458066
0.0413547
0.046354
0.0378454
0.0445211
0.0349435
0.0416201
0.034784
0.038132
0.0378355
0.0408408
0.033075
0.0396212
0.034737
0.0379141
0.0333644
0.0382718
0.0363239
0.042884
0.0410695
0.0460299
0.0365838
0.0399179
0.0374191
0.0407706
0.0408849
0.0459095
0.0365866
0.0432492
0.0410306
0.0472829
0.0386177
0.043529
0.0445524
0.0478397
0.039224
0.0441149
0.0380602
0.0446044
0.0391232
0.0440674
0.0420208
0.046995
0.0431857
0.0498404
0.0467329
0.051757
0.0407946
0.0458125
0.0385067
0.0434805
0.0404881
0.0450287
0.0458551
0.0491604
0.0434193
0.0466243
0.0435081
0.0468038
0.0432349
0.0481721
0.0423108
0.0456354
0.042274
0.0472648
0.0426193
0.0476323
0.0455779
0.0506003
0.0401308
0.0467796
0.0499889
0.0560418
0.0413941
0.0463217
0.046059
0.05244
0.0464754
0.0497674
0.0511566
0.0544633
0.0465013
0.0530871
0.0447474
0.0497237
0.0464125
0.0497651
0.0495645
0.0529299
0.0432262
0.0482357
0.0511618
0.0575374
0.0502015
0.0565693
0.0474898
0.0540074
0.0554416
0.0619239
0.0500848
0.055007
0.0472181
0.0505254
0.0527044
0.0576805
0.0554619
0.0588126
0.0493038
0.0559756
0.0513565
0.054719
0.0534179
0.056762
0.0536188
0.0596425
0.0541386
0.0574424
0.0582796
0.0630564
0.0522737
0.0588136
0.0547769
0.0597127
0.055785
0.0607468
0.0612703
0.0662625
0.0572792
0.0622916
0.0656518
0.069022
0.0635209
0.0668814
0.0604138
0.0650723
0.05703
0.0603388
0.0608971
0.0673842
0.061132
0.0676413
0.0556483
0.0621976
0.0536985
0.0570127
0.056914
0.0635291
0.0585649
0.0652154
0.0607228
0.0640876
0.0622204
0.0705554
0.0584953
0.0634347
0.0601912
0.0633386
0.0587637
0.063688
0.0606948
0.0660211
0.0576875
0.0636039
0.0542942
0.0621976
0.056895
0.0628682
0.0579976
0.0640006
0.061951
0.0679687
0.0566263
0.0606378
0.0690789
0.0747828
0.0681443
0.0759375
0.0712358
0.0751991
0.0649367
0.0708666
0.0634395
0.0693974
0.0706075
0.0785849
0.0701471
0.0761689
0.0696734
0.0736465
0.0740261
0.0798541
0.0675412
0.0749238
0.0720038
0.0776884
0.06891
0.0784369
0.0690598
0.0766882
0.0746284
0.0822893
0.0695668
0.0734019
0.0739388
0.0815908
0.0678042
0.071593
0.0750346
0.0822031
0.0771373
0.0843585
0.0802143
0.0868509
0.0780119
0.0832307
0.0820439
0.0889476
0.0791811
0.0858799
0.0775738
0.0824315
0.0734183
0.0779116
0.079373
0.0841594
0.0798442
0.084594
0.0803112
0.0850231
0.0764834
0.0824992
0.0782608
0.084247
0.0784626
0.0827297
0.0794897
0.0837496
0.0802272
0.0842414
0.0800238
0.0841665
0.0785079
0.083846
0.0802122
0.0842225
0.0819401
0.0873512
0.0795117
0.0833072
0.0804295
0.0841867
0.0816086
0.0863983
0.0798838
0.082153
0.0809505
0.0832301
0.0786936
0.0829035
0.0798278
0.0829656
0.0823322
0.0856024
0.0807848
0.0827699
0.0818351
0.0848615
0.0800948
0.0835576
0.0829106
0.0870614
0.082312
0.0842626
0.079406
0.0820216
0.0819285
0.085913
0.0820855
0.0861064
0.0810834
0.0839431
0.0836997
0.0857857
0.0821001
0.0840573
0.0821902
0.0861795
0.084722
0.0892014
0.0834516
0.0877118
0.0835013
0.0856008
0.0810228
0.0839413
0.0810854
0.0840212
0.079915
0.0837093
0.0844085
0.0877102
0.0812874
0.0849634
0.0839267
0.0871022
0.0829257
0.0858104
0.0859602
0.0888978
0.0859433
0.0877443
0.0894198
0.091326
0.0874349
0.0889973
0.09045
0.0920542
0.0876504
0.0895076
0.0873547
0.0889779
0.087437
0.0889385
0.0880907
0.0896343
0.0884601
0.0899597
0.0892741
0.0908485
0.0884082
0.089461
0.0895078
0.0903265
0.0915728
0.0932837
0.0914479
0.09243
0.0900656
0.0905895
0.0910745
0.0918115
0.0918952
0.0927296
0.0911509
0.0919581
0.0913533
0.0924019
0.0915005
0.0919899
0.0918051
0.0920197
0.0922285
0.0921317
0.0926309
0.0922211
0.0928793
0.0922539
0.0923693
0.0920392
0.09408
0.0928142
0.0941659
0.0926952
0.0930199
0.0920082
0.0941884
0.0927498
0.094652
0.0929603
0.0940041
0.0927833
0.0924368
0.0907701
0.0945713
0.0926638
0.092951
0.0909356
0.0934603
0.0919713
0.0956328
0.0939044
0.0980987
0.0952129
0.0939212
0.0913491
0.0957827
0.0920542
0.0938157
0.0910765
0.0924483
0.0899705
0.0948423
0.0908825
0.0914019
0.088614
0.0927829
0.0895814
0.0936685
0.0902548
0.0917488
0.0882529
0.0967822
0.0941624
0.0957022
0.0904972
0.0940676
0.0886861
0.0960976
0.0931834
0.098674
0.0926667
0.0921856
0.0862221
0.0976645
0.0913162
0.0974244
0.0942104
0.0982646
0.0933939
0.0947272
0.0913876
0.0974768
0.0923553
0.0935875
0.0900964
0.0943373
0.090762
0.0955496
0.0883569
0.0879567
0.0844126
0.0884158
0.084725
0.0975751
0.088242
0.0875143
0.0818514
0.0914242
0.0875855
0.0929077
0.0853135
0.0815155
0.0762451
0.0904379
0.0848831
0.0880104
0.0822672
0.0844721
0.0806023
0.090952
0.0851495
0.0964634
0.0906389
0.0890185
0.0831883
0.0878617
0.0820629
0.0810024
0.0753528
0.088953
0.0813528
0.0835778
0.0778836
0.0883124
0.0809585
0.0869173
0.0812694
0.0886301
0.0848523
0.0872191
0.0816414
0.0856465
0.0821676
0.0870717
0.0815082
0.0838843
0.0782872
0.084555
0.0789232
0.0836473
0.0761685
0.0874962
0.0799919
0.0892313
0.0818697
0.0865413
0.078987
0.0831176
0.0765839
0.0784328
0.0688601
0.0809991
0.0735316
0.0858255
0.0757939
0.0815215
0.0740297
0.0809291
0.0735156
0.081555
0.0765616
0.0775967
0.0701377
0.0811263
0.0727234
0.0760652
0.0677097
0.076845
0.0684775
0.0727246
0.0644891
0.0715077
0.0660027
0.0676476
0.0622124
0.0722086
0.0639574
0.0769666
0.0685816
0.0762863
0.0652914
0.076264
0.0652502
0.0739609
0.068423
0.0706342
0.0651266
0.0755243
0.0698929
0.0764475
0.0679349
0.07611
0.0677188
0.074868
0.0635281
0.0758866
0.0701182
0.0770199
0.0683902
0.0740196
0.0681527
0.0769523
0.0682393
0.0726222
0.0639608
0.0755763
0.0640051
0.0754282
0.0695785
0.0766956
0.0680137
0.0752797
0.0636884
0.0722913
0.0666164
0.0731025
0.0643744
0.0807209
0.068925
0.0717769
0.065831
0.0749983
0.0690204
0.0698071
0.0610242
0.079095
0.0672228
0.0724569
0.0664442
0.0705111
0.0614744
0.0799269
0.0708344
0.0707524
0.0589088
0.0753979
0.0635182
0.0782045
0.066185
0.0716008
0.0625153
0.0776469
0.0685103
0.0763639
0.0702391
0.0760175
0.0672613
0.0735773
0.0644786
0.0710654
0.0619406
0.0617536
0.0556417
0.0658107
0.0537079
0.0619252
0.0502402
0.060417
0.0485375
0.0611807
0.049411
0.0540529
0.0427029
0.0484501
0.0403887
0.0471705
0.0369746
0.0474754
0.0422679
0.0494863
0.0442965
0.0417069
0.0352932
0.0351885
0.0308205
0.0349973
0.0309714
0.032857
0.0296275
0.0310658
0.029504
0.0303258
0.0289904
0.028731
0.0297051
0.0285498
0.031552
0.0274503
0.0300217
0.0265573
0.0265915
0.0263478
0.0305414
0.0257504
0.0296578
0.0256269
0.0285729
0.0252057
0.0280973
0.0272748
0.0304263
0.0252875
0.0276953
0.024233
0.0285277
0.0238048
0.0263881
0.0239479
0.0268998
0.0240704
0.0288907
0.0236979
0.0260832
0.0238473
0.0265856
0.0241951
0.0274238
0.0236316
0.0256597
0.0240239
0.0271853
0.0246212
0.0285638
0.0241854
0.0293232
0.0247377
0.0270704
0.0236801
0.0274171
0.0239954
0.0271582
0.0237371
0.0243169
0.0238023
0.0266759
0.0239882
0.0272211
0.0245923
0.0268653
0.0253403
0.0281083
0.0236652
0.0244238
0.0236185
0.025996
0.0236056
0.0259941
0.0238936
0.0256833
0.0240673
0.0249979
0.0237007
0.0280995
0.024024
0.0251982
0.0235988
0.0254944
0.0238141
0.0245496
0.0236888
0.0262367
0.0242225
0.0240171
0.0237133
0.0266452
0.0238616
0.0272653
0.0235713
0.0257069
0.0236399
0.0276097
0.0238894
0.0243101
0.0236396
0.0264096
0.0235677
0.0259926
0.0235811
0.0278111
0.0242529
0.0301685
0.0253587
0.0282634
0.0268187
0.0302459
0.0266566
0.0298214
0.0278207
0.0333929
0.0276591
0.0327977
0.0260068
0.0295867
0.0271596
0.0310479
0.0274696
0.0312333
0.0280161
0.0315801
0.0280039
0.0314267
0.0302351
0.0346794
0.030163
0.0336493
0.031116
0.0342569
0.0321079
0.0363813
0.0329236
0.0354449
0.0336635
0.0354147
0.0350304
0.0345983
0.0361484
0.0349768
0.0370017
0.0350112
0.0375412
0.0351506
0.0372263
0.03499
0.0423448
0.0376228
0.0384942
0.0359577
0.0415089
0.0365663
0.043899
0.0379939
0.0509303
0.0436617
0.0486555
0.0435903
0.0566734
0.0457434
0.0524765
0.0413967
0.0525473
0.0410589
0.0532358
0.0415065
0.0435776
0.0375747
0.0506975
0.0387228
0.0567596
0.0441918
0.0450624
0.0326278
0.0410289
0.0315042
0.0357359
0.0292967
0.0321495
0.0224683
0.0381526
0.0285451
0.0339203
0.0242153
0.0309976
0.0212243
0.0369276
0.0238667
0.0353838
0.0223422
0.0269508
0.0203719
0.0231346
0.0165622
0.0287735
0.0190171
0.0240911
0.0144199
0.025216
0.0157935
0.02844
0.018763
0.0272132
0.0207183
0.0255212
0.0159263
0.0258329
0.016509
0.0268879
0.0175
0.025374
0.0160893
0.0224541
0.0134161
0.0141871
0.00909459
0.0222517
0.0133578
0.019479
0.0111649
0.0189459
0.0107682
0.0190898
0.0109196
0.0219558
0.0133533
0.0152998
0.00885793
0.0151505
0.00841493
0.0141253
0.00959361
0.010626
0.00818605
0.0111203
0.00952098
0.00868777
0.0119489
0.0114461
0.00859242
0.0074203
0.0111607
0.00757126
0.0114483
0.00742475
0.0109297
0.00759111
0.0106553
0.00786362
0.0121207
0.0086251
0.00909133
0.0073071
0.0156548
0.00741315
0.010719
0.00980185
0.0218236
0.00761999
0.0150226
0.00736133
0.0138325
0.00972356
0.0187527
0.0100282
0.0192095
0.00985054
0.0223409
0.00695661
0.00956086
0.00706823
0.0118227
0.0128457
0.02615
0.00781501
0.017025
0.0109317
0.017555
0.00743621
0.0132259
0.00654988
0.0103677
0.00631018
0.013908
0.00611793
0.0149756
0.00860849
0.0181662
0.00638843
0.0177966
0.00623836
0.00848084
0.00616647
0.0102532
0.00657142
0.0147664
0.0065611
0.0115789
0.0121258
0.0189058
0.00619914
0.0133622
0.00659359
0.00780865
0.00618387
0.00886869
0.00638674
0.0137482
0.0058453
0.0133675
0.00602105
0.0112165
0.00528175
0.0115467
0.00845438
0.00678007
0.00528365
0.0129857
0.00564596
0.0101447
0.00861105
0.0184471
0.00585946
0.0145367
0.00659339
0.00874978
0.0052935
0.0128912
0.00543044
0.0165332
0.00569084
0.0139564
0.00534215
0.0116099
0.00517351
0.00908959
0.00496452
0.0116544
0.00478361
0.00810941
0.0050487
0.0138069
0.00868308
0.0154931
0.00668927
0.0131859
0.00439948
0.0122451
0.00336175
0.0118106
0.00316889
0.00868668
0.00273557
0.0108191
0.00264389
0.015629
0.0079468
0.0151185
0.00823488
0.0190658
0.0076375
0.0184389
0.0112444
0.0221116
0.00607132
0.0168163
0.00237234
0.0121449
0.00732723
0.0182854
0.00351277
0.0143414
0.00111601
0.0082808
0.00249299
0.00371866
0.00779802
0.00779576
0.00796971
0.00796588
0.00629665
0.00629152
0.0093161
0.00930726
0.0106658
0.0106535
0.00864576
0.00863645
0.0115422
0.0115359
0.00823884
0.00822953
0.00674364
0.00673149
0.00860886
0.00859967
0.0140534
0.0140442
0.00791409
0.00790512
0.00708895
0.00708015
0.00840556
