0 0
0 0
0 0
0 0
0 0
0 0
0 0
0.0020634 1.75411e-05
0.0020634 1.75411e-05
0.00249412 2.12173e-05
0.00249412 2.12173e-05
0.000652902 5.43919e-06
0.000652902 5.43919e-06
0.00568197 4.87083e-05
0.00568197 4.87083e-05
0.00697073 5.98412e-05
0.00697073 5.98412e-05
0.00689021 5.91429e-05
0.00689021 5.91429e-05
0.00979922 8.44738e-05
0.00979922 8.44738e-05
0.00845238 7.26988e-05
0.00845238 7.26988e-05
0.00710782 6.08967e-05
0.00710782 6.08967e-05
0.0099166 8.565e-05
0.0099166 8.565e-05
0.00792945 6.80674e-05
0.00792945 6.80674e-05
0.00578971 4.9059e-05
0.00578971 4.9059e-05
0.010906 0.000119116
0.010906 0.000119116
0.00733042 -1.87333e-05
0.00733042 -1.87333e-05
0.00723818 -2.59552e-05
0.00723818 -2.59552e-05
0.00871584 0.000149022
0.00871584 0.000149022
0.0140457 0.000995715
0.0140457 0.000995715
0.00330164 -0.00115255
0.00330164 -0.00115255
0.00547898 -0.000627399
0.00547898 -0.000627399
0.000407445 -0.00206425
0.000407445 -0.00206425
0.00499325 -0.000568115
0.00499325 -0.000568115
0.00587523 -0.000242019
0.00587523 -0.000242019
0.00250654 -0.00160751
0.00250654 -0.00160751
0.00155913 -0.00202362
0.00155913 -0.00202362
0.00241675 -0.00161582
0.00241675 -0.00161582
0.00357307 -0.00101071
0.00357307 -0.00101071
0.00131006 -0.00230966
0.00131006 -0.00230966
0.00035325 -0.00291003
0.00035325 -0.00291003
-0.00196265 -0.00449377
-0.00196265 -0.00449377
0.000866478 -0.00239001
0.000866478 -0.00239001
-0.00124361 -0.00409338
-0.00124361 -0.00409338
-0.00313674 -0.00575063
-0.00313674 -0.00575063
-0.0053656 -0.00786533
-0.0053656 -0.00786533
-0.00180478 -0.00420377
-0.00180478 -0.00420377
-0.00390199 -0.00654215
-0.00390199 -0.00654215
-0.00845885 -0.012059
-0.00845885 -0.012059
-0.00591295 -0.00871015
-0.00591295 -0.00871015
-0.00691693 -0.0101485
-0.00691693 -0.0101485
-0.00752561 -0.0111005
-0.00752561 -0.0111005
-0.00617362 -0.00878433
-0.00617362 -0.00878433
-0.00709444 -0.010519
-0.00709444 -0.010519
-0.00650948 -0.00930243
-0.00650948 -0.00930243
-0.00807964 -0.0128553
-0.00807964 -0.0128553
-0.00893564 -0.0149642
-0.00893564 -0.0149642
-0.00578416 -0.00634132
-0.00578416 -0.00634132
-0.00714796 -0.0105876
-0.00714796 -0.0105876
-0.00730346 -0.0111473
-0.00730346 -0.0111473
-0.00760542 -0.0124296
-0.00760542 -0.0124296
-0.00732558 -0.0109852
-0.00732558 -0.0109852
-0.00811713 -0.0161563
-0.00811713 -0.0161563
-0.0082903 -0.0176924
-0.0082903 -0.0176924
-0.00811172 -0.0152402
-0.00811172 -0.0152402
-0.00812418 -0.0156141
-0.00812418 -0.0156141
-0.00815239 -0.010766
-0.00815239 -0.010766
-0.00785101 -0.0176875
-0.00785101 -0.0176875
-0.00820203 -0.0133021
-0.00820203 -0.0133021
-0.00793584 -0.0155904
-0.00793584 -0.0155904
-0.0076427 -0.0175946
-0.0076427 -0.0175946
-0.00820726 -0.013929
-0.00820726 -0.013929
-0.00898393 -0.00886896
-0.00898393 -0.00886896
-0.0092845 -0.0069042
-0.0092845 -0.0069042
-0.00803195 -0.0151477
-0.00803195 -0.0151477
-0.00840276 -0.0126769
-0.00840276 -0.0126769
-0.00900723 -0.00860849
-0.00900723 -0.00860849
-0.00967596 -0.00406892
-0.00967596 -0.00406892
-0.0100106 -0.0017763
-0.0100106 -0.0017763
-0.0115936 0.00916823
-0.0115936 0.00916823
-0.0118257 0.0107855
-0.0118257 0.0107855
-0.0127455 0.0170054
-0.0127455 0.0170054
-0.0142216 0.0258417
-0.0142216 0.0258417
-0.0155536 0.0329833
-0.0155536 0.0329833
-0.0163332 0.0367422
-0.0163332 0.0367422
-0.0167747 0.0386657
-0.0167747 0.0386657
-0.0180615 0.0437638
-0.0180615 0.0437638
-0.0185215 0.0454324
-0.0185215 0.0454324
-0.0205148 0.0520987
-0.0205148 0.0520987
-0.0220469 0.0570134
-0.0220469 0.0570134
-0.0253525 0.0676124
-0.0253525 0.0676124
-0.0268959 0.0725621
-0.0268959 0.0725621
-0.0277531 0.0753139
-0.0277531 0.0753139
-0.0277366 0.0752608
-0.0277366 0.0752608
-0.0289181 0.0790662
-0.0289181 0.0790662
-0.0308278 0.0852304
-0.0308278 0.0852304
-0.0345332 0.0972206
-0.0345332 0.0972206
-0.0356158 0.100733
-0.0356158 0.100733
-0.0374825 0.106799
-0.0374825 0.106799
-0.0406652 0.117144
-0.0406652 0.117144
-0.0417241 0.120569
-0.0417241 0.120569
-0.0447699 0.130006
-0.0447699 0.130006
-0.0448229 0.130168
-0.0448229 0.130168
-0.0478274 0.139377
-0.0478274 0.139377
-0.0488298 0.142478
-0.0488298 0.142478
-0.0520371 0.152404
-0.0520371 0.152404
-0.053887 0.158136
-0.053887 0.158136
-0.0544132 0.159769
-0.0544132 0.159769
-0.0568089 0.167223
-0.0568089 0.167223
-0.0609558 0.180158
-0.0609558 0.180158
-0.0649214 0.192552
-0.0649214 0.192552
-0.0685529 0.203901
-0.0685529 0.203901
-0.0706232 0.210283
-0.0706232 0.210283
-0.0740829 0.220682
-0.0740829 0.220682
-0.0777223 0.231589
-0.0777223 0.231589
-0.0807054 0.240588
-0.0807054 0.240588
-0.0828798 0.247153
-0.0828798 0.247153
-0.0844996 0.252051
-0.0844996 0.252051
-0.0890448 0.265822
-0.0890448 0.265822
-0.0919209 0.274555
-0.0919209 0.274555
-0.0939789 0.280819
-0.0939789 0.280819
-0.0984777 0.294524
-0.0984777 0.294524
-0.100227 0.299836
-0.100227 0.299836
-0.104516 0.312441
-0.104516 0.312441
-0.10579 0.316163
-0.10579 0.316163
-0.110117 0.328902
-0.110117 0.328902
-0.113144 0.337814
-0.113144 0.337814
-0.116511 0.347741
-0.116511 0.347741
-0.118772 0.354418
-0.118772 0.354418
-0.121603 0.362798
-0.121603 0.362798
-0.123679 0.368957
-0.123679 0.368957
-0.128805 0.384188
-0.128805 0.384188
-0.13276 0.39593
-0.13276 0.39593
-0.135268 0.40321
-0.135268 0.40321
-0.137164 0.408629
-0.137164 0.408629
-0.141202 0.420197
-0.141202 0.420197
-0.144394 0.429372
-0.144394 0.429372
-0.147201 0.437448
-0.147201 0.437448
-0.151307 0.449281
-0.151307 0.449281
-0.154594 0.458773
-0.154594 0.458773
-0.157765 0.467949
-0.157765 0.467949
-0.160085 0.474676
-0.160085 0.474676
-0.16462 0.48783
-0.16462 0.48783
-0.164648 0.487911
-0.164648 0.487911
-0.170675 0.504772
-0.170675 0.504772
-0.17244 0.509692
-0.17244 0.509692
-0.176098 0.519965
-0.176098 0.519965
-0.177838 0.524854
-0.177838 0.524854
-0.181635 0.535538
-0.181635 0.535538
-0.186111 0.548156
-0.186111 0.548156
-0.189452 0.557596
-0.189452 0.557596
-0.191754 0.564112
-0.191754 0.564112
-0.196683 0.578082
-0.196683 0.578082
-0.197379 0.580052
-0.197379 0.580052
-0.200937 0.589825
-0.200937 0.589825
-0.20523 0.601531
-0.20523 0.601531
-0.205827 0.603172
-0.205827 0.603172
-0.211033 0.617474
-0.211033 0.617474
-0.215408 0.629507
-0.215408 0.629507
-0.217485 0.635227
-0.217485 0.635227
-0.219953 0.642041
-0.219953 0.642041
-0.224916 0.655771
-0.224916 0.655771
-0.228208 0.664891
-0.228208 0.664891
-0.230928 0.672427
-0.230928 0.672427
-0.233147 0.678468
-0.233147 0.678468
-0.237366 0.689747
-0.237366 0.689747
-0.239352 0.695058
-0.239352 0.695058
-0.244289 0.708331
-0.244289 0.708331
-0.246861 0.715251
-0.246861 0.715251
-0.249968 0.723622
-0.249968 0.723622
-0.251523 0.72782
-0.251523 0.72782
-0.256397 0.741004
-0.256397 0.741004
-0.257552 0.744136
-0.257552 0.744136
-0.261786 0.755617
-0.261786 0.755617
-0.265783 0.766405
-0.265783 0.766405
-0.27087 0.779743
-0.27087 0.779743
-0.271859 0.782324
-0.271859 0.782324
-0.275221 0.791177
-0.275221 0.791177
-0.280679 0.805556
-0.280679 0.805556
-0.286056 0.819738
-0.286056 0.819738
-0.287275 0.822958
-0.287275 0.822958
-0.290227 0.830774
-0.290227 0.830774
-0.294186 0.841276
-0.294186 0.841276
-0.29604 0.8462
-0.29604 0.8462
-0.301506 0.8607
-0.301506 0.8607
-0.304878 0.869428
-0.304878 0.869428
-0.308359 0.87835
-0.308359 0.87835
-0.311777 0.887191
-0.311777 0.887191
-0.316201 0.898742
-0.316201 0.898742
-0.321681 0.91307
-0.321681 0.91307
-0.325019 0.921811
-0.325019 0.921811
-0.328911 0.932023
-0.328911 0.932023
-0.331794 0.939603
-0.331794 0.939603
-0.338001 0.955914
-0.338001 0.955914
-0.337708 0.955159
-0.337708 0.955159
-0.34231 0.966934
-0.34231 0.966934
-0.34614 0.976791
-0.34614 0.976791
-0.352029 0.991956
-0.352029 0.991956
-0.35689 1.00449
-0.35689 1.00449
-0.35862 1.00896
-0.35862 1.00896
-0.36385 1.0225
-0.36385 1.0225
-0.368424 1.03419
-0.368424 1.03419
-0.370561 1.03933
-0.370561 1.03933
-0.377176 1.05409
-0.377176 1.05409
-0.380891 1.06197
-0.380891 1.06197
-0.386609 1.0735
-0.386609 1.0735
-0.392864 1.0855
-0.392864 1.0855
-0.395777 1.09083
-0.395777 1.09083
-0.404287 1.10567
-0.404287 1.10567
-0.408081 1.112
-0.408081 1.112
-0.41788 1.12762
-0.41788 1.12762
-0.42026 1.13114
-0.42026 1.13114
-0.425715 1.13862
-0.425715 1.13862
-0.43083 1.14504
-0.43083 1.14504
-0.43976 1.15526
-0.43976 1.15526
-0.444689 1.16046
-0.444689 1.16046
-0.455516 1.17096
-0.455516 1.17096
-0.465792 1.18014
-0.465792 1.18014
-0.478977 1.19108
-0.478977 1.19108
-0.48214 1.19361
-0.48214 1.19361
-0.491119 1.2005
-0.491119 1.2005
-0.500269 1.20726
-0.500269 1.20726
-0.512619 1.21602
-0.512619 1.21602
-0.520603 1.22145
-0.520603 1.22145
-0.532012 1.22882
-0.532012 1.22882
-0.540874 1.23427
-0.540874 1.23427
-0.549907 1.23965
-0.549907 1.23965
-0.560206 1.24554
-0.560206 1.24554
-0.572665 1.25234
-0.572665 1.25234
-0.580968 1.25666
-0.580968 1.25666
-0.589381 1.26083
-0.589381 1.26083
-0.603823 1.26764
-0.603823 1.26764
-0.613542 1.27199
-0.613542 1.27199
-0.622915 1.27597
-0.622915 1.27597
-0.636162 1.2814
-0.636162 1.2814
-0.645471 1.285
-0.645471 1.285
-0.66073 1.29055
-0.66073 1.29055
-0.669961 1.29369
-0.669961 1.29369
-0.678662 1.29646
-0.678662 1.29646
-0.693231 1.30077
-0.693231 1.30077
-0.700891 1.30287
-0.700891 1.30287
-0.714458 1.30636
-0.714458 1.30636
-0.719539 1.30765
-0.719539 1.30765
-0.736155 1.31191
-0.736155 1.31191
-0.752097 1.31598
-0.752097 1.31598
-0.758064 1.31749
-0.758064 1.31749
-0.769318 1.32035
-0.769318 1.32035
-0.783074 1.32382
-0.783074 1.32382
-0.789391 1.32542
-0.789391 1.32542
-0.804279 1.32918
-0.804279 1.32918
-0.815047 1.33203
-0.815047 1.33203
-0.821528 1.33376
-0.821528 1.33376
-0.835439 1.33749
-0.835439 1.33749
-0.848694 1.34103
-0.848694 1.34103
-0.863251 1.34491
-0.863251 1.34491
-0.874683 1.34795
-0.874683 1.34795
-0.886906 1.35118
-0.886906 1.35118
-0.893352 1.35289
-0.893352 1.35289
-0.909099 1.35709
-0.909099 1.35709
-0.916341 1.35902
-0.916341 1.35902
-0.928237 1.36186
-0.928237 1.36186
-0.933845 1.36298
-0.933845 1.36298
-0.945909 1.36485
-0.945909 1.36485
-0.950259 1.36534
-0.950259 1.36534
-0.967407 1.36657
-0.967407 1.36657
-0.97181 1.36671
-0.97181 1.36671
-0.991806 1.36669
-0.991806 1.36669
-1.00537 1.3663
-1.00537 1.3663
-1.01748 1.36572
-1.01748 1.36572
-1.02701 1.36508
-1.02701 1.36508
-1.0379 1.36413
-1.0379 1.36413
-1.0468 1.36318
-1.0468 1.36318
-1.06429 1.36094
-1.06429 1.36094
-1.072 1.35978
-1.072 1.35978
-1.07283 1.35964
-1.07283 1.35964
-1.0874 1.35685
-1.0874 1.35685
-1.10789 1.3525
-1.10789 1.3525
-1.1128 1.35135
-1.1128 1.35135
-1.12032 1.34943
-1.12032 1.34943
-1.13597 1.34511
-1.13597 1.34511
-1.14499 1.34242
-1.14499 1.34242
-1.15943 1.3378
-1.15943 1.3378
-1.17056 1.33374
-1.17056 1.33374
-1.18003 1.32974
-1.18003 1.32974
-1.19039 1.32486
-1.19039 1.32486
-1.19956 1.32006
-1.19956 1.32006
-1.20326 1.31793
-1.20326 1.31793
-1.21975 1.30751
-1.21975 1.30751
-1.22823 1.30171
-1.22823 1.30171
-1.23382 1.29755
-1.23382 1.29755
-1.24553 1.28812
-1.24553 1.28812
-1.25474 1.28008
-1.25474 1.28008
-1.26262 1.27263
-1.26262 1.27263
-1.26707 1.26808
-1.26707 1.26808
-1.27691 1.25721
-1.27691 1.25721
-1.28106 1.25241
-1.28106 1.25241
-1.28911 1.24273
-1.28911 1.24273
-1.29932 1.22994
-1.29932 1.22994
-1.30934 1.21683
-1.30934 1.21683
-1.31116 1.21435
-1.31116 1.21435
-1.3189 1.20334
-1.3189 1.20334
-1.32427 1.19537
-1.32427 1.19537
-1.32881 1.18835
-1.32881 1.18835
-1.33671 1.17514
-1.33671 1.17514
-1.339 1.17092
-1.339 1.17092
-1.34566 1.15732
-1.34566 1.15732
-1.35001 1.14742
-1.35001 1.14742
-1.35366 1.13808
-1.35366 1.13808
-1.35918 1.12205
-1.35918 1.12205
-1.36194 1.1131
-1.36194 1.1131
-1.36423 1.10447
-1.36423 1.10447
-1.36773 1.08888
-1.36773 1.08888
-1.3697 1.07811
-1.3697 1.07811
-1.37043 1.07299
-1.37043 1.07299
-1.37229 1.0548
-1.37229 1.0548
-1.373 1.04357
-1.373 1.04357
-1.37338 1.03159
-1.37338 1.03159
-1.3733 1.02245
-1.3733 1.02245
-1.37268 1.00987
-1.37268 1.00987
-1.37186 1.00089
-1.37186 1.00089
-1.37025 0.988666
-1.37025 0.988666
-1.36871 0.979777
-1.36871 0.979777
-1.3672 0.972715
-1.3672 0.972715
-1.36426 0.961155
-1.36426 0.961155
-1.35937 0.944609
-1.35937 0.944609
-1.35836 0.941621
-1.35836 0.941621
-1.35276 0.927006
-1.35276 0.927006
-1.34756 0.914912
-1.34756 0.914912
-1.34765 0.915096
-1.34765 0.915096
-1.33819 0.897621
-1.33819 0.897621
-1.33366 0.889984
-1.33366 0.889984
-1.32829 0.881705
-1.32829 0.881705
-1.31897 0.868528
-1.31897 0.868528
-1.30851 0.854941
-1.30851 0.854941
-1.3058 0.851699
-1.3058 0.851699
-1.29869 0.843857
-1.29869 0.843857
-1.29418 0.839228
-1.29418 0.839228
-1.28128 0.82694
-1.28128 0.82694
-1.27663 0.822824
-1.27663 0.822824
-1.26385 0.812035
-1.26385 0.812035
-1.25605 0.805772
-1.25605 0.805772
-1.24372 0.796303
-1.24372 0.796303
-1.23538 0.790178
-1.23538 0.790178
-1.22716 0.784383
-1.22716 0.784383
-1.21814 0.778184
-1.21814 0.778184
-1.2111 0.773374
-1.2111 0.773374
-1.20061 0.766181
-1.20061 0.766181
-1.1931 0.761028
-1.1931 0.761028
-1.17978 0.751875
-1.17978 0.751875
-1.16841 0.744119
-1.16841 0.744119
-1.16097 0.739063
-1.16097 0.739063
-1.15189 0.732871
-1.15189 0.732871
-1.14452 0.727632
-1.14452 0.727632
-1.12736 0.715394
-1.12736 0.715394
-1.11231 0.704635
-1.11231 0.704635
-1.10295 0.697938
-1.10295 0.697938
-1.09051 0.689081
-1.09051 0.689081
-1.07697 0.679471
-1.07697 0.679471
-1.06749 0.672675
-1.06749 0.672675
-1.05082 0.66053
-1.05082 0.66053
-1.04064 0.653099
-1.04064 0.653099
-1.02539 0.641943
-1.02539 0.641943
-1.01209 0.632264
-1.01209 0.632264
-0.99862 0.622486
-0.99862 0.622486
-0.987788 0.614558
-0.987788 0.614558
-0.971733 0.602781
-0.971733 0.602781
-0.953103 0.589083
-0.953103 0.589083
-0.939136 0.578804
-0.939136 0.578804
-0.924726 0.568255
-0.924726 0.568255
-0.91222 0.559125
-0.91222 0.559125
-0.90094 0.550811
-0.90094 0.550811
-0.882301 0.536997
-0.882301 0.536997
-0.867173 0.525404
-0.867173 0.525404
-0.853274 0.514313
-0.853274 0.514313
-0.840469 0.503727
-0.840469 0.503727
-0.823677 0.489301
-0.823677 0.489301
-0.811815 0.478581
-0.811815 0.478581
-0.79877 0.466272
-0.79877 0.466272
-0.785812 0.453521
-0.785812 0.453521
-0.774246 0.44185
-0.774246 0.44185
-0.761535 0.429056
-0.761535 0.429056
-0.748939 0.416399
-0.748939 0.416399
-0.735524 0.402805
-0.735524 0.402805
-0.72395 0.39104
-0.72395 0.39104
-0.711433 0.378315
-0.711433 0.378315
-0.70046 0.367146
-0.70046 0.367146
-0.684722 0.35057
-0.684722 0.35057
-0.674598 0.33948
-0.674598 0.33948
-0.66072 0.323498
-0.66072 0.323498
-0.652494 0.313603
-0.652494 0.313603
-0.637303 0.294669
-0.637303 0.294669
-0.63037 0.285681
-0.63037 0.285681
-0.620737 0.27268
-0.620737 0.27268
-0.604695 0.250105
-0.604695 0.250105
-0.599651 0.242658
-0.599651 0.242658
-0.587424 0.223831
-0.587424 0.223831
-0.576458 0.206208
-0.576458 0.206208
-0.570578 0.196329
-0.570578 0.196329
-0.558593 0.175249
-0.558593 0.175249
-0.549047 0.157642
-0.549047 0.157642
-0.542206 0.144438
-0.542206 0.144438
-0.535532 0.130642
-0.535532 0.130642
-0.529247 0.1162
-0.529247 0.1162
-0.52489 0.10497
-0.52489 0.10497
-0.519553 0.0893551
-0.519553 0.0893551
-0.515369 0.0753949
-0.515369 0.0753949
-0.511229 0.0592535
-0.511229 0.0592535
-0.507485 0.0401334
-0.507485 0.0401334
-0.505613 0.0259775
-0.505613 0.0259775
-0.504505 0.010197
-0.504505 0.010197
-0.504325 -0.00381515
-0.504325 -0.00381515
-0.505216 -0.023016
-0.505216 -0.023016
-0.507482 -0.0442961
-0.507482 -0.0442961
-0.509024 -0.0534897
-0.509024 -0.0534897
-0.511143 -0.0627161
-0.511143 -0.0627161
-0.516551 -0.0811686
-0.516551 -0.0811686
-0.520619 -0.0921465
-0.520619 -0.0921465
-0.527004 -0.106616
-0.527004 -0.106616
-0.53732 -0.126584
-0.53732 -0.126584
-0.545533 -0.14042
-0.545533 -0.14042
-0.553109 -0.151621
-0.553109 -0.151621
-0.564474 -0.166446
-0.564474 -0.166446
-0.58147 -0.186321
-0.58147 -0.186321
-0.589663 -0.195139
-0.589663 -0.195139
-0.603405 -0.209216
-0.603405 -0.209216
-0.615694 -0.221316
-0.615694 -0.221316
-0.631755 -0.236511
-0.631755 -0.236511
-0.639782 -0.243803
-0.639782 -0.243803
-0.657245 -0.259037
-0.657245 -0.259037
-0.669529 -0.269383
-0.669529 -0.269383
-0.686501 -0.283207
-0.686501 -0.283207
-0.699547 -0.29383
-0.699547 -0.29383
-0.712924 -0.304713
-0.712924 -0.304713
-0.728976 -0.31776
-0.728976 -0.31776
-0.742029 -0.328374
-0.742029 -0.328374
-0.754273 -0.338379
-0.754273 -0.338379
-0.771152 -0.352109
-0.771152 -0.352109
-0.782429 -0.361277
-0.782429 -0.361277
-0.796742 -0.372904
-0.796742 -0.372904
-0.809786 -0.38349
-0.809786 -0.38349
-0.824502 -0.39546
-0.824502 -0.39546
-0.839894 -0.407982
-0.839894 -0.407982
-0.854191 -0.419596
-0.854191 -0.419596
-0.871649 -0.433769
-0.871649 -0.433769
-0.880658 -0.441075
-0.880658 -0.441075
-0.893854 -0.451772
-0.893854 -0.451772
-0.908189 -0.463458
-0.908189 -0.463458
-0.919988 -0.473033
-0.919988 -0.473033
-0.940765 -0.489887
-0.940765 -0.489887
-0.951241 -0.49838
-0.951241 -0.49838
-0.965298 -0.509764
-0.965298 -0.509764
-0.979989 -0.521658
-0.979989 -0.521658
-0.995973 -0.534826
-0.995973 -0.534826
-1.00581 -0.542873
-1.00581 -0.542873
-1.0288 -0.561654
-1.0288 -0.561654
-1.04114 -0.571735
-1.04114 -0.571735
-1.05895 -0.586263
-1.05895 -0.586263
-1.07306 -0.597848
-1.07306 -0.597848
-1.09125 -0.612704
-1.09125 -0.612704
-1.10058 -0.620317
-1.10058 -0.620317
-1.11511 -0.632172
-1.11511 -0.632172
-1.13337 -0.647051
-1.13337 -0.647051
-1.14802 -0.65904
-1.14802 -0.65904
-1.16725 -0.674723
-1.16725 -0.674723
-1.17808 -0.683555
-1.17808 -0.683555
-1.19433 -0.6968
-1.19433 -0.6968
-1.20956 -0.709195
-1.20956 -0.709195
-1.22179 -0.719189
-1.22179 -0.719189
-1.23673 -0.731752
-1.23673 -0.731752
-1.249 -0.742487
-1.249 -0.742487
-1.26427 -0.756401
-1.26427 -0.756401
-1.27454 -0.766131
-1.27454 -0.766131
-1.28947 -0.780852
-1.28947 -0.780852
-1.30723 -0.799028
-1.30723 -0.799028
-1.31878 -0.811342
-1.31878 -0.811342
-1.33186 -0.825876
-1.33186 -0.825876
-1.34639 -0.842973
-1.34639 -0.842973
-1.35866 -0.85863
-1.35866 -0.85863
-1.36641 -0.869273
-1.36641 -0.869273
-1.3765 -0.88455
-1.3765 -0.88455
-1.38572 -0.900563
-1.38572 -0.900563
-1.39379 -0.916804
-1.39379 -0.916804
-1.40106 -0.933786
-1.40106 -0.933786
-1.4079 -0.952779
-1.4079 -0.952779
-1.41503 -0.977028
-1.41503 -0.977028
-1.41972 -0.997377
-1.41972 -0.997377
-1.42304 -1.0168
-1.42304 -1.0168
-1.42508 -1.0354
-1.42508 -1.0354
-1.42589 -1.05201
-1.42589 -1.05201
-1.42556 -1.08045
-1.42556 -1.08045
-1.42454 -1.0945
-1.42454 -1.0945
-1.42155 -1.11447
-1.42155 -1.11447
-1.41665 -1.13563
-1.41665 -1.13563
-1.40828 -1.16183
-1.40828 -1.16183
-1.40115 -1.1792
-1.40115 -1.1792
-1.39135 -1.19847
-1.39135 -1.19847
-1.38406 -1.21036
-1.38406 -1.21036
-1.37298 -1.22554
-1.37298 -1.22554
-1.36026 -1.2404
-1.36026 -1.2404
-1.34969 -1.25095
-1.34969 -1.25095
-1.33443 -1.26419
-1.33443 -1.26419
-1.31457 -1.27928
-1.31457 -1.27928
-1.3059 -1.2851
-1.3059 -1.2851
-1.29295 -1.29273
-1.29295 -1.29273
-1.2805 -1.29909
-1.2805 -1.29909
-1.26601 -1.30544
-1.26601 -1.30544
-1.2421 -1.31432
-1.2421 -1.31432
-1.2277 -1.319
-1.2277 -1.319
-1.21177 -1.32347
-1.21177 -1.32347
-1.1901 -1.3286
-1.1901 -1.3286
-1.17232 -1.33205
-1.17232 -1.33205
-1.15509 -1.33478
-1.15509 -1.33478
-1.13932 -1.33665
-1.13932 -1.33665
-1.11724 -1.33839
-1.11724 -1.33839
-1.09907 -1.33907
-1.09907 -1.33907
-1.08159 -1.33905
-1.08159 -1.33905
-1.05893 -1.33817
-1.05893 -1.33817
-1.04051 -1.33672
-1.04051 -1.33672
-1.02252 -1.3346
-1.02252 -1.3346
-1.00259 -1.33141
-1.00259 -1.33141
-0.982539 -1.3273
-0.982539 -1.3273
-0.964985 -1.32295
-0.964985 -1.32295
-0.948948 -1.31829
-0.948948 -1.31829
-0.93555 -1.31379
-0.93555 -1.31379
-0.911715 -1.30477
-0.911715 -1.30477
-0.896213 -1.2982
-0.896213 -1.2982
-0.879155 -1.29007
-0.879155 -1.29007
-0.861486 -1.28073
-0.861486 -1.28073
-0.84161 -1.26916
-0.84161 -1.26916
-0.828511 -1.26086
-0.828511 -1.26086
-0.814936 -1.25149
-0.814936 -1.25149
-0.799871 -1.2402
-0.799871 -1.2402
-0.788193 -1.23061
-0.788193 -1.23061
-0.772653 -1.21681
-0.772653 -1.21681
-0.761141 -1.20574
-0.761141 -1.20574
-0.74402 -1.18791
-0.74402 -1.18791
-0.733196 -1.17603
-0.733196 -1.17603
-0.722248 -1.16393
-0.722248 -1.16393
-0.708612 -1.14891
-0.708612 -1.14891
-0.694982 -1.1339
-0.694982 -1.1339
-0.682818 -1.1205
-0.682818 -1.1205
-0.666449 -1.10247
-0.666449 -1.10247
-0.656412 -1.09142
-0.656412 -1.09142
-0.641381 -1.07492
-0.641381 -1.07492
-0.633805 -1.06661
-0.633805 -1.06661
-0.61642 -1.04753
-0.61642 -1.04753
-0.600602 -1.03017
-0.600602 -1.03017
-0.587101 -1.01536
-0.587101 -1.01536
-0.572785 -0.999704
-0.572785 -0.999704
-0.560326 -0.986027
-0.560326 -0.986027
-0.541021 -0.964037
-0.541021 -0.964037
-0.528852 -0.949607
-0.528852 -0.949607
-0.520469 -0.93929
-0.520469 -0.93929
-0.503321 -0.917617
-0.503321 -0.917617
-0.490067 -0.90085
-0.490067 -0.90085
-0.473476 -0.879852
-0.473476 -0.879852
-0.4577 -0.859892
-0.4577 -0.859892
-0.446782 -0.846172
-0.446782 -0.846172
-0.431672 -0.82712
-0.431672 -0.82712
-0.420146 -0.812575
-0.420146 -0.812575
-0.406185 -0.794949
-0.406185 -0.794949
-0.390281 -0.774888
-0.390281 -0.774888
-0.378292 -0.759824
-0.378292 -0.759824
-0.365653 -0.743926
-0.365653 -0.743926
-0.349728 -0.723877
-0.349728 -0.723877
-0.340987 -0.712871
-0.340987 -0.712871
-0.323629 -0.691065
-0.323629 -0.691065
-0.305708 -0.668594
-0.305708 -0.668594
-0.29302 -0.652671
-0.29302 -0.652671
-0.280915 -0.637207
-0.280915 -0.637207
-0.269678 -0.622244
-0.269678 -0.622244
-0.255561 -0.602814
-0.255561 -0.602814
-0.243408 -0.585389
-0.243408 -0.585389
-0.227531 -0.562429
-0.227531 -0.562429
-0.219294 -0.550504
-0.219294 -0.550504
-0.202966 -0.526885
-0.202966 -0.526885
-0.195638 -0.516382
-0.195638 -0.516382
-0.182833 -0.497981
-0.182833 -0.497981
-0.166552 -0.474551
-0.166552 -0.474551
-0.156684 -0.460338
-0.156684 -0.460338
-0.144359 -0.442659
-0.144359 -0.442659
-0.132333 -0.425492
-0.132333 -0.425492
-0.11623 -0.402458
-0.11623 -0.402458
-0.104253 -0.384994
-0.104253 -0.384994
-0.0938763 -0.369187
-0.0938763 -0.369187
-0.0801237 -0.347501
-0.0801237 -0.347501
-0.0721853 -0.334414
-0.0721853 -0.334414
-0.0621904 -0.317128
-0.0621904 -0.317128
-0.0487735 -0.292757
-0.0487735 -0.292757
-0.0382456 -0.272773
-0.0382456 -0.272773
-0.0298135 -0.256097
-0.0298135 -0.256097
-0.0205317 -0.236809
-0.0205317 -0.236809
-0.0109641 -0.215783
-0.0109641 -0.215783
-0.00293571 -0.197112
-0.00293571 -0.197112
0.00415468 -0.179872
0.00415468 -0.179872
0.0106507 -0.163198
0.0106507 -0.163198
0.0183897 -0.142131
0.0183897 -0.142131
0.0242571 -0.125016
0.0242571 -0.125016
0.0325083 -0.0995218
0.0325083 -0.0995218
0.0401882 -0.0741783
0.0401882 -0.0741783
0.044471 -0.0590068
0.044471 -0.0590068
0.0519088 -0.0305402
0.0519088 -0.0305402
0.0567224 -0.0101014
0.0567224 -0.0101014
0.0585719 0.000116972
0.0585719 0.000116972
0.0578791 -0.00401502
0.0578791 -0.00401502
0.0578491 -0.00419479
0.0578491 -0.00419479
0.0581276 -0.002511
0.0581276 -0.002511
0.0576236 -0.00557874
0.0576236 -0.00557874
0.0574002 -0.00694769
0.0574002 -0.00694769
0.0577255 -0.00494126
0.0577255 -0.00494126
0.0572547 -0.00786426
0.0572547 -0.00786426
0.0577821 -0.0045676
0.0577821 -0.0045676
0.0580206 -0.00306637
0.0580206 -0.00306637
0.0577187 -0.0049789
0.0577187 -0.0049789
0.0568622 -0.0104435
0.0568622 -0.0104435
0.0578169 -0.00431146
0.0578169 -0.00431146
0.0579438 -0.00349104
0.0579438 -0.00349104
0.0577358 -0.00484527
