0
0
0
0
0
0
0
0
0
0
0
0
0
0
0
0
0
0
0
0
0
0
0
0
0
0
0
0
0
0
0
0
0
0
0
0
0
0
0
0
0
0
0
0
0
0
0
0
0
0
0
0
0
0
0
0
0
0
0
0
0
0
0
0
0
0
0
0
0
0
0
0
0
0
0
0
0
0
0
0
0
0
0
0
0
0
0
0
0
0
0
0
0
0
0
0
0
0
0
0
0
0
0
0
0
0
0
0
0
0
0
0
0
0
0
0
0
0
0
0
0
0
0
0
0
0
0
0
0
0
0
0
0
0
0
0
0
0.000898741
0.000946666
0.000994535
0.00102658
0.00105859
0.00112207
0.00116974
0.00121734
0.00124921
0.0013124
0.00135984
0.00140724
0.00143896
0.00151746
0.0015491
0.00158071
0.0016434
0.00167494
0.00173748
0.00178445
0.00183135
0.00189366
0.00194044
0.00197175
0.00200304
0.00206508
0.00209026
0.00209359
0.00206456
0.00193997
0.00186272
0.00171455
0.00157134
0.00146522
0.00139413
0.00132267
0.00117905
0.0011056
0.00095763
0.000845179
0.000733967
0.000626794
0.000559977
0.000454324
0.000425505
0.000505363
0.000748251
0.00139386
0.00174642
0.00247456
0.00282877
0.0033152
0.00344439
0.00370412
0.0038361
0.00410114
0.00437036
0.00457547
0.00471412
0.00499198
0.00513272
0.00541402
0.00555657
0.00584094
0.0059848
0.00627127
0.00641594
0.00656077
0.0068485
0.00699343
0.00728072
0.00749601
0.00778016
0.00792213
0.00813227
0.00833947
0.00847602
0.00874065
0.00893326
0.00911988
0.00924131
0.0094733
0.0096403
0.00979951
0.00989768
0.00995689
0.0097945
0.00945105
0.00921114
0.00900518
0.00896625
0.00904705
0.00913696
0.00922476
0.00930905
0.00936347
0.00946724
0.00954228
0.00961583
0.00971255
0.00976124
0.00983445
0.00990885
0.00998487
0.0100628
0.0101419
0.010269
0.0103385
0.0104103
0.0105795
0.0106815
0.0109017
0.0111453
0.0113442
0.0114849
0.011703
0.0118066
0.0118729
0.0118999
0.0118994
0.0118986
0.0118976
0.0118964
0.0122204
0.0128155
0.0135436
0.0136164
0.0144784
0.0139784
0.0146829
0.0136918
0.0135446
0.0133955
0.0132448
0.01222
0.0129426
0.0136995
0.0153238
0.0142914
0.0142123
0.0150626
0.0140474
0.0149049
0.014798
0.014809
0.0148033
0.0148045
0.0157468
0.0148269
0.0148503
0.0148819
0.0149206
0.0159048
0.0150316
0.0151234
0.0151413
0.015154
0.0151681
0.0151833
0.0151988
0.0161896
0.0142464
0.0152363
0.0142584
0.0152477
0.0176068
0.0192608
0.0205942
0.019268
0.0205826
0.0192513
0.0179253
0.0179255
0.0192428
0.0205629
0.0192891
0.0206274
0.0197025
0.0214311
0.0206779
0.0207776
0.0208864
0.0198117
0.0201287
0.0215239
0.0204481
0.0218097
0.0219494
0.0264064
0.0287302
0.0278086
0.0279312
0.0280472
0.0296996
0.0282624
0.0298957
0.0284668
0.0285751
0.0286944
0.0288301
0.0290864
0.0296598
0.0314743
0.0301958
0.0318254
0.0306888
0.0323676
0.0311446
0.0327673
0.0315461
0.0331481
0.0276142
0.0278159
0.0267304
0.0282018
0.0296891
0.028571
0.0300362
0.0302134
0.0303988
0.0293596
0.035006
0.0303025
0.030606
0.0308262
0.0310608
0.0314158
0.0316748
0.0307615
0.0321564
0.0335759
0.0337984
0.0340137
0.0330506
0.0332584
0.0323444
0.033659
0.0349996
0.0340522
0.0353787
0.0344645
0.0357891
0.0351334
0.0366625
0.0358636
0.0360783
0.0363286
0.0366603
0.0379788
0.0371288
0.0384347
0.0375812
0.0377982
0.0380088
0.0382133
0.0384121
0.038606
0.0422666
0.0389844
0.0391743
0.039369
0.0386017
0.0398124
0.0411854
0.040671
0.0418867
0.0410655
0.0422999
0.0406397
0.0418218
0.0420348
0.0422429
0.0434445
0.0426421
0.0438272
0.043017
0.0431962
0.0433709
0.0445233
0.0437125
0.0438847
0.044062
0.0442476
0.0445047
0.0449554
0.0462115
0.0454239
0.0465568
0.0458672
0.0470484
0.0462845
0.0474244
0.0466548
0.046832
0.0470031
0.0471683
0.0473281
0.0465776
0.0467312
0.0477809
0.0479279
0.0480775
0.049154
0.0483976
0.0495238
0.0490874
0.050227
0.0494423
0.0487432
0.0498588
0.0500348
0.0493126
0.0503583
0.0514355
0.0506625
0.0508058
0.0509435
0.0519962
0.0512034
0.0522436
0.0514483
0.0515696
0.051694
0.0518241
0.0519704
0.052281
0.0517736
0.0527678
0.0537954
0.0530414
0.0532648
0.053402
0.0544443
0.0536687
0.054703
0.0539153
0.0549388
0.0541388
0.0542426
0.0543417
0.0553428
0.0545307
0.0555245
0.054723
0.0557169
0.054964
0.0560977
0.0555546
0.0565504
0.0557367
0.059142
0.0597772
0.0611834
0.0589234
0.0614516
0.0591744
0.0604691
0.0605758
0.0606754
0.0607692
0.0608599
0.0609519
0.0610499
0.061165
0.0614549
0.0629003
0.061807
0.0619247
0.0621328
0.062253
0.0623693
0.0624795
0.0625822
0.062677
0.062764
0.0628437
0.0629172
0.0668356
0.0669532
0.0671224
0.0673119
0.067549
0.0692607
0.0683594
0.0686452
0.0689228
0.0705388
0.0707745
0.0695805
0.0697813
0.0685362
0.0686978
0.0703134
0.0704672
0.0706094
0.0722671
0.0708737
0.072589
0.0712913
0.0731603
0.0720771
0.0739802
0.0728764
0.0720288
0.0739916
0.0743012
0.0746018
0.0765907
0.0751664
0.0771673
0.0756804
0.0833616
0.081818
0.0821767
0.0823963
0.0825716
0.0827356
0.0828865
0.0830243
0.0831507
0.0851469
0.0833885
0.0853932
0.0836403
0.0857683
0.0860996
0.0862648
0.0845742
0.0867653
0.0854909
0.0856899
0.0858769
0.0879476
0.0862067
0.0804268
0.0864717
0.08658
0.0866728
0.0788673
0.080866
0.0809214
0.0809842
0.0810539
0.0831309
0.0878656
0.0900052
0.0822989
0.0824799
0.0826509
0.082809
0.0829515
0.0830777
0.0831877
0.0813304
0.0814034
0.0834247
0.0834828
0.0835437
0.0855882
0.0841461
0.0862307
0.084266
0.0862569
0.0843632
0.0864011
0.0845016
0.08652
0.0846085
0.0826782
0.0846726
0.0846845
0.0846837
0.0846728
0.086641
0.0846465
0.0866347
0.0869723
0.0854638
0.0854932
0.0874962
0.0856029
0.0857388
0.0858256
0.0859106
0.0859897
0.0860591
0.0861159
0.0861596
0.0881512
0.086211
0.0881892
0.0862427
0.0941884
0.0927377
0.0915573
0.0917277
0.0938383
0.0940764
0.0942858
0.0964536
0.0948542
0.0969976
0.0953263
0.0974522
0.0957457
0.0978561
0.0961524
0.098406
0.097089
0.0991833
0.0973701
0.099382
0.0974783
0.0994654
0.0975186
0.0994824
0.097499
0.0994459
0.0974451
0.0993782
0.0974662
0.0975849
0.0976899
0.0958574
0.0978752
0.0979615
0.0961052
0.0980935
0.0981342
0.0981575
0.0981634
0.0981519
0.0981233
0.0980787
0.0980208
0.0979574
0.0998507
0.103772
0.103786
0.103811
0.105814
0.104522
0.103191
0.105136
0.107066
0.105227
0.107116
0.105243
0.10709
0.105196
0.107015
0.105288
0.10714
0.105255
0.107007
0.105086
0.106784
0.104823
0.104659
0.0992316
0.104274
0.104065
0.103853
0.103663
0.105372
0.104269
0.104257
0.104106
0.103948
0.105507
0.1036
0.105131
0.103194
0.102969
0.102728
0.102472
0.100489
0.101923
0.103358
0.101369
0.101458
0.10153
0.102929
0.101009
0.100746
0.100641
0.102078
0.100219
0.101512
0.0996572
0.0993576
0.0990491
0.0987388
0.097099
0.0984439
0.0996314
0.0977998
0.0974166
0.0970125
0.0965878
0.0975455
0.0956786
0.0965686
0.0946959
0.0941818
0.0936633
0.0931499
0.0939453
0.0924407
0.0932043
0.09145
0.0909251
0.0903903
0.0898442
0.0904273
0.0887146
0.0892338
0.0875336
0.0879887
0.0863145
0.0867169
0.0851568
0.0854975
0.083874
0.0841452
0.0834451
0.082729
0.080307
0.0804093
0.0789137
0.078952
0.0782291
0.0776265
0.0777708
0.0765176
0.0759158
0.0752447
0.0745667
0.0733519
0.0731865
0.0724835
0.0717726
0.0715339
0.0703288
0.0700189
0.0688597
0.0684783
0.0673748
0.0664202
0.0656825
0.0651122
0.0641611
0.0635271
0.0627609
0.0620078
0.0613947
0.0605442
0.0598201
0.0590981
0.0584502
0.0576645
0.0569526
0.0562453
0.0555245
0.0542695
0.0535092
0.0527572
0.0520006
0.0512394
0.0504736
0.0497031
0.0489298
0.048393
0.0473853
0.0468738
0.0458997
0.0454012
0.0446775
0.044217
0.0435404
0.042812
0.0418128
0.0407118
0.0396031
0.0375045
0.0363577
0.0362397
0.035126
0.0340923
0.0330393
0.0319868
0.0322927
0.0301253
0.0342404
0.0283297
0.0271432
0.0259609
0.0247859
0.0236299
0.0225117
0.0215334
0.0229124
0.0173531
0.0187679
0.0157131
0.0175112
0.0168579
0.0246963
0.0187222
0.0154133
0.0181425
0.0150822
0.0152654
0.0154723
0.0158086
0.0190065
0.0171054
0.0203241
0.0268118
0.0299585
0.0304521
0.0285177
0.0292082
0.0323111
0.0308872
0.0338278
0.0326138
0.033542
0.0330327
0.0357182
0.0384332
0.0378479
0.040457
0.0458951
0.0469903
0.0481085
0.0477264
0.0488932
0.0514994
0.054165
0.0539005
0.056568
0.0563354
0.0575655
0.0588158
0.0614305
0.0613863
0.0625785
0.0649449
0.0649151
0.0671826
0.0672821
0.0685618
0.0698385
0.0711176
0.0717509
0.0731126
0.0744549
0.076359
0.0782954
0.0789476
0.0807954
0.081542
0.0833085
0.0841713
0.0859011
0.0869204
0.0885788
0.0896344
0.0912104
0.0923344
0.0936854
0.0950386
0.096469
0.0977578
0.0992323
0.10063
0.103185
0.104371
0.105526
0.106686
0.107851
0.109235
0.110203
0.111149
0.112592
0.113416
0.114914
0.115797
0.116626
0.117448
0.118266
0.118488
0.1216
0.121736
0.125038
0.122478
0.125958
0.124131
0.126712
0.129201
0.128726
0.131387
0.126827
0.135401
0.134546
0.137462
0.131369
0.139159
0.138097
0.141348
0.140171
0.135323
0.142226
0.143132
0.144066
0.138432
0.145908
0.146825
0.140744
0.141538
0.132712
0.135811
0.133706
0.136596
0.134667
0.137792
0.135867
0.139048
0.139701
0.140371
0.141055
0.139137
0.142401
0.14034
0.143268
0.143652
0.144208
0.142238
0.145402
0.146039
0.146702
0.14739
0.148093
0.148792
0.149379
0.147431
0.150327
0.148491
0.151581
0.152248
0.15294
0.153657
0.154398
0.15516
0.155927
0.154289
0.157226
0.157805
0.158382
0.161429
0.159796
0.160536
0.1613
0.162087
0.160587
0.163719
0.164539
0.165265
0.16367
0.166475
0.169445
0.170203
0.168748
0.169552
0.170379
0.171227
0.172094
0.170783
0.173549
0.171641
0.174392
0.172842
0.176042
0.174629
0.177859
0.178802
0.179768
0.178459
0.181728
0.180404
0.183418
0.184205
0.18512
0.183852
0.187006
0.190208
0.188979
0.189994
0.191014
0.191999
0.192843
0.193664
0.196733
0.19556
0.194449
0.197546
0.19857
0.199613
0.198592
0.196663
0.199646
0.200548
0.199744
0.200856
0.201991
0.201434
0.204335
0.20389
0.206769
0.206431
0.209258
0.208946
0.211574
0.211389
0.214034
0.21395
0.21658
0.217922
0.219293
0.220679
0.222035
0.223437
0.223886
0.225627
0.227419
0.229226
0.231043
0.233162
0.234689
0.236523
0.238393
0.240271
0.242154
0.244039
0.245923
0.247806
0.249134
0.251599
0.25352
0.255417
0.258212
0.259159
0.262086
0.262806
0.271798
0.272578
0.274851
0.27698
0.279069
0.281113
0.283097
0.285117
0.287045
0.291046
0.290803
0.294862
0.294295
0.298359
0.297477
0.301524
0.300346
0.304405
0.303096
0.307124
0.305483
0.309434
0.30783
0.31178
0.309694
0.313556
0.314548
0.312262
0.312934
0.313531
0.310909
0.314502
0.314886
0.325217
0.325637
0.325906
0.326181
0.326384
0.326543
0.329875
0.326704
0.329954
0.326736
0.330125
0.326865
0.329997
0.326596
0.326397
0.32623
0.32603
0.325802
0.325603
0.32233
0.325237
0.324871
0.324448
0.327208
0.32344
0.326105
0.322291
0.324997
0.321516
0.324132
0.320371
0.32289
0.319025
0.31827
0.314307
0.316613
0.318884
0.314925
0.314034
0.313222
0.312554
0.31162
0.310647
0.306602
0.305566
0.30755
0.303518
0.302384
0.304161
0.302921
0.301649
0.303285
0.299303
0.300908
0.296834
0.298409
0.294237
0.29284
0.298352
0.296823
0.29245
0.29369
0.292104
0.290608
0.292198
0.287948
0.28939
0.285065
0.286533
0.282156
0.283645
0.279219
0.280742
0.276353
0.275257
0.27402
0.273127
0.272193
0.267462
0.269377
0.264581
0.266534
0.261742
0.263822
0.25943
0.258203
0.26039
0.259196
0.258
0.253357
0.255532
0.25771
0.253034
0.264605
0.260333
0.25921
0.258093
0.260483
0.255865
0.254754
0.25365
0.252583
0.255199
0.251003
0.253691
0.249296
0.248457
0.247622
0.246791
0.242348
0.245167
0.248049
0.244036
0.247144
0.242997
0.246075
0.241935
0.241413
0.2409
0.244053
0.239957
0.23977
0.24323
0.239425
0.242827
0.239013
0.242454
0.238704
0.238549
0.238402
0.24195
0.238436
0.252886
0.249316
0.252869
0.249243
0.249221
0.249214
0.24565
0.249417
0.24614
0.249986
0.246764
0.247079
0.250926
0.251264
0.251614
0.248487
0.252415
0.256504
0.253668
0.257794
0.255039
0.255722
0.25309
0.257223
0.26135
0.258743
0.263001
0.260554
0.264734
0.262358
0.266567
0.26411
0.268299
0.269141
0.26667
0.264407
0.268608
0.266176
0.270385
0.27137
0.272309
0.276544
0.274161
0.278402
0.27626
0.273911
0.274844
0.279075
0.280007
0.281014
0.282004
0.283003
0.280942
0.285262
0.289549
0.287277
0.291539
0.289231
0.290203
0.291231
0.281561
0.274489
0.270701
0.26938
0.269294
0.269296
0.2693
0.269303
0.269312
0.269317
0.269328
0.269336
0.269345
0.269351
0.269363
0.269369
0.269381
0.269387
0.269402
0.269408
0.269414
0.269426
0.269432
0.269441
0.26945
0.269462
0.269474
0.269483
0.269488
0.2695
0.269506
0.269517
0.269523
0.269523
0.269523
0.269523
0.269523
0.269523
0.269523
0.269523
0.269523
0.269523
0.269523
0.269523
0.269523
0.269523
0.269523
0.269523
0.269523
0.269523
0.269523
0.269523
0.269523
0.269523
0.269523
0.269523
0.269523
0.269523
0.269523
0.269523
0.269523
0.269523
0.269523
0.269523
0.269523
0.269523
0.269523
0.269523
0.269523
0.269523
0.269523
0.269523
0.269523
0.269523
0.269523
0.269523
0.269523
0.269523
0.269523
0.269523
0.269523
0.269523
0.269523
