0 0
0 0
0 0
0 0
0 0
0 0
0 0
0 0
0 0
0 0
0 0
0 0
0 0
0 0
0 0
0 0
0 0
0 0
0 0
0 0
0 0
0 0
0 0
0 0
0 0
0 0
0 0
0 0
0 0
0 0
0 0
0 0
0 0
0 0
0 0
0 0
0 0
0 0
0 0
0 0
0 0
0 0
0 0
0 0
0 0
0 0
0 0
0 0
0 0
0 0
0 0
0 0
0 0
0 0
0 0
0 0
0 0
0 0
0 0
0 0
0 0
0 0
0 0
0 0
0 0
0 0
0.000882248 3.42901e-05
0.000930185 3.53831e-05
0.000978065 3.64781e-05
0.00101011 3.72129e-05
0.0010579 3.83112e-05
0.00110563 3.94116e-05
0.0011371 4.0139e-05
0.00120092 4.16186e-05
0.00124848 4.27253e-05
0.00129599 4.38343e-05
0.00134344 4.49454e-05
0.00139084 4.60585e-05
0.00143819 4.71738e-05
0.00150107 4.86603e-05
0.00153272 4.94105e-05
0.00156387 5.01504e-05
0.00162703 5.16554e-05
0.00167411 5.27809e-05
0.00172113 5.39084e-05
0.00178359 5.54111e-05
0.00183048 5.65432e-05
0.00186187 5.73028e-05
0.00192411 5.88133e-05
0.00195542 5.95755e-05
0.00200212 6.07146e-05
0.00204876 6.18554e-05
0.00209656 6.19916e-05
0.00209271 6.05929e-05
0.00206377 5.73534e-05
0.00197794 5.03094e-05
0.0018623 3.95222e-05
0.00175054 2.66381e-05
0.00164192 1.17842e-05
0.00150014 -1.1019e-05
0.00142897 -2.38807e-05
0.00135847 -3.75142e-05
0.00121302 -6.83642e-05
0.00106411 -0.000103595
0.000948287 -0.000133443
0.000868546 -0.000155193
0.000705335 -0.000203004
0.000620338 -0.000229537
0.000534408 -0.000257427
0.000352428 -0.000319567
0.000207372 -0.000371553
2.13589e-07 -0.000449068
-0.000426706 -0.000614656
-0.000916931 -0.000812532
-0.00141641 -0.00102165
-0.00192466 -0.0012427
-0.00241879 -0.00146676
-0.00278176 -0.00163962
-0.00303042 -0.00176836
-0.00320177 -0.00186259
-0.00331631 -0.00192815
-0.00348735 -0.00202962
-0.00365861 -0.0021355
-0.00388645 -0.00228328
-0.00400116 -0.00236079
-0.00417211 -0.00248035
-0.00434218 -0.00260434
-0.00451105 -0.00273256
-0.00467872 -0.00286514
-0.00484495 -0.003002
-0.00500953 -0.00314306
-0.00522546 -0.00333703
-0.00533282 -0.00343742
-0.00543755 -0.00353802
-0.00564684 -0.00374731
-0.00579981 -0.00390773
-0.00589913 -0.00401548
-0.00609646 -0.00423852
-0.00619127 -0.00435021
-0.00637826 -0.00458002
-0.00651279 -0.00475378
-0.00664261 -0.00492885
-0.00680674 -0.00516168
-0.00692317 -0.0053356
-0.00699769 -0.00545116
-0.00710361 -0.00562173
-0.00720301 -0.00578952
-0.00732493 -0.0060074
-0.00738246 -0.00611439
-0.0074636 -0.00627072
-0.00753577 -0.00641687
-0.0075751 -0.00650064
-0.00748753 -0.0063142
-0.00736957 -0.00604827
-0.00726008 -0.00579353
-0.00713501 -0.00549408
-0.00710845 -0.00543634
-0.00712195 -0.0054841
-0.00716344 -0.0056241
-0.00718261 -0.00569467
-0.00721825 -0.00583489
-0.00723384 -0.00590199
-0.00726176 -0.00603472
-0.00727963 -0.00613142
-0.00729534 -0.00622721
-0.00730915 -0.00632312
-0.00731727 -0.00638681
-0.00733154 -0.00651831
-0.00733753 -0.00658465
-0.0073476 -0.00672355
-0.00735149 -0.00679434
-0.0073568 -0.00694235
-0.00735963 -0.00706547
-0.00736208 -0.00720915
-0.00736249 -0.00730779
-0.00735997 -0.00753286
-0.00735392 -0.00774694
-0.00734341 -0.00798048
-0.00732688 -0.00823312
-0.0073125 -0.00841098
-0.00727404 -0.008797
-0.00725033 -0.00899895
-0.00720764 -0.00930928
-0.00718622 -0.00945118
-0.00718009 -0.00949104
-0.00718039 -0.00948925
-0.00718242 -0.00948662
-0.00718343 -0.00948512
-0.00718549 -0.00948171
-0.00718651 -0.00947989
-0.00718856 -0.00947592
-0.00727628 -0.00890807
-0.00747056 -0.00763208
-0.00763713 -0.00652744
-0.00824658 -0.00246496
-0.0085425 -0.000476892
-0.00898388 0.00249586
-0.00942464 0.00547441
-0.0097148 0.00744282
-0.010302 0.0114454
-0.0105902 0.0134196
-0.0111731 0.0174317
-0.0116059 0.0204265
-0.0120369 0.023419
-0.0124639 0.0263945
-0.0130454 0.030309
-0.013355 0.0322747
-0.0136726 0.0342111
-0.0143551 0.0381371
-0.0149004 0.041083
-0.0154624 0.0439772
-0.0160426 0.0468077
-0.0166552 0.049646
-0.0172983 0.0524802
-0.0179663 0.055303
-0.018667 0.0581145
-0.0191454 0.0599638
-0.0201549 0.0637026
-0.0206712 0.0655369
-0.0217607 0.0692423
-0.0228789 0.0728687
-0.0234631 0.0747423
-0.0243399 0.0775512
-0.0252177 0.0803627
-0.0260966 0.0831775
-0.0269767 0.085996
-0.0278584 0.0888193
-0.0290332 0.0925832
-0.0296263 0.094484
-0.0302112 0.0963595
-0.031401 0.100177
-0.0322906 0.103035
-0.0332765 0.106206
-0.0344122 0.109864
-0.0356027 0.113703
-0.037188 0.118824
-0.038381 0.122684
-0.0391805 0.125274
-0.0407671 0.130422
-0.0415656 0.133015
-0.0423514 0.135568
-0.0439433 0.140743
-0.0451266 0.14459
-0.0462681 0.148285
-0.0473006 0.151578
-0.0483908 0.154974
-0.050014 0.159975
-0.0512444 0.163743
-0.0520689 0.166263
-0.0536433 0.171085
-0.0544326 0.173521
-0.0552346 0.175999
-0.0568634 0.181031
-0.0584826 0.186036
-0.0597024 0.189808
-0.0605209 0.19234
-0.0618926 0.196587
-0.0639271 0.202894
-0.0654633 0.207662
-0.0670016 0.212443
-0.0685417 0.217235
-0.0695741 0.220452
-0.0711152 0.225259
-0.0726554 0.230069
-0.0741932 0.234875
-0.0757274 0.239673
-0.0767358 0.242824
-0.0786666 0.248811
-0.0801124 0.253203
-0.0816763 0.25791
-0.0832489 0.262617
-0.0847973 0.267248
-0.0863213 0.271837
-0.087879 0.27653
-0.089438 0.281229
-0.0909993 0.285937
-0.0925631 0.290655
-0.0935968 0.293775
-0.0956994 0.300127
-0.0972715 0.304883
-0.0988459 0.30965
-0.100422 0.31443
-0.101999 0.319219
-0.103577 0.324016
-0.105153 0.328813
-0.106727 0.333606
-0.108296 0.338388
-0.109836 0.343066
-0.110784 0.345925
-0.112787 0.351853
-0.114924 0.358105
-0.116001 0.361247
-0.117043 0.364285
-0.119135 0.370428
-0.120186 0.373518
-0.122322 0.3798
-0.123919 0.384499
-0.125518 0.389208
-0.127121 0.393929
-0.12818 0.397052
-0.130334 0.40341
-0.131945 0.408169
-0.133557 0.41294
-0.135702 0.419299
-0.136783 0.422505
-0.138394 0.427291
-0.140003 0.43207
-0.141605 0.436834
-0.143152 0.441408
-0.14462 0.445691
-0.146209 0.450258
-0.14785 0.454946
-0.148934 0.458034
-0.151071 0.464134
-0.152135 0.46719
-0.154315 0.473449
-0.155944 0.478129
-0.157576 0.482818
-0.159211 0.487518
-0.160849 0.492231
-0.16249 0.496956
-0.163574 0.500082
-0.165779 0.506444
-0.166866 0.509585
-0.169074 0.515975
-0.170162 0.519126
-0.172367 0.525522
-0.173452 0.528668
-0.175644 0.535026
-0.17719 0.539483
-0.178705 0.543779
-0.180909 0.549949
-0.182586 0.554619
-0.183696 0.557707
-0.185853 0.563748
-0.186965 0.566867
-0.188062 0.569944
-0.190291 0.576199
-0.191957 0.580879
-0.193627 0.585571
-0.195852 0.59183
-0.197529 0.596551
-0.198654 0.599721
-0.200334 0.604462
-0.202017 0.609214
-0.204255 0.615545
-0.205381 0.618736
-0.20649 0.621877
-0.208736 0.628245
-0.209838 0.631364
-0.211944 0.637289
-0.212966 0.640115
-0.215222 0.646294
-0.216933 0.650952
-0.21861 0.655516
-0.220263 0.660045
-0.221956 0.664691
-0.224211 0.670879
-0.22591 0.675543
-0.227049 0.678673
-0.229316 0.684904
-0.23046 0.688051
-0.231588 0.691157
-0.233883 0.697479
-0.235014 0.700601
-0.237314 0.706953
-0.239596 0.71327
-0.240745 0.716452
-0.241876 0.719584
-0.244166 0.725931
-0.245841 0.730562
-0.247402 0.734833
-0.249625 0.740808
-0.251367 0.745457
-0.252534 0.748564
-0.254772 0.754545
-0.255922 0.757632
-0.257061 0.76069
-0.259376 0.766909
-0.260518 0.769977
-0.26284 0.776221
-0.264577 0.780895
-0.266318 0.785582
-0.268061 0.790281
-0.269807 0.794992
-0.271555 0.799715
-0.273304 0.804447
-0.275054 0.809185
-0.276208 0.812312
-0.278546 0.818653
-0.279695 0.82177
-0.281961 0.827897
-0.283005 0.83069
-0.285272 0.836659
-0.287046 0.841297
-0.288815 0.84591
-0.290516 0.850364
-0.292262 0.854957
-0.294021 0.859581
-0.295781 0.864213
-0.297544 0.868855
-0.29931 0.873508
-0.30108 0.878173
-0.302853 0.88285
-0.304025 0.885944
-0.306408 0.892243
-0.308189 0.896956
-0.30997 0.901678
-0.311146 0.904797
-0.313531 0.911128
-0.315307 0.915845
-0.317074 0.920537
-0.318745 0.924948
-0.320384 0.929209
-0.322166 0.933795
-0.323972 0.938418
-0.325758 0.942982
-0.32817 0.949208
-0.329569 0.952854
-0.330974 0.956521
-0.333833 0.96398
-0.33597 0.969561
-0.338111 0.975157
-0.339527 0.978859
-0.342405 0.986394
-0.343825 0.990115
-0.34671 0.997685
-0.348131 1.00142
-0.351012 1.00899
-0.352427 1.01271
-0.355237 1.02008
-0.357264 1.02533
-0.359422 1.03087
-0.361594 1.03642
-0.363708 1.04183
-0.36585 1.04734
-0.367273 1.05099
-0.370165 1.05843
-0.371592 1.06211
-0.374495 1.06958
-0.377383 1.07703
-0.378841 1.08079
-0.380278 1.0845
-0.383198 1.09206
-0.384637 1.09578
-0.387553 1.10328
-0.389008 1.10693
-0.392026 1.11428
-0.393491 1.11773
-0.39648 1.12451
-0.398907 1.12978
-0.401331 1.13495
-0.402998 1.13842
-0.406452 1.14546
-0.409097 1.15068
-0.411801 1.15589
-0.414564 1.16109
-0.41833 1.16798
-0.420267 1.17144
-0.422201 1.17484
-0.426205 1.18173
-0.429261 1.18684
-0.432374 1.19194
-0.435532 1.197
-0.438728 1.20197
-0.441955 1.20679
-0.445165 1.21141
-0.448562 1.21611
-0.452005 1.22068
-0.455334 1.22489
-0.458847 1.22913
-0.462627 1.23349
-0.466497 1.23778
-0.470461 1.24199
-0.474517 1.24613
-0.478666 1.25019
-0.482905 1.25418
-0.488669 1.25934
-0.49311 1.26313
-0.496039 1.26556
-0.498979 1.26796
-0.505129 1.27291
-0.508187 1.27532
-0.514455 1.28017
-0.517571 1.28253
-0.523957 1.28728
-0.52713 1.2896
-0.533618 1.29424
-0.538495 1.29764
-0.543404 1.30099
-0.54824 1.30422
-0.553039 1.30734
-0.558016 1.31049
-0.563008 1.31357
-0.567911 1.31654
-0.572624 1.31934
-0.577629 1.32228
-0.584399 1.32615
-0.587835 1.32807
-0.592998 1.3309
-0.598202 1.33369
-0.601658 1.3355
-0.60873 1.33912
-0.612239 1.34088
-0.619413 1.34438
-0.622971 1.34607
-0.630237 1.34945
-0.633831 1.35107
-0.641144 1.3543
-0.644748 1.35585
-0.651623 1.35874
-0.656879 1.3609
-0.662305 1.36308
-0.667753 1.3652
-0.673227 1.36726
-0.678733 1.36928
-0.684271 1.37124
-0.689842 1.37315
-0.695447 1.375
-0.701083 1.37681
-0.704821 1.37797
-0.712449 1.38025
-0.720063 1.38242
-0.723908 1.38348
-0.729632 1.385
-0.73504 1.38639
-0.740646 1.38783
-0.746459 1.38931
-0.752267 1.39079
-0.758056 1.39227
-0.763776 1.39373
-0.769543 1.3952
-0.775314 1.39667
-0.781091 1.39813
-0.78688 1.3996
-0.790708 1.40057
-0.798499 1.40254
-0.806257 1.4045
-0.810173 1.40549
-0.814034 1.40646
-0.821873 1.40844
-0.82573 1.40941
-0.833211 1.41131
-0.838625 1.41273
-0.84631 1.41478
-0.850189 1.41582
-0.855974 1.41736
-0.861659 1.41889
-0.867417 1.42043
-0.873169 1.42196
-0.878927 1.4235
-0.884695 1.42503
-0.888509 1.42605
-0.896271 1.4281
-0.900104 1.42912
-0.907903 1.43118
-0.913735 1.43273
-0.921492 1.43478
-0.925395 1.43581
-0.930962 1.43728
-0.936121 1.43867
-0.943525 1.44065
-0.947333 1.44163
-0.951083 1.44255
-0.95871 1.44427
-0.962489 1.44505
-0.970053 1.44644
-0.975773 1.44735
-0.981513 1.44815
-0.985312 1.44861
-0.993052 1.44939
-0.99884 1.44983
-1.00463 1.45015
-1.01026 1.45035
-1.01567 1.45045
-1.02143 1.45047
-1.02727 1.45039
-1.03511 1.45016
-1.04102 1.44993
-1.04499 1.44974
-1.05092 1.44941
-1.05686 1.44902
-1.06281 1.44857
-1.06876 1.44807
-1.07471 1.44751
-1.08067 1.44689
-1.08656 1.44621
-1.09424 1.44524
-1.10002 1.44442
-1.1039 1.44384
-1.11157 1.44262
-1.11543 1.44196
-1.12119 1.44093
-1.12695 1.43984
-1.13076 1.43908
-1.13849 1.43747
-1.1423 1.43664
-1.15003 1.43486
-1.15384 1.43394
-1.16158 1.432
-1.16539 1.431
-1.17311 1.4289
-1.17886 1.42727
-1.18456 1.42558
-1.192 1.42331
-1.19573 1.42211
-1.2012 1.42028
-1.20632 1.41844
-1.2112 1.41654
-1.2164 1.41437
-1.22169 1.41204
-1.22693 1.4096
-1.23213 1.40704
-1.23728 1.40438
-1.24066 1.40255
-1.24744 1.39871
-1.25074 1.39676
-1.25728 1.39269
-1.26202 1.3896
-1.26682 1.38635
-1.27156 1.38299
-1.27624 1.37954
-1.28087 1.37599
-1.28544 1.37234
-1.28994 1.36859
-1.29438 1.36475
-1.30018 1.3595
-1.30444 1.35545
-1.30862 1.35132
-1.3127 1.34714
-1.31528 1.3444
-1.31761 1.34185
-1.3224 1.33648
-1.32493 1.33357
-1.33002 1.32762
-1.3325 1.32466
-1.33748 1.31859
-1.34115 1.31401
-1.34598 1.30783
-1.34838 1.30469
-1.35074 1.30157
-1.35546 1.29518
-1.35776 1.292
-1.36237 1.28548
-1.36576 1.28058
-1.3691 1.27565
-1.37319 1.26945
-1.37514 1.26644
-1.37822 1.26155
-1.38122 1.25657
-1.38412 1.25154
-1.38687 1.24654
-1.38945 1.2416
-1.39284 1.23469
-1.39447 1.23117
-1.39604 1.22769
-1.39907 1.22053
-1.40189 1.21334
-1.40324 1.20969
-1.40514 1.20423
-1.40685 1.19902
-1.40905 1.19187
-1.41064 1.18629
-1.41164 1.18254
-1.41349 1.17502
-1.41434 1.17121
-1.41553 1.16549
-1.41661 1.15973
-1.41758 1.15394
-1.41844 1.14813
-1.41918 1.14228
-1.4196 1.13842
-1.42031 1.13058
-1.42071 1.12481
-1.42098 1.11935
-1.42123 1.1118
-1.42128 1.10604
-1.42124 1.10217
-1.42103 1.0945
-1.42084 1.09064
-1.42061 1.08683
-1.41997 1.07909
-1.41935 1.07332
-1.41861 1.06755
-1.41776 1.06178
-1.41678 1.05603
-1.4157 1.0503
-1.41452 1.04472
-1.41323 1.0391
-1.41182 1.03346
-1.41083 1.02974
-1.40867 1.02223
-1.40693 1.01665
-1.40572 1.01298
-1.40311 1.00557
-1.40175 1.00195
-1.39886 0.994647
-1.3958 0.987516
-1.3935 0.982498
-1.39195 0.979301
-1.38944 0.97438
-1.38679 0.969467
-1.38496 0.966176
-1.38109 0.959517
-1.37911 0.956272
-1.37495 0.949756
-1.37173 0.944953
-1.36728 0.938651
-1.36497 0.935515
-1.36143 0.930883
-1.35779 0.926312
-1.35406 0.921806
-1.35023 0.917371
-1.345 0.911599
-1.34236 0.908794
-1.33981 0.906152
-1.33435 0.900673
-1.33015 0.896631
-1.32586 0.89267
-1.32003 0.887496
-1.31554 0.883642
-1.31255 0.881119
-1.30823 0.877548
-1.30369 0.873892
-1.29907 0.870249
-1.29441 0.866651
-1.28971 0.863101
-1.28496 0.859603
-1.27862 0.855048
-1.27555 0.852884
-1.27097 0.849683
-1.26611 0.846334
-1.26286 0.844117
-1.25623 0.839588
-1.25296 0.83735
-1.2463 0.832792
-1.24301 0.830541
-1.23634 0.825963
-1.23306 0.823708
-1.2264 0.819138
-1.22154 0.815807
-1.2167 0.812503
-1.21344 0.810281
-1.20681 0.805775
-1.19964 0.800905
-1.19572 0.798238
-1.18996 0.794261
-1.18387 0.789954
-1.17736 0.785326
-1.17307 0.782265
-1.16433 0.77603
-1.15779 0.771361
-1.15125 0.766685
-1.14694 0.763601
-1.13826 0.757395
-1.13405 0.754392
-1.12533 0.748194
-1.12104 0.745146
-1.11234 0.738986
-1.10365 0.732771
-1.0965 0.727571
-1.09163 0.724027
-1.08195 0.716969
-1.07707 0.713403
-1.06977 0.708072
-1.06248 0.702741
-1.05524 0.697454
-1.04804 0.692214
-1.04325 0.688728
-1.03352 0.681665
-1.02635 0.676467
-1.01927 0.671299
-1.00963 0.664243
-1.00238 0.65892
-0.997504 0.655344
-0.987821 0.648228
-0.982944 0.64464
-0.975676 0.639294
-0.968528 0.634047
-0.961283 0.628744
-0.954037 0.623446
-0.949256 0.619958
-0.939758 0.613017
-0.932582 0.607734
-0.925351 0.602403
-0.920562 0.598867
-0.910814 0.591591
-0.903559 0.586057
-0.89637 0.580456
-0.88703 0.573019
-0.880005 0.567305
-0.875318 0.563433
-0.870722 0.559589
-0.861467 0.551699
-0.857001 0.547817
-0.848128 0.539885
-0.843705 0.535833
-0.834796 0.527498
-0.828226 0.521193
-0.821742 0.514845
-0.815429 0.508555
-0.809094 0.502178
-0.802771 0.495807
-0.794338 0.487321
-0.790082 0.483042
-0.785887 0.478828
-0.777454 0.470356
-0.771218 0.464051
-0.764894 0.457635
-0.758572 0.451212
-0.750185 0.442683
-0.746049 0.438484
-0.741937 0.43432
-0.733483 0.42574
-0.729306 0.421454
-0.720887 0.412652
-0.714667 0.406002
-0.708511 0.399289
-0.702513 0.392612
-0.696624 0.385869
-0.690721 0.37895
-0.683025 0.369707
-0.679288 0.365138
-0.673637 0.358122
-0.668027 0.351023
-0.664355 0.3463
-0.656973 0.336616
-0.651532 0.329306
-0.646151 0.321927
-0.640841 0.314487
-0.635615 0.307004
-0.630587 0.299626
-0.625628 0.292154
-0.620792 0.284736
-0.615942 0.277139
-0.61115 0.269476
-0.606421 0.261747
-0.601756 0.253951
-0.597157 0.246089
-0.592626 0.238161
-0.588167 0.230171
-0.583789 0.222134
-0.580952 0.216818
-0.575414 0.20621
-0.572772 0.201036
-0.567405 0.190124
-0.56485 0.184673
-0.559873 0.173478
-0.557527 0.167901
-0.552982 0.156455
-0.549786 0.14781
-0.546765 0.139095
-0.543928 0.130341
-0.54132 0.121767
-0.539659 0.116
-0.536493 0.104097
-0.533748 0.0920924
-0.532003 0.0830328
-0.531003 0.0769623
-0.529726 0.0677709
-0.528733 0.0585398
-0.527855 0.0462577
-0.527599 0.0402199
-0.527457 0.0342451
-0.527523 0.0218902
-0.527893 0.0126541
-0.528539 0.00340857
-0.529464 -0.00583839
-0.530669 -0.0150771
-0.532155 -0.0242918
-0.533288 -0.030344
-0.535924 -0.042467
-0.537389 -0.0483555
-0.540675 -0.0600976
-0.542418 -0.0656039
-0.546487 -0.0770288
-0.549905 -0.0856247
-0.553593 -0.0941332
-0.558911 -0.105289
-0.5632 -0.11352
-0.566181 -0.118914
-0.572411 -0.129436
-0.575718 -0.134669
-0.579081 -0.139764
-0.586228 -0.149928
-0.589905 -0.154839
-0.597668 -0.164592
-0.6016 -0.169266
-0.609736 -0.178539
-0.615663 -0.184981
-0.621711 -0.191326
-0.62799 -0.197782
-0.636461 -0.2063
-0.64078 -0.210559
-0.647293 -0.216875
-0.653887 -0.223142
-0.658282 -0.22725
-0.667312 -0.23552
-0.671809 -0.239554
-0.681011 -0.24764
-0.687836 -0.253505
-0.694601 -0.25923
-0.701308 -0.264773
-0.708234 -0.27042
-0.715175 -0.276077
-0.722133 -0.281745
-0.731417 -0.289306
-0.73842 -0.295005
-0.743122 -0.29883
-0.75015 -0.304544
-0.757176 -0.310253
-0.76416 -0.315931
-0.770958 -0.321479
-0.777763 -0.327052
-0.784625 -0.332639
-0.791562 -0.338285
-0.798515 -0.343942
-0.805485 -0.349613
-0.812476 -0.355297
-0.821802 -0.362876
-0.826511 -0.3667
-0.835863 -0.37429
-0.840566 -0.378105
-0.847444 -0.383699
-0.854288 -0.389297
-0.861055 -0.394811
-0.867989 -0.400447
-0.872573 -0.404173
-0.881901 -0.411753
-0.886508 -0.415496
-0.895888 -0.423112
-0.90052 -0.426871
-0.909944 -0.434514
-0.916978 -0.440214
-0.923974 -0.445888
-0.930779 -0.451425
-0.937595 -0.456994
-0.944456 -0.462566
-0.953694 -0.470066
-0.958359 -0.473852
-0.962961 -0.477587
-0.972332 -0.485188
-0.97696 -0.48894
-0.98638 -0.496573
-0.991027 -0.500335
-1.00045 -0.507962
-1.00515 -0.511775
-1.01481 -0.519708
-1.01973 -0.523744
-1.03001 -0.532156
-1.03772 -0.538463
-1.04545 -0.544784
-1.0532 -0.551119
-1.06098 -0.557469
-1.06877 -0.563828
-1.07656 -0.570184
-1.0843 -0.576503
-1.09188 -0.58272
-1.09943 -0.588911
-1.1071 -0.595185
-1.11481 -0.601483
-1.11991 -0.605646
-1.13029 -0.61412
-1.13541 -0.618303
-1.14584 -0.626812
-1.15099 -0.631006
-1.16142 -0.639505
-1.16646 -0.643619
-1.17662 -0.651952
-1.18162 -0.656037
-1.19194 -0.664463
-1.19967 -0.670764
-1.20741 -0.67708
-1.21517 -0.683411
-1.22296 -0.689755
-1.23076 -0.696106
-1.23855 -0.702449
-1.2463 -0.70877
-1.25129 -0.712887
-1.26123 -0.721203
-1.26871 -0.727601
-1.27615 -0.734085
-1.28354 -0.740659
-1.29088 -0.747323
-1.29818 -0.754077
-1.30542 -0.760918
-1.31261 -0.767839
-1.31972 -0.774818
-1.32666 -0.781749
-1.33344 -0.788661
-1.34026 -0.795758
-1.34702 -0.802933
-1.35372 -0.810192
-1.36036 -0.817538
-1.36691 -0.824953
-1.37333 -0.832455
-1.3796 -0.840078
-1.38365 -0.845168
-1.39155 -0.855468
-1.39735 -0.863381
-1.40297 -0.871368
-1.40833 -0.879406
-1.41347 -0.887624
-1.41837 -0.896005
-1.42301 -0.904545
-1.42593 -0.910259
-1.43144 -0.921878
-1.434 -0.927682
-1.4389 -0.939748
-1.44114 -0.945773
-1.44535 -0.958165
-1.44724 -0.96434
-1.45071 -0.976992
-1.45223 -0.983266
-1.4549 -0.995914
-1.45654 -1.00526
-1.45794 -1.01482
-1.45905 -1.02444
-1.45988 -1.0341
-1.46041 -1.04381
-1.46065 -1.05355
-1.4606 -1.06332
-1.46025 -1.07301
-1.45962 -1.08234
-1.45824 -1.09506
-1.4573 -1.10147
-1.45491 -1.11411
-1.45345 -1.12044
-1.45185 -1.12663
-1.44815 -1.13889
-1.44606 -1.14488
-1.44138 -1.15678
-1.43883 -1.16256
-1.43318 -1.17411
-1.42855 -1.18254
-1.42358 -1.19081
-1.41826 -1.19888
-1.41262 -1.20675
-1.40669 -1.21436
-1.40052 -1.22167
-1.39402 -1.2288
-1.38723 -1.23568
-1.3826 -1.24009
-1.37305 -1.24858
-1.36826 -1.25256
-1.358 -1.26054
-1.35016 -1.2662
-1.3423 -1.27154
-1.33413 -1.27675
-1.32865 -1.28005
-1.3173 -1.28645
-1.31161 -1.28944
-1.29984 -1.29518
-1.29089 -1.29916
-1.27884 -1.30403
-1.26979 -1.30737
-1.26055 -1.31055
-1.25436 -1.31256
-1.24193 -1.31633
-1.23562 -1.3181
-1.22615 -1.32059
-1.2166 -1.32289
-1.20699 -1.325
-1.19735 -1.32691
-1.18789 -1.3286
-1.17824 -1.33017
-1.17182 -1.3311
-1.15873 -1.33275
-1.14893 -1.33376
-1.13915 -1.33457
-1.12936 -1.33518
-1.12289 -1.33547
-1.10978 -1.33579
-1.10346 -1.33581
-1.09048 -1.33565
-1.08402 -1.33544
-1.07088 -1.33477
-1.06439 -1.33431
-1.05122 -1.33311
-1.0414 -1.33199
-1.03161 -1.33068
-1.02196 -1.32919
-1.01259 -1.32752
-1.00302 -1.3256
-0.993496 -1.32348
-0.983995 -1.32117
-0.977737 -1.31953
-0.96507 -1.31595
-0.955655 -1.31304
-0.946283 -1.30994
-0.93698 -1.30666
-0.927816 -1.30323
-0.918684 -1.29961
-0.909665 -1.29583
-0.900982 -1.29197
-0.892176 -1.28781
-0.883411 -1.28345
-0.871873 -1.27736
-0.866117 -1.27417
-0.860493 -1.27096
-0.849303 -1.26426
-0.838274 -1.25727
-0.832776 -1.25364
-0.824645 -1.24808
-0.816617 -1.24236
-0.811385 -1.2385
-0.801089 -1.23056
-0.793565 -1.22444
-0.786129 -1.21812
-0.778911 -1.21175
-0.771712 -1.20515
-0.764632 -1.19839
-0.757669 -1.19147
-0.750827 -1.1844
-0.744064 -1.17717
-0.737321 -1.16978
-0.732868 -1.16487
-0.723848 -1.15491
-0.71954 -1.15015
-0.710713 -1.14041
-0.706307 -1.13556
-0.697346 -1.12568
-0.69064 -1.11829
-0.683916 -1.11088
-0.677175 -1.10345
-0.670417 -1.096
-0.66365 -1.08855
-0.654676 -1.07868
-0.650284 -1.07384
-0.643722 -1.06663
-0.637034 -1.05929
-0.627799 -1.04915
-0.622858 -1.04372
-0.613002 -1.0329
-0.608024 -1.02743
-0.603112 -1.02204
-0.593125 -1.01108
-0.583259 -1.00027
-0.578457 -0.995
-0.573627 -0.989711
-0.563741 -0.978893
-0.558875 -0.973564
-0.549089 -0.962712
-0.541866 -0.954514
-0.534706 -0.946224
-0.530017 -0.940705
-0.520608 -0.929412
-0.513783 -0.921051
-0.507156 -0.912774
-0.500393 -0.904228
-0.493602 -0.895639
-0.486799 -0.88703
-0.47998 -0.878398
-0.473144 -0.869743
-0.468624 -0.86402
-0.459436 -0.852395
-0.454926 -0.846692
-0.445952 -0.835379
-0.439199 -0.826865
-0.432401 -0.818292
-0.425594 -0.809701
-0.41877 -0.801087
-0.411931 -0.79245
-0.407407 -0.786738
-0.398207 -0.775124
-0.393676 -0.769409
-0.384632 -0.758021
-0.377911 -0.749578
-0.371105 -0.741016
-0.364292 -0.732442
-0.357464 -0.723847
-0.350621 -0.715228
-0.34376 -0.706588
-0.336885 -0.69793
-0.332344 -0.692215
-0.323212 -0.680735
-0.31878 -0.675181
-0.30971 -0.663807
-0.30289 -0.655249
-0.296058 -0.646672
-0.289237 -0.638089
-0.282477 -0.62948
-0.275794 -0.620797
-0.26919 -0.612041
-0.26272 -0.603295
-0.256376 -0.594585
-0.250118 -0.585816
-0.243889 -0.576906
-0.237663 -0.567914
-0.233545 -0.561958
-0.225166 -0.54983
-0.22103 -0.543842
-0.212621 -0.531664
-0.204335 -0.519679
-0.200197 -0.513728
-0.191897 -0.501814
-0.187719 -0.495811
-0.179402 -0.483855
-0.175207 -0.47782
-0.171069 -0.471864
-0.16265 -0.459739
-0.154275 -0.447674
-0.150055 -0.441598
-0.145945 -0.435684
-0.137584 -0.423731
-0.131356 -0.414835
-0.123011 -0.402901
-0.118805 -0.396882
-0.110486 -0.384925
-0.106345 -0.37889
-0.102301 -0.372909
-0.0942038 -0.360673
-0.0883395 -0.35159
-0.0825262 -0.342454
-0.076759 -0.333199
-0.071147 -0.32399
-0.065591 -0.314648
-0.0601274 -0.305241
-0.0565698 -0.298991
-0.0477414 -0.283032
-0.0442772 -0.276587
-0.0392657 -0.267095
-0.0342544 -0.257444
-0.0293069 -0.247702
-0.0244535 -0.237915
-0.0213203 -0.231462
-0.015105 -0.218309
-0.0105749 -0.208407
-0.00614517 -0.198446
-0.00182671 -0.188449
0.0023238 -0.178613
0.00648362 -0.168547
0.00918441 -0.161865
0.0145519 -0.148225
0.0197085 -0.134608
0.0222176 -0.127777
0.0246466 -0.121012
0.0294319 -0.107228
0.0317113 -0.100425
0.0361474 -0.0868054
0.0383186 -0.0799588
0.0426031 -0.0659881
0.0456931 -0.0554976
0.0486895 -0.0449579
0.0515862 -0.0343862
0.0534398 -0.0273787
0.0570269 -0.0132465
0.058526 -0.00705198
0.0602815 0.000779965
0.060681 0.00286775
0.0607445 0.00323735
0.0607442 0.00323705
0.0607432 0.00323264
0.0607426 0.00322918
0.0607412 0.00322026
0.0607402 0.00321245
0.0607391 0.003204
0.0607379 0.00319513
0.0607368 0.00318599
0.0607357 0.00317667
0.0607345 0.00316724
0.060733 0.00315459
0.0607319 0.00314504
0.0607311 0.00313863
0.0607296 0.00312591
0.0607289 0.00311952
0.0607282 0.00311322
0.0607267 0.00310048
0.0607257 0.00309101
0.0607243 0.00307847
0.0607236 0.00307218
0.0607225 0.00306282
0.0607215 0.00305351
0.0607209 0.00304739
0.0607196 0.00303503
0.0607186 0.00302585
0.0607176 0.00301672
0.060717 0.00301072
0.0607158 0.0029986
0.0607155 0.00299563
0.0607155 0.00299563
0.0607155 0.00299563
0.0607155 0.00299563
0.0607155 0.00299563
0.0607155 0.00299563
0.0607155 0.00299563
0.0607155 0.00299563
0.0607155 0.00299563
0.0607155 0.00299563
0.0607155 0.00299563
0.0607155 0.00299563
0.0607155 0.00299563
0.0607155 0.00299563
0.0607155 0.00299563
0.0607155 0.00299563
0.0607155 0.00299563
0.0607155 0.00299563
0.0607155 0.00299563
0.0607155 0.00299563
0.0607155 0.00299563
0.0607155 0.00299563
0.0607155 0.00299563
0.0607155 0.00299563
0.0607155 0.00299563
0.0607155 0.00299563
0.0607155 0.00299563
0.0607155 0.00299563
0.0607155 0.00299563
0.0607155 0.00299563
0.0607155 0.00299563
