0 0
0 0
0 0
0 0
0 0
0 0
0 0
0 0
0 0
0 0
0 0
0 0
0 0
0 0
0 0
0 0
0 0
0 0
0 0
0 0
0 0
0 0
0 0
0 0
0 0
0 0
0 0
0 0
0 0
0 0
0 0
0 0
0 0
0 0
0 0
0 0
0 0
0 0
0 0
0 0
0 0
0 0
0 0
0 0
0 0
0 0
0 0
0 0
0 0
0 0
0 0
0 0
0 0
0 0
0 0
0 0
0 0
0 0
0 0
0 0
0 0
-0.0273645 -0.00109132
-0.0273645 -0.00109132
-0.0363496 0.00233837
-0.0363496 0.00233837
-0.0378818 -0.000895978
-0.0378818 -0.000895978
-0.0313096 -0.000189502
-0.0313096 -0.000189502
-0.0291083 0.0021249
-0.0291083 0.0021249
-0.0294792 0.00142043
-0.0294792 0.00142043
-0.0350582 0.000910029
-0.0350582 0.000910029
-0.0328312 -0.0012377
-0.0328312 -0.0012377
-0.0350465 0.00350531
-0.0350465 0.00350531
-0.0295951 0.0017646
-0.0295951 0.0017646
-0.0295995 -0.00606973
-0.0295995 -0.00606973
-0.0344053 0.00452894
-0.0344053 0.00452894
-0.0368119 0.00286536
-0.0368119 0.00286536
-0.0319003 -0.00129333
-0.0319003 -0.00129333
-0.0294563 -0.000549313
-0.0294563 -0.000549313
-0.0276529 -0.00247932
-0.0276529 -0.00247932
-0.0362147 0.000215334
-0.0362147 0.000215334
-0.0339961 -0.00206154
-0.0339961 -0.00206154
-0.034183 0.00244679
-0.034183 0.00244679
-0.0339125 0.00247833
-0.0339125 0.00247833
-0.0320817 0.000851365
-0.0320817 0.000851365
-0.0328764 0.00244201
-0.0328764 0.00244201
-0.0326237 -0.00162401
-0.0326237 -0.00162401
-0.0323494 -0.000389677
-0.0323494 -0.000389677
-0.0338522 1.97162e-05
-0.0338522 1.97162e-05
-0.0309078 0.00222856
-0.0309078 0.00222856
-0.0324057 -0.00465067
-0.0324057 -0.00465067
-0.0326563 -0.00140913
-0.0326563 -0.00140913
-0.0303444 -0.000188981
-0.0303444 -0.000188981
-0.0385038 0.000457743
-0.0385038 0.000457743
-0.0339195 0.000163691
-0.0339195 0.000163691
-0.0333655 0.00282146
-0.0333655 0.00282146
-0.0313942 -0.00326854
-0.0313942 -0.00326854
-0.0306706 0.00278063
-0.0306706 0.00278063
-0.0321378 -0.00146864
-0.0321378 -0.00146864
-0.0345817 0.00085652
-0.0345817 0.00085652
-0.0319101 -0.000919554
-0.0319101 -0.000919554
-0.0295263 -0.00133036
-0.0295263 -0.00133036
-0.0362202 -0.000692682
-0.0347204 -0.000671763
-0.0316808 0.00122547
-0.029681 0.00124999
-0.0308746 -0.00268887
-0.0278748 -0.00265474
-0.0251286 -0.00328673
-0.0221289 -0.00324721
-0.0211968 -0.00313298
-0.018197 -0.00309803
-0.0171326 0.00142583
-0.014133 0.00147377
-0.00483116 0.00154827
-0.00183151 0.00159407
0.000117102 0.00264565
0.00311666 0.00269721
0.00485987 -0.00295744
0.00785959 -0.00291651
0.00832135 -0.00012811
0.0113207 -6.80035e-05
0.0157238 0.00173413
0.0222225 0.00186524
0.0245195 0.00394138
0.028519 0.0040018
0.0294205 0.000158437
0.03342 0.00022004
0.0394781 -0.00194264
0.0434775 -0.00187062
0.0481929 0.0045514
0.0526923 0.00462532
0.0565786 -0.000862805
0.0615782 -0.000799065
0.0634139 -0.00368439
0.068413 -0.00359366
0.0744646 0.000850015
0.0794637 0.000947006
0.0831463 -0.000508893
0.0881452 -0.00040384
0.0910135 -0.000193757
0.0960124 -9.10531e-05
0.10851 0.00641675
0.113509 0.00650525
0.11543 0.00599178
0.120428 0.00610432
0.120566 0.00198508
0.125565 0.00209709
0.134026 0.00391893
0.139024 0.00404599
0.146596 0.00392648
0.151595 0.00404077
0.155027 0.00322662
0.160026 0.00331562
0.165381 0.00763248
0.17038 0.00772588
0.175126 0.000485656
0.180125 0.000579927
0.179582 0.00703952
0.184581 0.00716002
0.199122 0.00753998
0.204121 0.00762311
0.201936 0.00103964
0.206935 0.00114779
0.214855 0.00941636
0.219853 0.00954426
0.223573 0.00440874
0.228571 0.00454673
0.234372 0.00246293
0.244369 0.0027004
0.242075 0.00326847
0.252075 0.0032891
0.252109 0.00396652
0.257108 0.00385619
0.268061 0.0148386
0.273052 0.01454
0.272247 0.0130078
0.277223 0.0125131
0.285989 0.00983333
0.290945 0.00917039
0.29914 0.0106921
0.304067 0.00983981
0.303539 0.00747572
0.308425 0.00641396
0.310057 0.00323059
0.314898 0.00198054
0.324696 0.00249153
0.329482 0.00104346
0.336666 0.00227652
0.341387 0.000630957
0.351374 0.000575181
0.356021 -0.00127072
0.355628 -0.00245904
0.360202 -0.00447848
0.373066 -0.0026168
0.382011 -0.00708741
0.372793 -0.00758472
0.37723 -0.00988925
0.384952 -0.0143964
0.389363 -0.0167492
0.394483 -0.0173074
0.398873 -0.0197003
0.408551 -0.0217572
0.412949 -0.024135
0.413054 -0.0263506
0.417447 -0.0287384
0.417049 -0.0295604
0.42142 -0.0319889
0.428687 -0.0370902
0.433041 -0.0395483
0.438798 -0.0445422
0.443153 -0.0469982
0.442851 -0.0469055
0.447208 -0.04936
0.457566 -0.0486531
0.46194 -0.0510738
0.46655 -0.0567084
0.470919 -0.0591403
0.472027 -0.0599574
0.476388 -0.0624024
0.478825 -0.0672175
0.483192 -0.0696514
0.487829 -0.0716681
0.492206 -0.0740849
0.494623 -0.0740151
0.498984 -0.07646
0.510111 -0.0796777
0.514473 -0.0821224
0.517875 -0.08632
0.522208 -0.0888159
0.520069 -0.0886091
0.524399 -0.0911088
0.53123 -0.0918996
0.535576 -0.0943715
0.54546 -0.0945272
0.549807 -0.0969991
0.551387 -0.105285
0.555739 -0.107748
0.563696 -0.10629
0.568031 -0.108781
0.570774 -0.113367
0.575113 -0.115851
0.574949 -0.11929
0.5793 -0.121754
0.585905 -0.123581
0.590247 -0.126062
0.593053 -0.127742
0.597383 -0.130241
0.602705 -0.1325
0.607018 -0.13503
0.608468 -0.137989
0.612772 -0.140533
0.617932 -0.14291
0.622244 -0.145441
0.626127 -0.151028
0.630438 -0.153562
0.638068 -0.153542
0.64239 -0.156056
0.643745 -0.155983
0.648053 -0.158522
0.650963 -0.166182
0.655277 -0.16871
0.662319 -0.167414
0.666634 -0.169939
0.664174 -0.16957
0.668502 -0.172075
0.680501 -0.18127
0.684819 -0.183791
0.687961 -0.181737
0.692265 -0.184281
0.695412 -0.194388
0.699694 -0.196969
0.708194 -0.194872
0.712472 -0.197461
0.709902 -0.195922
0.714195 -0.198485
0.716978 -0.197472
0.72127 -0.200036
0.733831 -0.208565
0.738108 -0.211155
0.740924 -0.218925
0.745211 -0.221499
0.746418 -0.218105
0.750716 -0.220661
0.753863 -0.225197
0.758156 -0.22776
0.762781 -0.233981
0.76707 -0.236551
0.774839 -0.232378
0.779115 -0.234969
0.772715 -0.241091
0.776961 -0.243731
0.791668 -0.243161
0.795918 -0.245795
0.79935 -0.247768
0.803609 -0.250387
0.801574 -0.256455
0.805845 -0.259054
0.81328 -0.262426
0.817543 -0.265039
0.818835 -0.268592
0.823097 -0.271206
0.829993 -0.272751
0.834257 -0.275362
0.840564 -0.273879
0.844832 -0.276484
0.847018 -0.281281
0.85129 -0.28388
0.85656 -0.284506
0.860832 -0.287105
0.865207 -0.288952
0.869442 -0.29161
0.872037 -0.29437
0.876264 -0.29704
0.877031 -0.300755
0.881257 -0.303426
0.89183 -0.304061
0.896066 -0.306718
0.899032 -0.31314
0.903269 -0.315795
0.907996 -0.316435
0.912241 -0.319078
0.917673 -0.32055
0.921905 -0.323213
0.924716 -0.327452
0.928955 -0.330104
0.935562 -0.333524
0.939806 -0.336168
0.938801 -0.345787
0.943033 -0.348449
0.942295 -0.34699
0.946519 -0.349666
0.958278 -0.349238
0.962469 -0.351965
0.964753 -0.352707
0.968947 -0.35543
0.969127 -0.355393
0.973333 -0.358097
0.981015 -0.361748
0.985231 -0.364436
0.991413 -0.369304
0.995603 -0.372031
1.00614 -0.373998
1.01036 -0.376674
1.00299 -0.384096
1.00721 -0.386785
1.01665 -0.383471
1.02085 -0.386175
1.02359 -0.395641
1.02781 -0.398327
1.03389 -0.397289
1.03811 -0.39997
1.04078 -0.403945
1.04496 -0.406689
1.05016 -0.406398
1.05433 -0.409153
1.06019 -0.411719
1.06437 -0.414461
1.06856 -0.417193
1.06726 -0.41865
1.06927 -0.425535
1.07358 -0.428078
1.07614 -0.429526
1.08054 -0.431902
1.09038 -0.434014
1.09485 -0.43624
1.09261 -0.437428
1.09718 -0.439457
1.10386 -0.445895
1.10851 -0.447743
1.11667 -0.452232
1.12138 -0.45391
1.12265 -0.455328
1.12741 -0.456846
1.13017 -0.456831
1.13498 -0.458174
1.14235 -0.458916
1.14722 -0.460043
1.14983 -0.465766
1.15474 -0.466696
1.15732 -0.46583
1.16226 -0.466583
1.166 -0.469831
1.17097 -0.470372
1.17757 -0.472616
1.18255 -0.472983
1.18591 -0.472149
1.19091 -0.472356
1.20285 -0.471745
1.20785 -0.471728
1.20269 -0.478136
1.20769 -0.477934
1.21753 -0.482831
1.22252 -0.482442
1.22265 -0.479314
1.22762 -0.478704
1.23523 -0.476673
1.24017 -0.475892
1.24061 -0.478914
1.24555 -0.478145
1.25623 -0.478583
1.26117 -0.477801
1.26577 -0.478546
1.27071 -0.477766
1.273 -0.474605
1.27794 -0.473881
1.28296 -0.472501
1.28791 -0.47178
1.28685 -0.46973
1.29179 -0.468981
1.30045 -0.468333
1.30539 -0.467522
1.31242 -0.465634
1.31736 -0.464836
1.32727 -0.465193
1.3322 -0.464375
1.33454 -0.459958
1.33947 -0.459145
1.34278 -0.463799
1.34771 -0.462979
1.35757 -0.457172
1.36251 -0.456383
1.36372 -0.458059
1.36867 -0.457346
1.37137 -0.453616
1.37633 -0.452991
1.38344 -0.456527
1.38841 -0.456027
1.39674 -0.452846
1.40173 -0.452453
1.40233 -0.454226
1.40732 -0.453897
1.41066 -0.450361
1.41566 -0.450114
1.42135 -0.450028
1.42634 -0.449767
1.42884 -0.446164
1.43383 -0.445892
1.43909 -0.443153
1.44409 -0.442894
1.45136 -0.446378
1.45636 -0.446133
1.45954 -0.447142
1.46454 -0.446853
1.46989 -0.444242
1.47488 -0.44401
1.48172 -0.442414
1.48672 -0.442159
1.49067 -0.446386
1.49567 -0.446144
1.49811 -0.447025
1.5031 -0.446765
1.5099 -0.446161
1.5149 -0.445901
1.51752 -0.443265
1.52251 -0.442979
1.52905 -0.449715
1.53404 -0.449394
1.53443 -0.440152
1.54442 -0.439719
1.55087 -0.442644
1.55587 -0.442505
1.56002 -0.439003
1.56501 -0.439213
1.57039 -0.435303
1.57538 -0.435634
1.58324 -0.43935
1.5882 -0.43999
1.59536 -0.437918
1.60028 -0.438809
1.6004 -0.440179
1.61006 -0.442763
1.61001 -0.442241
1.61475 -0.443809
1.62154 -0.441673
1.62154 -0.441673
1.62654 -0.441229
1.62654 -0.441229
1.62633 -0.446506
1.62633 -0.446506
1.62075 -0.440292
1.62075 -0.440292
1.63242 -0.442619
1.63242 -0.442619
1.62438 -0.436004
1.62438 -0.436004
1.62897 -0.436227
1.62897 -0.436227
1.63122 -0.439732
1.63122 -0.439732
1.62961 -0.434686
1.62961 -0.434686
1.63348 -0.437522
1.63348 -0.437522
1.62981 -0.436152
1.62981 -0.436152
1.62895 -0.442006
1.62895 -0.442006
1.62919 -0.436649
1.62919 -0.436649
1.63457 -0.432252
1.63457 -0.432252
1.63293 -0.438745
1.63293 -0.438745
1.63682 -0.436419
1.63682 -0.436419
1.63875 -0.436237
1.63875 -0.436237
1.63746 -0.434576
1.63746 -0.434576
1.6447 -0.435722
1.6447 -0.435722
1.64286 -0.432962
1.64286 -0.432962
1.63872 -0.430886
1.63872 -0.430886
1.65014 -0.4286
1.65014 -0.4286
1.6482 -0.431115
1.6482 -0.431115
1.64667 -0.430122
1.64667 -0.430122
1.65266 -0.42818
1.65266 -0.42818
1.65266 -0.42818
1.6516 -0.427375
1.65796 -0.431979
1.65796 -0.431979
1.65744 -0.430482
1.65744 -0.430482
1.65419 -0.428106
1.65419 -0.428106
1.65344 -0.433407
1.65344 -0.433407
1.66327 -0.432255
1.66327 -0.432255
1.66045 -0.430577
1.66045 -0.430577
1.66435 -0.430916
1.66435 -0.430916
1.66 -0.427591
1.66 -0.427591
1.67004 -0.428487
1.67004 -0.428487
1.66433 -0.429006
1.66433 -0.429006
1.66455 -0.436434
1.66455 -0.436434
1.66807 -0.429209
1.66807 -0.429209
1.66437 -0.429256
1.66437 -0.429256
1.6662 -0.43552
1.6662 -0.43552
1.66032 -0.426069
1.66032 -0.426069
1.66838 -0.426463
1.66838 -0.426463
1.6651 -0.428575
1.6651 -0.428575
1.66489 -0.428863
1.66489 -0.428863
1.66351 -0.429267
1.66351 -0.429267
1.66643 -0.431195
1.66643 -0.431195
1.66333 -0.426819
1.66333 -0.426819
1.66349 -0.431914
1.66347 -0.432414
1.66343 -0.433413
1.66682 -0.428833
1.66572 -0.434653
1.6656 -0.43765
1.66322 -0.43934
1.6631 -0.442337
1.66256 -0.443909
1.66244 -0.446906
1.6582 -0.455837
1.65808 -0.458834
1.66384 -0.459371
1.6637 -0.462368
1.66272 -0.464278
1.66259 -0.467275
1.66513 -0.469253
1.66499 -0.47225
1.66234 -0.473999
1.66221 -0.476996
1.66408 -0.47626
1.66396 -0.479257
1.66563 -0.488978
1.6655 -0.491975
1.66158 -0.495277
1.66147 -0.498275
1.66148 -0.500006
1.66135 -0.503503
1.65741 -0.506426
1.65725 -0.510923
1.65873 -0.519327
1.65851 -0.524322
1.66406 -0.525401
1.66379 -0.530394
1.65841 -0.53546
1.65812 -0.540452
1.65678 -0.544162
1.65649 -0.549153
1.66049 -0.55893
1.66023 -0.563923
1.66103 -0.565134
1.66077 -0.570127
1.65824 -0.572442
1.65796 -0.577435
1.65664 -0.577626
1.65636 -0.582618
1.65723 -0.600057
1.65696 -0.60505
1.65076 -0.607217
1.65048 -0.612209
1.65305 -0.613097
1.6528 -0.61809
1.65718 -0.624349
1.65683 -0.630338
1.65475 -0.635121
1.65438 -0.641109
1.65639 -0.650402
1.65601 -0.65639
1.64948 -0.663882
1.64909 -0.669869
1.65688 -0.672346
1.6565 -0.678334
1.65861 -0.68502
1.65819 -0.691006
1.65472 -0.693879
1.65434 -0.699868
1.65349 -0.70868
1.65312 -0.714668
1.64827 -0.722234
1.64786 -0.72822
1.64974 -0.732774
1.64933 -0.73876
1.64264 -0.742978
1.64217 -0.74896
1.64535 -0.758109
1.6449 -0.764092
1.65044 -0.763438
1.64999 -0.769421
1.64618 -0.776736
1.64575 -0.78272
1.64704 -0.790551
1.6466 -0.796535
1.6424 -0.796684
1.642 -0.802671
1.64215 -0.812001
1.64172 -0.817985
1.64478 -0.829838
1.64432 -0.83582
1.64166 -0.834409
1.64117 -0.840389
1.6396 -0.849308
1.63912 -0.855289
1.63801 -0.862666
1.6375 -0.868645
1.64077 -0.880457
1.64024 -0.886434
1.63384 -0.88633
1.6333 -0.892305
1.63689 -0.900459
1.63639 -0.906437
1.63401 -0.908526
1.6335 -0.914504
1.63558 -0.92069
1.63513 -0.926673
1.63506 -0.931402
1.63452 -0.937377
1.63568 -0.948926
1.63508 -0.954896
1.63208 -0.954232
1.63155 -0.960209
1.63134 -0.969634
1.63077 -0.975607
1.6344 -0.974884
1.63385 -0.980859
1.62706 -0.989987
1.62647 -0.995958
1.62437 -0.999982
1.6238 -1.00596
1.62031 -1.01269
1.61976 -1.01867
1.62381 -1.02601
1.6232 -1.03198
1.62992 -1.04084
1.6293 -1.04681
1.62392 -1.05603
1.62326 -1.06199
1.62115 -1.05521
1.61991 -1.06715
1.6231 -1.07388
1.62235 -1.07983
1.62378 -1.09006
1.62281 -1.09599
1.62053 -1.09681
1.61942 -1.10271
1.6211 -1.11367
1.61973 -1.11951
1.61424 -1.12274
1.61267 -1.12853
1.61095 -1.13217
1.60916 -1.13789
1.60582 -1.1439
1.60379 -1.14955
1.60572 -1.15914
1.60334 -1.16465
1.60751 -1.17723
1.60492 -1.18264
1.60258 -1.18231
1.59981 -1.18763
1.59672 -1.19173
1.59372 -1.19693
1.5883 -1.19934
1.58511 -1.20443
1.58862 -1.21503
1.58522 -1.21998
1.57968 -1.22328
1.57609 -1.22809
1.57461 -1.23439
1.57083 -1.23906
1.5628 -1.24829
1.55882 -1.25278
1.55984 -1.25573
1.5557 -1.26007
1.55059 -1.26085
1.54629 -1.26504
1.53759 -1.27532
1.53311 -1.27932
1.53162 -1.28621
1.52695 -1.28998
1.52634 -1.29583
1.52152 -1.2994
1.52003 -1.30223
1.51507 -1.3056
1.5058 -1.30759
1.50072 -1.31078
1.49718 -1.3155
1.49199 -1.31851
1.48846 -1.32371
1.48312 -1.32647
1.48 -1.33399
1.47458 -1.33656
1.46025 -1.33841
1.45473 -1.34077
1.45449 -1.33567
1.44888 -1.3378
1.44469 -1.34542
1.439 -1.34731
1.43514 -1.34749
1.42938 -1.34919
1.42278 -1.35979
1.41696 -1.36124
1.41013 -1.36054
1.40426 -1.36178
1.39788 -1.36204
1.39197 -1.36305
1.38813 -1.36901
1.38218 -1.36978
1.37421 -1.37157
1.36823 -1.37209
1.35653 -1.36977
1.35053 -1.36998
1.34618 -1.36871
1.34018 -1.36894
1.33831 -1.37462
1.33231 -1.37485
1.32939 -1.37595
1.32339 -1.37616
1.31816 -1.37726
1.31216 -1.3775
1.29757 -1.36965
1.29157 -1.3699
1.28924 -1.37643
1.28324 -1.37666
1.27778 -1.37957
1.27179 -1.37979
1.26453 -1.38189
1.25854 -1.38206
1.25019 -1.37544
1.23571 -1.37604
1.24128 -1.37607
1.23279 -1.37642
1.21323 -1.37977
1.20324 -1.38018
1.20549 -1.38173
1.195 -1.38219
1.18917 -1.38959
1.16669 -1.39053
1.16594 -1.38087
1.14046 -1.38186
1.13696 -1.38249
1.12298 -1.3832
1.10757 -1.38253
1.09259 -1.38332
1.06933 -1.38675
1.05336 -1.38766
1.0409 -1.38732
1.02492 -1.38809
1.00617 -1.39154
0.990188 -1.39235
0.984687 -1.39338
0.968707 -1.39417
0.953469 -1.39103
0.937489 -1.39183
0.923748 -1.39221
0.907769 -1.39303
0.883622 -1.39261
0.867653 -1.3936
0.853873 -1.39936
0.837895 -1.4002
0.821895 -1.39824
0.80592 -1.39914
0.784389 -1.39776
0.768414 -1.39865
0.759119 -1.3986
0.743148 -1.39957
0.730694 -1.40501
0.71472 -1.40591
0.692805 -1.41008
0.676836 -1.41107
0.660711 -1.4032
0.644736 -1.40408
0.634879 -1.41102
0.618906 -1.41195
0.599484 -1.41322
0.58351 -1.41414
0.567917 -1.41489
0.551944 -1.41581
0.534504 -1.41494
0.518538 -1.41598
0.502364 -1.41588
0.486395 -1.41688
0.475804 -1.42227
0.459831 -1.42321
0.437385 -1.41876
0.421412 -1.41968
0.406255 -1.42168
0.390285 -1.42267
0.376791 -1.425
0.360823 -1.42601
0.339104 -1.4297
0.323134 -1.43068
0.313386 -1.4248
0.297418 -1.4258
0.279738 -1.43593
0.263767 -1.43689
0.246886 -1.42874
0.23092 -1.42978
0.218393 -1.43615
0.202421 -1.4371
0.185144 -1.43954
0.169177 -1.44058
0.15505 -1.44005
0.139082 -1.44107
0.119144 -1.44147
0.103177 -1.44251
0.0839996 -1.44558
0.0680369 -1.44667
0.0568137 -1.4418
0.0408507 -1.44289
0.0251649 -1.44844
0.00920067 -1.44951
-0.00748159 -1.44843
-0.0234357 -1.44964
-0.0389974 -1.45117
-0.0549598 -1.45226
-0.0730637 -1.45349
-0.0890283 -1.45456
-0.0999264 -1.45543
-0.115884 -1.45659
-0.133314 -1.45693
-0.149273 -1.45808
-0.165507 -1.45698
-0.181464 -1.45816
-0.197969 -1.46379
-0.213926 -1.46496
-0.229445 -1.46828
-0.2454 -1.46948
-0.255312 -1.47118
-0.271269 -1.47236
-0.291368 -1.46743
-0.307327 -1.46857
-0.324582 -1.47588
-0.340535 -1.4771
-0.355232 -1.47698
-0.371192 -1.47811
-0.388471 -1.47275
-0.404425 -1.47396
-0.422459 -1.48696
-0.438412 -1.48818
-0.455542 -1.48411
-0.471494 -1.48535
-0.482415 -1.48712
-0.498362 -1.48842
-0.511589 -1.48551
-0.52754 -1.48676
-0.551119 -1.4892
-0.567073 -1.49041
-0.575276 -1.49517
-0.591226 -1.49644
-0.610899 -1.49662
-0.62685 -1.49788
-0.63988 -1.49605
-0.655829 -1.49733
-0.678772 -1.49553
-0.69472 -1.49682
-0.69706 -1.49985
-0.713011 -1.50111
-0.735744 -1.50588
-0.751693 -1.50715
-0.764597 -1.51013
-0.780543 -1.51144
-0.803591 -1.513
-0.819536 -1.51433
-0.834839 -1.5107
-0.850783 -1.51203
-0.861946 -1.51165
-0.87789 -1.51299
-0.890651 -1.51892
-0.906592 -1.5203
-0.92678 -1.51709
-0.942721 -1.51846
-0.961797 -1.52378
-0.977739 -1.52515
-0.990275 -1.52778
-1.00621 -1.52918
-1.02844 -1.52845
-1.04439 -1.52977
-1.05101 -1.53073
-1.06694 -1.53224
-1.0873 -1.52729
-1.10324 -1.52868
-1.12054 -1.53503
-1.13647 -1.53648
-1.15541 -1.54422
-1.17134 -1.54571
-1.18763 -1.53745
-1.20356 -1.53893
-1.21579 -1.55054
-1.23173 -1.55192
-1.24522 -1.55435
-1.26116 -1.55579
-1.28143 -1.55239
-1.29737 -1.55381
-1.31296 -1.55557
-1.31296 -1.55557
-1.32463 -1.55846
-1.32463 -1.55846
-1.33189 -1.56056
-1.33189 -1.56056
-1.33357 -1.56619
-1.33357 -1.56619
-1.33199 -1.55976
-1.33199 -1.55976
-1.32898 -1.56307
-1.32898 -1.56307
-1.3406 -1.56429
-1.3406 -1.56429
-1.33677 -1.56168
-1.33677 -1.56168
-1.33865 -1.56071
-1.33865 -1.56071
-1.33282 -1.56022
-1.33282 -1.56022
-1.3372 -1.55909
-1.3372 -1.55909
-1.33616 -1.56961
-1.33616 -1.56961
-1.33663 -1.56523
-1.33663 -1.56523
-1.33576 -1.56584
-1.33576 -1.56584
-1.34197 -1.57029
-1.34197 -1.57029
-1.33902 -1.57431
-1.33902 -1.57431
-1.34003 -1.56851
-1.34003 -1.56851
-1.34056 -1.57014
-1.34056 -1.57014
-1.33731 -1.57014
-1.33731 -1.57014
-1.34241 -1.57572
-1.34241 -1.57572
-1.34335 -1.57409
-1.34335 -1.57409
-1.34458 -1.5724
-1.34458 -1.5724
-1.34588 -1.57449
-1.34588 -1.57449
-1.34093 -1.57134
-1.34093 -1.57134
-1.34986 -1.57444
-1.34986 -1.57444
-1.34674 -1.57453
-1.34674 -1.57453
-1.34077 -1.5723
-1.34077 -1.5723
-1.34629 -1.58162
-1.34629 -1.58162
-1.35528 -1.57355
-1.35528 -1.57355
-1.35184 -1.57511
-1.35184 -1.57511
-1.35075 -1.5836
-1.35075 -1.5836
-1.35795 -1.58168
-1.35795 -1.58168
-1.35584 -1.58045
-1.35584 -1.58045
-1.36657 -1.57818
-1.36657 -1.57818
-1.36022 -1.58404
-1.36022 -1.58404
-1.35919 -1.57862
-1.35919 -1.57862
-1.35885 -1.58236
-1.35885 -1.58236
-1.36286 -1.58553
-1.36286 -1.58553
-1.3608 -1.58011
-1.3608 -1.58011
-1.36301 -1.58159
-1.36301 -1.58159
-1.36242 -1.58198
-1.36242 -1.58198
-1.35985 -1.58257
-1.35985 -1.58257
-1.3621 -1.5783
-1.3621 -1.5783
-1.36299 -1.57566
-1.36299 -1.57566
-1.35476 -1.58
-1.35476 -1.58
-1.36941 -1.58325
-1.36984 -1.58235
-1.36252 -1.57576
-1.36339 -1.57396
-1.36186 -1.57427
-1.36276 -1.57248
-1.36353 -1.5753
-1.36446 -1.57353
-1.36259 -1.57009
-1.36481 -1.56618
-1.36812 -1.56171
-1.36962 -1.55911
-1.36913 -1.55979
-1.3707 -1.55723
-1.37135 -1.55385
-1.37296 -1.55132
-1.37448 -1.54578
-1.37617 -1.5433
-1.37543 -1.54573
-1.37714 -1.54326
-1.38178 -1.5375
-1.38352 -1.53505
-1.38006 -1.53584
-1.38182 -1.53342
-1.39033 -1.52751
-1.39206 -1.52505
-1.3858 -1.52163
-1.38748 -1.51915
-1.39243 -1.52039
-1.39407 -1.51788
-1.39476 -1.51172
-1.39635 -1.50918
-1.39806 -1.51069
-1.3996 -1.50811
-1.40705 -1.50143
-1.40851 -1.49881
-1.40812 -1.49772
-1.40954 -1.49508
-1.40804 -1.49672
-1.4094 -1.49405
-1.41136 -1.49414
-1.41268 -1.49145
-1.41615 -1.48615
-1.41741 -1.48342
-1.42609 -1.47504
-1.42728 -1.47228
-1.42587 -1.4683
-1.42702 -1.46552
-1.42811 -1.46567
-1.42923 -1.46289
-1.43055 -1.45819
-1.43163 -1.45539
-1.43202 -1.45657
-1.43304 -1.45375
-1.43497 -1.44911
-1.43595 -1.44627
-1.4372 -1.44163
-1.43813 -1.43878
-1.44182 -1.4414
-1.4427 -1.43853
-1.44234 -1.43275
-1.44314 -1.42986
-1.44077 -1.43145
-1.44149 -1.42854
-1.44148 -1.42744
-1.44216 -1.42452
-1.44733 -1.42349
-1.44793 -1.42055
-1.44483 -1.41694
-1.44539 -1.41399
-1.45562 -1.40177
-1.4561 -1.39881
-1.45487 -1.39962
-1.45529 -1.39665
-1.45398 -1.39445
-1.45435 -1.39148
-1.45434 -1.39023
-1.45467 -1.38725
-1.45807 -1.38393
-1.45859 -1.37795
-1.45975 -1.38022
-1.45994 -1.37723
-1.46302 -1.37003
-1.4631 -1.36703
-1.46067 -1.36275
-1.46064 -1.35976
-1.45579 -1.35954
-1.45562 -1.35654
-1.45794 -1.35547
-1.45766 -1.35249
-1.4629 -1.34824
-1.46256 -1.34526
-1.46128 -1.34103
-1.46085 -1.33806
-1.46487 -1.33214
-1.4644 -1.32918
-1.45469 -1.33345
-1.45416 -1.3305
-1.4605 -1.32667
-1.45926 -1.3208
-1.46042 -1.31633
-1.45983 -1.31339
-1.45792 -1.31
-1.45731 -1.30706
-1.45811 -1.30529
-1.45753 -1.30235
-1.45578 -1.29348
-1.45518 -1.29054
-1.45557 -1.29095
-1.45497 -1.28801
-1.45301 -1.29124
-1.45238 -1.28831
-1.45448 -1.28287
-1.45381 -1.27995
-1.45057 -1.28463
-1.44991 -1.28171
-1.45797 -1.2696
-1.45731 -1.26668
-1.44947 -1.26398
-1.44881 -1.26105
-1.45121 -1.26176
-1.45054 -1.25884
-1.44775 -1.25209
-1.44706 -1.24917
-1.44708 -1.24753
-1.44639 -1.24461
-1.43953 -1.2426
-1.43886 -1.23967
-1.44871 -1.2321
-1.44801 -1.22918
-1.44405 -1.22626
-1.44335 -1.22334
-1.43985 -1.22104
-1.43917 -1.21812
-1.43989 -1.22002
-1.4392 -1.2171
-1.43699 -1.21396
-1.43631 -1.21103
-1.4357 -1.20659
-1.43503 -1.20367
-1.43808 -1.2002
-1.4374 -1.19727
-1.4361 -1.1911
-1.43543 -1.18817
-1.43291 -1.19168
-1.43222 -1.18876
-1.43355 -1.18027
-1.43281 -1.17736
-1.43147 -1.18368
-1.43073 -1.18077
-1.42499 -1.17623
-1.42423 -1.17333
-1.42683 -1.16562
-1.42609 -1.16271
-1.42865 -1.15844
-1.4279 -1.15553
-1.42124 -1.16026
-1.42039 -1.15687
-1.42184 -1.14725
-1.42069 -1.1429
-1.42791 -1.14572
-1.42666 -1.14088
-1.41465 -1.13375
-1.41336 -1.12892
-1.4125 -1.1228
-1.41123 -1.11796
-1.4165 -1.10626
-1.41525 -1.10142
-1.4052 -1.10163
-1.40396 -1.09678
-1.4057 -1.09911
-1.40447 -1.09426
-1.40523 -1.07723
-1.40392 -1.07241
-1.40023 -1.07304
-1.39887 -1.06823
-1.39955 -1.06768
-1.39813 -1.06288
-1.39745 -1.05929
-1.39592 -1.05453
-1.39436 -1.03824
-1.39271 -1.03352
-1.39271 -1.03638
-1.39098 -1.03169
-1.38884 -1.0216
-1.38701 -1.01695
-1.39345 -1.01226
-1.39153 -1.00764
-1.38427 -1.0055
-1.38226 -1.00093
-1.37939 -0.992533
-1.3773 -0.987991
-1.37708 -0.984558
-1.3749 -0.980059
-1.3714 -0.977288
-1.36916 -0.972817
-1.36972 -0.973405
-1.36736 -0.968997
-1.37088 -0.957284
-1.3685 -0.952888
-1.36034 -0.951219
-1.35793 -0.946841
-1.35434 -0.941877
-1.35196 -0.937481
-1.35244 -0.933192
-1.35002 -0.928812
-1.34766 -0.926566
-1.34528 -0.922169
-1.33689 -0.91337
-1.33453 -0.908962
-1.33391 -0.904025
-1.33153 -0.899629
-1.33118 -0.901839
-1.32882 -0.897431
-1.32666 -0.887295
-1.32431 -0.882884
-1.32902 -0.8869
-1.32661 -0.882517
-1.31704 -0.87517
-1.31462 -0.870795
-1.31132 -0.860673
-1.30887 -0.85631
-1.31099 -0.848387
-1.30585 -0.839227
-1.30614 -0.846017
-1.30296 -0.840346
-1.29495 -0.832453
-1.29162 -0.826291
-1.29037 -0.825303
-1.28359 -0.813053
-1.28175 -0.813732
-1.27828 -0.807652
-1.27584 -0.797976
-1.27227 -0.791954
-1.26582 -0.785648
-1.26208 -0.77973
-1.26579 -0.774328
-1.26195 -0.768478
-1.25415 -0.763231
-1.2502 -0.757453
-1.25617 -0.747363
-1.25217 -0.741624
-1.24531 -0.739376
-1.24124 -0.733681
-1.23489 -0.729419
-1.23084 -0.723706
-1.23046 -0.715112
-1.22643 -0.709389
-1.22456 -0.707385
-1.22052 -0.701667
-1.20721 -0.689158
-1.20313 -0.683466
-1.2042 -0.685534
-1.20001 -0.679926
-1.19684 -0.66625
-1.19255 -0.660718
-1.18967 -0.66639
-1.18529 -0.660926
-1.17064 -0.647428
-1.16614 -0.642066
-1.17111 -0.636557
-1.16652 -0.63127
-1.16036 -0.624324
-1.15565 -0.61914
-1.1474 -0.612952
-1.14259 -0.607862
-1.13693 -0.595798
-1.13197 -0.590856
-1.13324 -0.592356
-1.12832 -0.587369
-1.12631 -0.581859
-1.12139 -0.576878
-1.11514 -0.576017
-1.11023 -0.571025
-1.10561 -0.564049
-1.10071 -0.559048
-1.09166 -0.551601
-1.08179 -0.541663
-1.08163 -0.546079
-1.07664 -0.541176
-1.07228 -0.535458
-1.0672 -0.530647
-1.06158 -0.520377
-1.0564 -0.515672
-1.05654 -0.516817
-1.05126 -0.51222
-1.04423 -0.504798
-1.03886 -0.500308
-1.03395 -0.498065
-1.0285 -0.493682
-1.02313 -0.486395
-1.0176 -0.482105
-1.01166 -0.482665
-1.00602 -0.47852
-0.997725 -0.471163
-0.992013 -0.467116
-0.985711 -0.459392
-0.979945 -0.455422
-0.981098 -0.450837
-0.975273 -0.446956
-0.969579 -0.446888
-0.963725 -0.44305
-0.955587 -0.439333
-0.949746 -0.435474
-0.942028 -0.425719
-0.936162 -0.421899
-0.929378 -0.418811
-0.923509 -0.414996
-0.915561 -0.409097
-0.908884 -0.40469
-0.901938 -0.397169
-0.894455 -0.392169
-0.894477 -0.391666
-0.886966 -0.386707
-0.877304 -0.388853
-0.869791 -0.383896
-0.857399 -0.372765
-0.849053 -0.367256
-0.836714 -0.35868
-0.827487 -0.352691
-0.826761 -0.351724
-0.816755 -0.3451
-0.792085 -0.332304
-0.781261 -0.325103
-0.786336 -0.328594
-0.775504 -0.321407
-0.768498 -0.312183
-0.757555 -0.305165
-0.74153 -0.297028
-0.730494 -0.290159
-0.725777 -0.284605
-0.714621 -0.277932
-0.704482 -0.265148
-0.693188 -0.25871
-0.681459 -0.254858
-0.67003 -0.248663
-0.654236 -0.241489
-0.642804 -0.2353
-0.630179 -0.231814
-0.618746 -0.225627
-0.604974 -0.217159
-0.593534 -0.210983
-0.586761 -0.2077
-0.57529 -0.201584
-0.566619 -0.194604
-0.555177 -0.188432
-0.542338 -0.180244
-0.530886 -0.174091
-0.519741 -0.16778
-0.50827 -0.161663
-0.498826 -0.158602
-0.48738 -0.152437
-0.472128 -0.141657
-0.4607 -0.13546
-0.453395 -0.134746
-0.44198 -0.128524
-0.418363 -0.1134
-0.406875 -0.107314
-0.404372 -0.107439
-0.39281 -0.101497
-0.381712 -0.0948211
-0.370029 -0.089118
-0.358592 -0.0859435
-0.346825 -0.0804179
-0.334811 -0.0715547
-0.322919 -0.066303
-0.310967 -0.0572885
-0.298969 -0.0522844
-0.289404 -0.0481021
-0.277311 -0.0433323
-0.261603 -0.0379983
-0.24942 -0.0334628
-0.236876 -0.0336048
-0.224587 -0.029363
-0.217315 -0.0235438
-0.204972 -0.0194632
-0.183959 -0.0149485
-0.171544 -0.0110898
-0.163928 -0.00227576
-0.151438 0.00132656
-0.139976 0.00610921
-0.127411 0.0094456
-0.116858 0.0102846
-0.104232 0.0133785
-0.0898415 0.0161354
-0.0771461 0.0189331
-0.0783 0.0157868
-0.0783 0.0157868
-0.0588406 0.0288592
-0.0588406 0.0288592
-0.0527406 0.0261655
-0.0527406 0.0261655
-0.0510124 0.0262412
-0.0510124 0.0262412
-0.0523114 0.0244709
-0.0523114 0.0244709
-0.0536429 0.0262041
-0.0536429 0.0262041
-0.049098 0.0248971
-0.049098 0.0248971
-0.0498122 0.0231964
-0.0498122 0.0231964
-0.0518336 0.026236
-0.0518336 0.026236
-0.0508901 0.0253456
-0.0508901 0.0253456
-0.054012 0.0237579
-0.054012 0.0237579
-0.0492655 0.0274542
-0.0492655 0.0274542
-0.0519426 0.0228147
-0.0519426 0.0228147
-0.0502447 0.0260838
-0.0502447 0.0260838
-0.0471056 0.0261225
-0.0471056 0.0261225
-0.0501703 0.0276691
-0.0501703 0.0276691
-0.0495056 0.0265825
-0.0495056 0.0265825
-0.0496996 0.0278162
-0.0496996 0.0278162
-0.0519648 0.0261174
-0.0519648 0.0261174
-0.0519648 0.0261174
-0.0519648 0.0261174
-0.0519648 0.0261174
-0.0519648 0.0261174
-0.0519648 0.0261174
-0.0519648 0.0261174
-0.0519648 0.0261174
-0.0519648 0.0261174
-0.0519648 0.0261174
-0.0519648 0.0261174
-0.0519648 0.0261174
-0.0519648 0.0261174
-0.0519648 0.0261174
-0.0519648 0.0261174
-0.0519648 0.0261174
-0.0519648 0.0261174
-0.0519648 0.0261174
-0.0519648 0.0261174
-0.0519648 0.0261174
-0.0519648 0.0261174
-0.0519648 0.0261174
-0.0519648 0.0261174
-0.0519648 0.0261174
-0.0519648 0.0261174
-0.0519648 0.0261174
-0.0519648 0.0261174
-0.0519648 0.0261174
-0.0519648 0.0261174
-0.0519648 0.0261174
-0.0519648 0.0261174
-0.0519648 0.0261174
-0.0519648 0.0261174
-0.0519648 0.0261174
-0.0519648 0.0261174
-0.0519648 0.0261174
-0.0519648 0.0261174
-0.0519648 0.0261174
-0.0519648 0.0261174
-0.0519648 0.0261174
-0.0519648 0.0261174
-0.0519648 0.0261174
-0.0519648 0.0261174
-0.0519648 0.0261174
-0.0519648 0.0261174
-0.0519648 0.0261174
-0.0519648 0.0261174
-0.0519648 0.0261174
-0.0519648 0.0261174
-0.0519648 0.0261174
-0.0519648 0.0261174
-0.0519648 0.0261174
-0.0519648 0.0261174
-0.0519648 0.0261174
-0.0519648 0.0261174
-0.0519648 0.0261174
-0.0519648 0.0261174
-0.0519648 0.0261174
-0.0519648 0.0261174
-0.0519648 0.0261174
-0.0519648 0.0261174
-0.0519648 0.0261174
-0.0519648 0.0261174
-0.0519648 0.0261174
-0.0519648 0.0261174
-0.0519648 0.0261174
-0.0519648 0.0261174
-0.0519648 0.0261174
-0.0519648 0.0261174
-0.0519648 0.0261174
-0.0519648 0.0261174
-0.0519648 0.0261174
-0.0519648 0.0261174
-0.0519648 0.0261174
-0.0519648 0.0261174
-0.0519648 0.0261174
-0.0519648 0.0261174
-0.0519648 0.0261174
-0.0519648 0.0261174
-0.0519648 0.0261174
-0.0519648 0.0261174
-0.0519648 0.0261174
-0.0519648 0.0261174
-0.0519648 0.0261174
-0.0519648 0.0261174
-0.0519648 0.0261174
-0.0519648 0.0261174
-0.0519648 0.0261174
-0.0519648 0.0261174
-0.0519648 0.0261174
