0
0
0
0
0
0
0
0
0
0
0
0
0
0
0
0
0
0
0
0
0
0
0
0
0
0
0
0
0
0
0
0
0
0
0
0
0
0
0
0
0
0
0
0
0
0
0
0
0
0
0
0
0
0
0
0
0
0
0
0.00343988
0.00344544
0.0239355
0.0239301
0.0329904
0.032985
0.0344231
0.0344177
0.0278328
0.0278259
0.0257246
0.0257178
0.026031
0.0260242
0.0315694
0.0315628
0.0293327
0.0293262
0.0317325
0.0317277
0.0261292
0.026126
0.0267101
0.0267055
0.0312057
0.0312026
0.0333849
0.0333819
0.0283467
0.0283437
0.0258761
0.0258717
0.0241707
0.0241664
0.0326156
0.0326128
0.0304441
0.0304413
0.030679
0.0306749
0.0304041
0.0303988
0.028466
0.0284633
0.0293542
0.0293477
0.0290106
0.0290055
0.0286936
0.0286886
0.0301888
0.0301839
0.027343
0.0273382
0.0290722
0.0290676
0.0289965
0.0289919
0.0266518
0.0266473
0.0348092
0.0348059
0.0302144
0.0302122
0.029805
0.0298018
0.0278478
0.0278438
0.0271074
0.0271054
0.0284352
0.0284333
0.0308619
0.0308591
0.0281778
0.0281742
0.0258045
0.025801
0.0324716
0.0309673
0.0279579
0.0262435
0.0280273
0.0274504
0.02673
0.0266611
0.0286365
0.0275768
0.030287
0.0311943
0.0238753
0.0247972
0.0249039
0.0258426
0.0262094
0.0271698
0.028502
0.0294879
0.0271117
0.0246243
0.0248502
0.0260188
0.0276437
0.027693
0.0258559
0.0272561
0.0253225
0.0263575
0.0270291
0.0254143
0.0289682
0.0287787
0.0271245
0.0270581
0.0283923
0.0283253
0.0303808
0.0303308
0.0214332
0.0230576
0.0259895
0.025992
0.0322934
0.0306633
0.0289162
0.0273065
0.0247894
0.0265279
0.0264769
0.0265313
0.0265379
0.0248776
0.0264279
0.0279324
0.0317362
0.0316678
0.0237722
0.0221033
0.0291799
0.0291464
0.024787
0.0264358
0.0289409
0.0273044
0.0266622
0.0233839
0.0290273
0.0258842
0.0292829
0.0312335
0.0255812
0.0271854
0.0305675
0.0323055
0.0282273
0.0266359
0.0259326
0.0243908
0.0310557
0.0295114
0.0324926
0.0326806
0.0265515
0.0285233
0.0288992
0.0290956
0.0233787
0.0251186
0.0300751
0.0302158
0.0236856
0.0206116
0.0329847
0.0330894
0.0275715
0.0292967
0.0279526
0.0296524
0.0239196
0.0255967
0.0275404
0.0287961
0.0317128
0.033204
0.0276882
0.0292526
0.0249742
0.0264995
0.0301209
0.0317022
0.0266721
0.0266385
0.0261706
0.0245173
0.0297814
0.028142
0.0303411
0.0287171
0.0303699
0.0287494
0.0316993
0.0317069
0.0252509
0.0248166
0.0245742
0.0245589
0.0314405
0.0311703
0.031514
0.0298342
0.027026
0.0285666
0.0254707
0.0254491
0.0250042
0.0266074
0.0248445
0.0248686
0.0297611
0.02814
0.0282809
0.0266608
0.0298849
0.0279193
0.0285051
0.0268565
0.0306215
0.0288524
0.0296161
0.0279297
0.028354
0.0266752
0.0267407
0.0250785
0.0306184
0.0289717
0.0291789
0.0275475
0.0288356
0.0272179
0.0361547
0.0345359
0.0245392
0.0259318
0.027449
0.0288431
0.0245203
0.0260921
0.0227918
0.0242561
0.0305476
0.032125
0.0337876
0.0353764
0.0235396
0.025151
0.0219418
0.0236017
0.0276511
0.0276832
0.0293124
0.0293562
0.0274631
0.0274614
0.0276306
0.0256933
0.0328948
0.0328828
0.0270368
0.0251943
0.027746
0.0276907
0.0311164
0.0310727
0.0262334
0.0262087
0.0301117
0.0301167
0.0265681
0.0282488
0.0270895
0.0287869
0.0293379
0.0293769
0.0295587
0.0276419
0.0291754
0.0275245
0.0287747
0.0286918
0.0307716
0.0307014
0.0265974
0.0281653
0.0253057
0.0252719
0.0259728
0.0259636
0.025754
0.0274085
0.0259582
0.0242837
0.0236673
0.0253694
0.0253194
0.0252896
0.0323991
0.0305888
0.0252803
0.0252595
0.0293406
0.0275494
0.0339968
0.0339429
0.0288915
0.0304841
0.0259421
0.0275644
0.0232485
0.0232608
0.0285576
0.0285877
0.027254
0.0255918
0.0249823
0.0266571
0.0251193
0.0261872
0.0266984
0.0250414
0.0258485
0.0256169
0.025863
0.0241852
0.0257239
0.030748
0.028796
0.0301871
0.0304532
0.0318522
0.025458
0.0268799
0.0314819
0.0328914
0.0272737
0.0281726
0.0221736
0.0219833
0.0251684
0.0249999
0.0272207
0.0270775
0.0247419
0.0246256
0.0270377
0.0269137
0.0294382
0.0293188
0.0299662
0.0281857
0.0258863
0.0252295
0.0282577
0.0264532
0.0210372
0.0208203
0.0288544
0.0302163
0.0246197
0.0259706
0.0283406
0.0281645
0.0267979
0.0267494
0.0301853
0.0302137
0.0250354
0.0266144
0.025832
0.0258413
0.0276285
0.0276429
0.0274158
0.0274064
0.0328839
0.0308419
0.0284555
0.0300488
0.0261176
0.0277322
0.0214309
0.023068
0.0234179
0.0250808
0.0276762
0.0276989
0.0219136
0.0203044
0.0243946
0.0244831
0.0264337
0.0282149
0.0267943
0.0252027
0.0212167
0.0208535
0.0255496
0.0255893
0.026771
0.0268144
0.0277898
0.0261371
0.0301675
0.0285365
0.0284752
0.0301595
0.0260975
0.026151
0.0280636
0.0281173
0.0277191
0.0260331
0.0259453
0.0259028
0.0266772
0.027964
0.0289374
0.0305088
0.026992
0.0285861
0.0291003
0.0307278
0.0302622
0.0286508
0.0338056
0.0271934
0.025932
0.0261231
0.0288756
0.0274022
0.0294942
0.0280523
0.0266049
0.0249161
0.0248678
0.0250701
0.0282248
0.0252355
0.0305836
0.030922
0.0283224
0.0354373
0.0330173
0.0332275
0.0319266
0.0319403
0.0390091
0.0390237
0.0273035
0.0273183
0.0374187
0.0374338
0.0333206
0.033332
0.0296774
0.0296851
0.0336368
0.0336671
0.0289135
0.0290656
0.0330069
0.0332684
0.0316299
0.0317647
0.0340883
0.0343423
0.0328516
0.0331566
0.0310397
0.0317029
0.0305933
0.0311887
0.0302024
0.0302761
0.0320778
0.0319412
0.0262568
0.0265224
0.0300016
0.030262
0.0348777
0.0351306
0.0309992
0.0313348
0.0300945
0.0304331
0.0322205
0.0325598
0.0319249
0.0317644
0.0318012
0.032943
0.0268014
0.0269171
0.028706
0.0288185
0.0320807
0.0322521
0.0276375
0.0278102
0.027301
0.0274738
0.0295406
0.0296605
0.029353
0.0295924
0.0332228
0.0334686
0.0331938
0.0333486
0.0322934
0.0323715
0.0249559
0.02496
0.0324771
0.0324822
0.0321412
0.0321466
0.0260042
0.0260094
0.0354909
0.0354965
0.0352707
0.0352757
0.0328793
0.0328845
0.0325903
0.0325956
0.0321712
0.0321765
0.030378
0.0303831
0.0346371
0.0346398
0.029549
0.0290521
0.0288609
0.034419
0.03019
0.0293582
0.0302628
0.0302887
0.0317496
0.0317839
0.0252903
0.0263322
0.0294419
0.0284721
0.0295642
0.0305934
0.0307857
0.031717
0.0318215
0.0318117
0.0356185
0.0365909
0.0291004
0.0280762
0.0284483
0.0294121
0.0306576
0.0301316
0.030561
0.0283887
0.0235476
0.0229057
0.027028
0.0270106
0.0282711
0.0266356
0.0279935
0.0296719
0.0249644
0.0250022
0.0289086
0.0289411
0.0314501
0.0314186
0.0345414
0.0361702
0.0220961
0.0237228
0.02531
0.0252912
0.0288878
0.0285868
0.0288912
0.0284959
0.0275994
0.029584
0.0245237
0.0265387
0.0230268
0.0250213
0.0269783
0.0289684
0.0269202
0.0288269
0.0292157
0.0292001
0.028279
0.0262896
0.0260114
0.0256751
0.0271503
0.0271387
0.0290954
0.0271803
0.0257013
0.0237546
0.0328799
0.0309302
0.0312111
0.0311809
0.0275336
0.0294892
0.0330744
0.0350214
0.0296903
0.0314487
0.0236548
0.0253704
0.0304757
0.0324488
0.0274881
0.0294956
0.0261288
0.0281528
0.0207673
0.0227739
0.0284779
0.0284761
0.0263437
0.0263275
0.0300951
0.0300711
0.0299118
0.0276273
0.0304605
0.0284681
0.0252091
0.0252137
0.0314481
0.0314804
0.0281204
0.0281539
0.0335066
0.0354785
0.0295581
0.0315144
0.0314594
0.0334056
0.0308401
0.0327207
0.0308298
0.0285149
0.0268272
0.0268167
0.0225007
0.0225126
0.0370332
0.0290834
0.0288509
0.030926
0.0271899
0.0269433
0.0317044
0.0318637
0.0279088
0.0280814
0.0297567
0.0299585
0.030218
0.0324274
0.031751
0.0314073
0.028201
0.0283643
0.0228402
0.0228863
0.0279716
0.0280894
0.0291469
0.0292986
0.030992
0.0331918
0.0298291
0.0320887
0.0303865
0.0306242
0.030816
0.033024
0.0248053
0.0269676
0.0294251
0.0316158
0.0319157
0.0340233
0.0244071
0.0241815
0.0239973
0.0262223
0.0261722
0.0284011
0.029723
0.0277715
0.0270267
0.0291567
0.0275512
0.0277014
0.0300897
0.0282339
0.0304402
0.0286044
0.0210278
0.0212736
0.0300576
0.0303084
0.0287957
0.0287883
0.0291003
0.0312544
0.0292917
0.0273915
0.0291401
0.0292946
0.0292795
0.0294634
0.0284193
0.0286245
0.0266818
0.026882
0.0220173
0.0200344
0.0259537
0.0240676
0.0288863
0.0269062
0.0318899
0.0299196
0.0326448
0.0306787
0.0238177
0.0238091
0.0278518
0.0258848
0.0263046
0.0282986
0.0271035
0.0269172
0.0248555
0.0171236
0.0274814
0.0297022
0.0155233
0.0146727
0.0264551
0.0259806
0.0310785
0.0233578
0.0295199
0.0117399
0.0283328
0.0231936
0.0263934
0.0211684
0.0124694
0.0119538
0.0155159
0.0153882
0.0123963
0.0124061
0.0281716
0.0229078
0.0291764
0.0237798
0.0312843
0.0260378
0.0235405
0.023525
0.0197743
0.0249106
0.0250862
0.02508
0.0150645
0.0150766
0.0217045
0.0216858
0.0241481
0.0293975
0.0181674
0.023436
0.019418
0.0194377
0.0292864
0.0239747
0.0204977
0.0205098
0.0209099
0.0209231
0.0196559
0.0194856
0.0194495
0.0194469
0.019019
0.0244463
0.0238482
0.0185889
0.0242623
0.0190255
0.0158235
0.0212652
0.0206337
0.0153573
0.0276357
0.0276223
0.0250215
0.0250221
0.0200706
0.0251731
0.0222114
0.0273916
0.0207267
0.0260237
0.0226718
0.0279681
0.0188127
0.0239102
0.0152329
0.0205208
0.0262069
0.0210718
0.0203934
0.0202913
0.0250827
0.0198334
0.0147658
0.0201685
0.0180586
0.0232451
0.0229136
0.0281398
0.021611
0.0268563
0.021985
0.0271244
0.0255447
0.0255185
0.0205233
0.025822
0.0265886
0.0266022
0.0232222
0.0177775
0.0209725
0.0209803
0.0275598
0.022287
0.0223387
0.0222174
0.0242117
0.0191008
0.0228427
0.0175614
0.0278525
0.0225669
0.0308171
0.0255508
0.0178445
0.0231142
0.025246
0.0252595
0.0266819
0.0266557
0.0246386
0.0299246
0.0188058
0.0188174
0.036589
0.0365026
0.0293106
0.0240388
0.0322685
0.0270037
0.0251743
0.0197726
0.0262419
0.0210227
0.0261051
0.0261118
0.0284542
0.0284339
0.0249138
0.0248915
0.0210002
0.021012
0.0242781
0.024289
0.0234131
0.0233948
0.032665
0.0326776
0.0249798
0.0249912
0.0220023
0.0218504
0.0181634
0.0234262
0.0198479
0.0148802
0.02159
0.0266418
0.0239166
0.0291151
0.019616
0.0141818
0.0199389
0.0384372
0.0323531
0.0397921
0.0348969
0.0367975
0.0358148
0.0358229
0.036695
0.0366977
0.0399119
0.0399133
0.0285688
0.0285697
0.0320228
0.0320237
0.0300855
0.0301274
0.0360347
0.0361934
0.0319618
0.0321077
0.034833
0.0347672
0.0330734
0.0329817
0.0337595
0.0337509
0.0291665
0.0292668
0.0336998
0.0338038
0.030779
0.0308838
0.0310465
0.0311567
0.03428
0.0344347
0.0325676
0.0331089
0.032021
0.0324153
0.030689
0.0308624
0.0309978
0.0311149
0.0342001
0.0344392
0.0284499
0.0285751
0.0314132
0.0316725
0.0359229
0.0360517
0.0370136
0.037219
0.0252776
0.0255571
0.0294273
0.0295684
0.0367272
0.036872
0.0313181
0.0316087
0.0319102
0.0322042
0.0252985
0.0255173
0.0336148
0.0338395
0.0298464
0.0301438
0.0336756
0.0338987
0.0352608
0.03547
0.0315776
0.0316501
0.0320835
0.0320836
0.0326235
0.0325546
0.0341824
0.0341172
0.0292672
0.0292196
0.0264099
0.0263787
0.0344708
0.0344408
0.0311944
0.0303305
0.0269653
0.0267155
0.0303389
0.0296549
0.0336829
0.0343004
0.0336094
0.0318812
0.028947
0.0289222
0.0327234
0.0326888
0.0314978
0.0324463
0.0290721
0.0279987
0.0337685
0.0335928
0.0275682
0.0259078
0.0318737
0.0328293
0.0250203
0.0260364
0.0295255
0.0305356
0.0301326
0.031183
0.0280902
0.0291435
0.0311967
0.0312768
0.0255696
0.0246489
0.0280847
0.0282003
0.0335045
0.0326111
0.035765
0.0348721
0.0326924
0.0317993
0.024562
0.0236513
0.0247612
0.0244859
0.0257704
0.0254745
0.0237259
0.0237897
0.0277282
0.0278088
0.0258491
0.0269411
0.0242674
0.0253575
0.0285138
0.0296203
0.0263322
0.0272842
0.0315325
0.0324219
0.0334474
0.0345441
0.0339298
0.03506
0.0356792
0.0347767
0.0244159
0.0234883
0.0275599
0.0276272
0.0286673
0.0281629
0.0294315
0.0293581
0.0294762
0.0255163
0.0306957
0.0318351
0.0266131
0.0278013
0.0267931
0.0269638
0.029663
0.0288203
0.0314377
0.0326724
0.0302075
0.0303524
0.0302528
0.0303969
0.0279427
0.0280859
0.0354078
0.0345523
0.0335097
0.0306145
0.0291794
0.0291661
0.0285948
0.0285793
0.0288419
0.0298192
0.0237723
0.0246918
0.0278759
0.0272995
0.0327585
0.0323297
0.0290375
0.0289945
0.0363027
0.0362704
0.0289189
0.0289022
0.0274008
0.0283811
0.0314772
0.0314884
0.0273693
0.0273957
0.0288014
0.0288397
0.0294185
0.030428
0.026474
0.0254911
0.0256073
0.0266487
0.0258003
0.0268177
0.0307436
0.0296239
0.0302137
0.0302
0.0296552
0.0296277
0.0296941
0.0286775
0.0262543
0.0250262
0.0295774
0.0297594
0.0251516
0.0251061
0.0339922
0.0339582
0.0318574
0.0318409
0.0272867
0.0272808
0.0266131
0.0266225
0.0333298
0.0330074
0.0271648
0.026858
0.0343507
0.0326736
0.0301911
0.0302333
0.0306072
0.0289224
0.0249307
0.0232723
0.0286271
0.0270158
0.0340646
0.0349125
0.0226473
0.0209768
0.0277272
0.0261387
0.0322563
0.032352
0.0320717
0.0321925
0.0209173
0.0210507
0.0289293
0.0290453
0.0237141
0.0237199
0.0268371
0.0269032
0.0270603
0.0271466
0.0233409
0.0217137
0.0252087
0.023574
0.0263538
0.0272465
0.0309626
0.0324575
0.0271316
0.0287841
0.0282721
0.0282757
0.0272737
0.0270566
0.0282485
0.0265756
0.0284848
0.0284551
0.0222116
0.0221966
0.0238564
0.0222292
0.0307829
0.0291582
0.0255596
0.0237665
0.0354865
0.0353546
0.0280128
0.029656
0.0223531
0.0223643
0.0215655
0.01613
0.0268211
0.0257196
0.0214119
0.0211876
0.0267307
0.0174876
0.0268209
0.0269268
0.0262793
0.0239697
0.0246628
0.0224924
0.0282655
0.0260115
0.0225123
0.0247479
0.0267317
0.0290359
0.0275168
0.0275066
0.0274429
0.0274655
0.0272936
0.027337
0.0316167
0.0314789
0.0202744
0.0225526
0.0295609
0.0316103
0.0235735
0.0236037
0.035669
0.0334195
0.0238633
0.0239773
0.0290187
0.0291617
0.0270284
0.0248199
0.0219779
0.0220164
0.0157584
0.0155744
0.0244546
0.024392
0.0261599
0.0261277
0.0255915
0.0279701
0.0290925
0.026812
0.0245328
0.0152715
0.0279719
0.0280833
0.0255059
0.0251511
0.0205785
0.0182038
0.0285096
0.0285589
0.0277384
0.0254905
0.027493
0.0276159
0.0258202
0.0259622
0.0268452
0.0315241
0.0272265
0.0272784
0.0220094
0.0242415
0.0269393
0.0291495
0.029123
0.0314126
0.0274333
0.0297493
0.0224205
0.024783
0.0221481
0.022155
0.0212736
0.0181747
0.0163015
0.0155671
0.02381
0.0236175
0.0259723
0.0259626
0.0182225
0.017411
0.0153438
0.0111416
0.0235652
0.0190624
0.00511054
0.00712398
0.0208888
0.0208812
0.0225583
0.0226368
0.0178212
0.0178606
0.0237572
0.0237193
0.0219963
0.0263467
0.0227756
0.0271247
0.0184833
0.018464
0.0231606
0.0188506
0.0198449
0.0198591
0.0253632
0.0210746
0.0228544
0.0228341
0.0206534
0.0205861
0.0250512
0.0207735
0.0283084
0.0239925
0.0226228
0.0183354
0.0288072
0.0244538
0.0137479
0.00948538
0.0247198
0.0204373
0.0204493
0.0248411
0.0221127
0.0221976
0.0203513
0.0204575
0.0191496
0.0190454
0.0216537
0.0260267
0.0182061
0.0226411
0.0200353
0.0243853
0.0239302
0.0238541
0.0201767
0.0160748
0.0187969
0.0189276
0.0198734
0.0199146
0.0222395
0.022253
0.0162448
0.020776
0.0402038
0.0517957
0.0344166
0.0358232
0.0302021
0.0302602
0.0286086
0.0286671
0.030368
0.0304461
0.0314126
0.0314905
0.027386
0.0274641
0.028672
0.0287307
0.0300017
0.0300412
0.0293672
0.0294264
0.0328993
0.0329586
0.0275894
0.0276683
0.031408
0.0314675
0.0290501
0.0291098
0.0261003
0.0261602
0.0289228
0.0289827
0.0285836
0.0286636
0.0286944
0.0287347
0.0313469
0.0314073
0.0314677
0.0315083
0.0315689
0.0316295
0.0317103
0.0317511
0.031832
0.0318728
0.0319131
0.0319949
0.0320762
0.0321172
0.0321987
0.0322398
0.0323214
0.0323626
0.0324444
0.0324857
0.0325473
0.0326294
0.0326708
0.032753
0.0328149
0.0328769
0.0329185
0.0329805
0.0330426
0.0330837
0.0331671
0.0332499
0.0333123
0.0333541
0.0334372
0.0334791
0.0335623
0.0336249
0.0336876
0.0337296
0.0337923
0.0338551
0.0339179
0.0339807
0.0340436
0.0341065
0.0341902
0.0342324
0.0343162
0.0343793
0.0344215
0.0345055
0.0345478
0.0346318
0.034695
0.0347583
0.0348007
0.0348424
0.0349273
0.0350115
0.0350749
0.0351174
0.0352017
0.0352442
0.0353286
0.0353711
0.0354556
0.0354981
0.0355826
0.0356462
0.0357097
0.0357097
0.0357097
0.0357097
0.0357097
0.0357097
0.0357097
0.0357097
0.0357097
0.0357097
0.0357097
0.0357097
0.0357097
0.0357097
0.0357097
0.0357097
0.0357097
0.0357097
0.0357097
0.0357097
0.0357097
