0 0
0 0
0 0
0 0
0 0
0 0
0 0
0 0
-0.00941629 -0.000124958
-0.00941629 -0.000124958
-0.0123971 -0.0001645
-0.0123971 -0.0001645
-0.00822199 -0.000109134
-0.00822199 -0.000109134
-0.00724239 -9.61476e-05
-0.00724239 -9.61476e-05
-0.00774778 -0.000102845
-0.00774778 -0.000102845
-0.0118656 -0.000157399
-0.0118656 -0.000157399
-0.0102653 -0.000136204
-0.0102653 -0.000136204
-0.012368 -0.000164045
-0.012368 -0.000164045
-0.00655135 -8.70512e-05
-0.00655135 -8.70512e-05
-0.00663452 -8.81519e-05
-0.00663452 -8.81519e-05
-0.0103662 -0.000137522
-0.0103662 -0.000137522
-0.0111342 -0.00014768
-0.0111342 -0.00014768
-0.00554043 -7.37088e-05
-0.00554043 -7.37088e-05
-0.0055152 -7.33753e-05
-0.0055152 -7.33753e-05
-0.0044908 -5.98344e-05
-0.0044908 -5.98344e-05
-0.00550325 -7.32149e-05
-0.00550325 -7.32149e-05
-0.00626411 -8.32685e-05
-0.00626411 -8.32685e-05
-0.00211692 -2.84778e-05
-0.00211692 -2.84778e-05
-0.00800256 -0.000106225
-0.00800256 -0.000106225
-0.00416073 -5.54824e-05
-0.00416073 -5.54824e-05
-0.00309766 -4.14431e-05
-0.00309766 -4.14431e-05
-0.00308042 -4.12155e-05
-0.00308042 -4.12155e-05
-0.00309627 -4.14248e-05
-0.00309627 -4.14248e-05
-0.00295982 -3.96233e-05
-0.00295982 -3.96233e-05
-0.00332208 -4.44058e-05
-0.00332208 -4.44058e-05
-0.00512951 -6.82662e-05
-0.00512951 -6.82662e-05
-0.0038208 -5.09901e-05
-0.0038208 -5.09901e-05
-0.00130602 -1.77937e-05
-0.00130602 -1.77937e-05
-0.00716025 -9.50722e-05
-0.00716025 -9.50722e-05
-0.00425059 -5.66632e-05
-0.00425059 -5.66632e-05
-0.0034104 -4.55718e-05
-0.0034104 -4.55718e-05
-0.000350707 -5.17842e-06
-0.000350707 -5.17842e-06
0.000482486 5.82229e-06
0.000482486 5.82229e-06
7.8772e-05 4.91326e-07
7.8772e-05 4.91326e-07
-0.00105166 -1.44382e-05
-0.00105166 -1.44382e-05
0.000836578 1.05041e-05
0.000836578 1.05041e-05
0.00436776 5.71582e-05
0.00436776 5.71582e-05
-0.00301592 -4.04173e-05
-0.00301592 -4.04173e-05
8.95115e-05 1.82654e-06
8.95115e-05 1.82654e-06
-0.00118991 -1.63411e-05
-0.00118991 -1.63411e-05
0.00344099 5.32155e-05
0.00344099 5.32155e-05
0.00618224 9.52836e-05
0.00618224 9.52836e-05
0.0100799 0.000156491
0.0100799 0.000156491
0.021584 0.00034146
0.021584 0.00034146
0.0254536 0.000405197
0.0254536 0.000405197
0.0290332 0.000465408
0.0290332 0.000465408
0.0306962 0.000493867
0.0306962 0.000493867
0.0383774 0.000627087
0.0383774 0.000627087
0.045062 0.000744221
0.045062 0.000744221
0.0513766 0.000855438
0.0513766 0.000855438
0.0589223 0.000988168
0.0589223 0.000988168
0.0667228 0.00112457
0.0667228 0.00112457
0.0734245 0.00124065
0.0734245 0.00124065
0.0816482 0.00138296
0.0816482 0.00138296
0.088464 0.00151304
0.088464 0.00151304
0.0952805 0.00164506
0.0952805 0.00164506
0.10489 0.00183449
0.10489 0.00183449
0.12002 0.00213842
0.12002 0.00213842
0.126119 0.00226274
0.126119 0.00226274
0.129885 0.00234023
0.129885 0.00234023
0.14479 0.002648
0.14479 0.002648
0.156001 0.00287905
0.156001 0.00287905
0.163726 0.00303717
0.163726 0.00303717
0.172032 0.00320619
0.172032 0.00320619
0.181916 0.00341528
0.181916 0.00341528
0.189225 0.0035813
0.189225 0.0035813
0.209543 0.00404935
0.209543 0.00404935
0.211982 0.00410644
0.211982 0.00410644
0.220441 0.0043073
0.220441 0.0043073
0.233008 0.00460858
0.233008 0.00460858
0.245245 0.00490342
0.245245 0.00490342
0.255687 0.00513858
0.255687 0.00513858
0.263496 0.0051719
0.263496 0.0051719
0.277031 0.00473566
0.277031 0.00473566
0.280185 0.0045225
0.280185 0.0045225
0.290562 0.00344895
0.290562 0.00344895
0.303537 0.00157798
0.303537 0.00157798
0.311876 3.26483e-05
0.311876 3.26483e-05
0.317952 -0.00135063
0.317952 -0.00135063
0.326131 -0.00356938
0.326131 -0.00356938
0.336398 -0.00681566
0.336398 -0.00681566
0.349613 -0.011598
0.349613 -0.011598
0.352925 -0.0129431
0.352925 -0.0129431
0.366775 -0.0192071
0.366775 -0.0192071
0.366953 -0.0192961
0.366953 -0.0192961
0.379221 -0.0258123
0.379221 -0.0258123
0.38584 -0.0293965
0.38584 -0.0293965
0.401892 -0.0380859
0.401892 -0.0380859
0.409461 -0.0421892
0.409461 -0.0421892
0.413775 -0.044583
0.413775 -0.044583
0.425617 -0.0512433
0.425617 -0.0512433
0.436116 -0.0571379
0.436116 -0.0571379
0.439827 -0.059213
0.439827 -0.059213
0.452739 -0.0664219
0.452739 -0.0664219
0.463797 -0.072585
0.463797 -0.072585
0.468412 -0.0751528
0.468412 -0.0751528
0.475659 -0.0791803
0.475659 -0.0791803
0.486202 -0.0850352
0.486202 -0.0850352
0.490505 -0.0874264
0.490505 -0.0874264
0.506733 -0.0965343
0.506733 -0.0965343
0.512871 -0.10007
0.512871 -0.10007
0.515764 -0.101739
0.515764 -0.101739
0.525987 -0.1076
0.525987 -0.1076
0.535508 -0.113051
0.535508 -0.113051
0.54334 -0.117528
0.54334 -0.117528
0.553262 -0.123189
0.553262 -0.123189
0.561304 -0.127771
0.561304 -0.127771
0.569837 -0.132629
0.569837 -0.132629
0.577927 -0.137235
0.577927 -0.137235
0.582152 -0.139646
0.582152 -0.139646
0.592364 -0.145646
0.592364 -0.145646
0.598215 -0.149104
0.598215 -0.149104
0.608773 -0.155309
0.608773 -0.155309
0.616339 -0.159748
0.616339 -0.159748
0.631869 -0.168846
0.631869 -0.168846
0.634366 -0.170306
0.634366 -0.170306
0.64234 -0.174962
0.64234 -0.174962
0.649876 -0.179358
0.649876 -0.179358
0.658245 -0.184237
0.658245 -0.184237
0.671934 -0.192227
0.671934 -0.192227
0.675608 -0.19441
0.675608 -0.19441
0.687943 -0.201864
0.687943 -0.201864
0.696813 -0.207222
0.696813 -0.207222
0.698888 -0.208469
0.698888 -0.208469
0.7089 -0.214475
0.7089 -0.214475
0.719708 -0.220947
0.719708 -0.220947
0.731291 -0.227874
0.731291 -0.227874
0.739107 -0.232541
0.739107 -0.232541
0.742827 -0.234761
0.742827 -0.234761
0.749283 -0.238615
0.749283 -0.238615
0.758913 -0.244399
0.758913 -0.244399
0.761585 -0.246048
0.761585 -0.246048
0.776626 -0.255357
0.776626 -0.255357
0.78353 -0.259598
0.78353 -0.259598
0.78977 -0.263427
0.78977 -0.263427
0.800308 -0.269883
0.800308 -0.269883
0.807522 -0.274295
0.807522 -0.274295
0.81632 -0.279668
0.81632 -0.279668
0.826441 -0.285844
0.826441 -0.285844
0.832078 -0.289283
0.832078 -0.289283
0.838366 -0.293126
0.838366 -0.293126
0.848628 -0.299556
0.848628 -0.299556
0.855203 -0.30371
0.855203 -0.30371
0.861463 -0.307648
0.861463 -0.307648
0.871434 -0.313903
0.871434 -0.313903
0.879887 -0.319196
0.879887 -0.319196
0.890024 -0.325535
0.890024 -0.325535
0.897249 -0.330046
0.897249 -0.330046
0.905789 -0.335371
0.905789 -0.335371
0.917595 -0.34273
0.917595 -0.34273
0.926101 -0.348036
0.926101 -0.348036
0.92929 -0.350051
0.92929 -0.350051
0.939631 -0.356716
0.939631 -0.356716
0.946233 -0.360974
0.946233 -0.360974
0.952335 -0.364883
0.952335 -0.364883
0.959001 -0.369148
0.959001 -0.369148
0.965386 -0.373226
0.965386 -0.373226
0.976279 -0.380173
0.976279 -0.380173
0.979305 -0.382099
0.979305 -0.382099
0.987862 -0.387545
0.987862 -0.387545
1.00157 -0.396273
1.00157 -0.396273
1.00792 -0.400325
1.00792 -0.400325
1.01297 -0.403641
1.01297 -0.403641
1.02296 -0.41022
1.02296 -0.41022
1.03159 -0.415866
1.03159 -0.415866
1.03574 -0.418573
1.03574 -0.418573
1.0472 -0.425803
1.0472 -0.425803
1.05249 -0.428884
1.05249 -0.428884
1.06109 -0.43343
1.06109 -0.43343
1.06049 -0.433142
1.06049 -0.433142
1.07344 -0.438704
1.07344 -0.438704
1.08982 -0.445151
1.08982 -0.445151
1.09364 -0.446486
1.09364 -0.446486
1.09934 -0.448233
1.09934 -0.448233
1.10732 -0.450342
1.10732 -0.450342
1.11424 -0.451882
1.11424 -0.451882
1.1223 -0.453343
1.1223 -0.453343
1.12857 -0.454222
1.12857 -0.454222
1.1387 -0.45525
1.1387 -0.45525
1.14658 -0.455801
1.14658 -0.455801
1.16278 -0.456283
1.16278 -0.456283
1.16228 -0.456288
1.16228 -0.456288
1.17144 -0.455819
1.17144 -0.455819
1.18066 -0.454969
1.18066 -0.454969
1.18568 -0.4543
1.18568 -0.4543
1.20082 -0.451952
1.20082 -0.451952
1.21017 -0.450484
1.21017 -0.450484
1.22198 -0.448656
1.22198 -0.448656
1.23064 -0.447329
1.23064 -0.447329
1.2365 -0.446439
1.2365 -0.446439
1.24439 -0.445241
1.24439 -0.445241
1.25684 -0.443231
1.25684 -0.443231
1.26662 -0.44164
1.26662 -0.44164
1.28459 -0.438693
1.28459 -0.438693
1.29091 -0.437648
1.29091 -0.437648
1.29839 -0.436405
1.29839 -0.436405
1.30736 -0.434912
1.30736 -0.434912
1.32473 -0.432127
1.32473 -0.432127
1.33043 -0.43134
1.33043 -0.43134
1.345 -0.429644
1.345 -0.429644
1.35463 -0.428713
1.35463 -0.428713
1.36347 -0.427975
1.36347 -0.427975
1.36972 -0.427573
1.36972 -0.427573
1.38252 -0.426934
1.38252 -0.426934
1.38718 -0.426698
1.38718 -0.426698
1.39911 -0.426087
1.39911 -0.426087
1.40787 -0.425635
1.40787 -0.425635
1.41794 -0.425117
1.41794 -0.425117
1.42904 -0.424555
1.42904 -0.424555
1.43528 -0.424248
1.43528 -0.424248
1.44387 -0.423815
1.44387 -0.423815
1.44877 -0.423545
1.44877 -0.423545
1.46443 -0.422672
1.46443 -0.422672
1.47012 -0.422351
1.47012 -0.422351
1.48611 -0.421435
1.48611 -0.421435
1.4885 -0.421297
1.4885 -0.421297
1.50465 -0.42046
1.50465 -0.42046
1.50905 -0.42037
1.50905 -0.42037
1.52172 -0.420684
1.52172 -0.420684
1.53155 -0.421515
1.53155 -0.421515
1.53842 -0.422473
1.53842 -0.422473
1.54797 -0.424398
1.54797 -0.424398
1.55351 -0.425866
1.55351 -0.425866
1.56035 -0.428245
1.56035 -0.428245
1.56646 -0.430933
1.56646 -0.430933
1.57383 -0.434277
1.57383 -0.434277
1.56685 -0.431099
1.56685 -0.431099
1.57429 -0.434502
1.57429 -0.434502
1.56732 -0.4313
1.56732 -0.4313
1.56782 -0.431531
1.56782 -0.431531
1.57032 -0.432689
1.57032 -0.432689
1.56942 -0.432272
1.56942 -0.432272
1.57592 -0.43532
1.57592 -0.43532
1.57026 -0.432504
1.57026 -0.432504
1.56845 -0.431512
1.56845 -0.431512
1.56791 -0.431182
1.56791 -0.431182
1.57183 -0.433843
1.57183 -0.433843
1.57116 -0.433327
1.57116 -0.433327
1.56588 -0.428822
1.56588 -0.428822
1.5659 -0.428839
1.5659 -0.428839
1.56789 -0.430945
1.56789 -0.430945
1.57099 -0.434572
1.57099 -0.434572
1.56848 -0.431265
1.56848 -0.431265
1.56741 -0.429666
1.56741 -0.429666
1.57183 -0.437169
1.57183 -0.437169
1.57112 -0.435779
1.57112 -0.435779
1.57323 -0.440545
1.57323 -0.440545
1.57129 -0.435351
1.57129 -0.435351
1.57168 -0.436453
1.57168 -0.436453
1.57329 -0.441111
1.57329 -0.441111
1.57208 -0.437251
1.57208 -0.437251
1.57248 -0.438725
1.57248 -0.438725
1.57277 -0.439976
1.57277 -0.439976
1.57259 -0.439026
1.57259 -0.439026
1.57299 -0.441771
1.57299 -0.441771
1.57263 -0.438368
1.57263 -0.438368
1.57278 -0.440657
1.57278 -0.440657
1.5728 -0.441623
1.5728 -0.441623
1.5728 -0.442006
1.5728 -0.442006
1.57261 -0.449217
1.57261 -0.449217
1.57278 -0.443012
1.57278 -0.443012
1.57276 -0.443445
1.57276 -0.443445
1.57258 -0.45011
1.57258 -0.45011
1.57289 -0.439383
1.57289 -0.439383
1.57284 -0.440931
1.57284 -0.440931
1.57288 -0.439708
1.57288 -0.439708
1.57283 -0.441411
1.57283 -0.441411
1.57276 -0.443418
1.57276 -0.443418
1.57275 -0.443632
1.57275 -0.443632
1.57294 -0.438488
1.57294 -0.438488
1.57274 -0.443782
1.57274 -0.443782
1.57297 -0.437824
1.57297 -0.437824
1.57266 -0.445741
1.57266 -0.445741
1.57246 -0.450714
1.57246 -0.450714
1.57244 -0.451032
1.57244 -0.451032
1.57178 -0.466633
1.57178 -0.466633
1.57164 -0.469758
1.57164 -0.469758
1.57146 -0.473837
1.57146 -0.473837
1.5712 -0.479728
1.5712 -0.479728
1.57109 -0.48213
1.57109 -0.48213
1.57103 -0.483636
1.57103 -0.483636
1.57041 -0.49904
1.57041 -0.49904
1.57014 -0.505986
1.57014 -0.505986
1.56996 -0.510669
1.56996 -0.510669
1.56972 -0.517089
1.56972 -0.517089
1.56927 -0.527252
1.56927 -0.527252
1.56885 -0.535288
1.56885 -0.535288
1.56838 -0.544195
1.56838 -0.544195
1.56798 -0.551624
1.56798 -0.551624
1.567 -0.569363
1.567 -0.569363
1.56674 -0.574082
1.56674 -0.574082
1.56645 -0.579238
1.56645 -0.579238
1.56601 -0.587168
1.56601 -0.587168
1.56496 -0.60652
1.56496 -0.60652
1.56451 -0.615013
1.56451 -0.615013
1.56432 -0.618718
1.56432 -0.618718
1.56363 -0.63031
1.56363 -0.63031
1.56276 -0.644167
1.56276 -0.644167
1.56195 -0.656966
1.56195 -0.656966
1.56118 -0.668731
1.56118 -0.668731
1.56051 -0.678934
1.56051 -0.678934
1.55949 -0.694503
1.55949 -0.694503
1.5589 -0.703674
1.5589 -0.703674
1.55812 -0.716195
1.55812 -0.716195
1.55742 -0.727281
1.55742 -0.727281
1.55654 -0.739602
1.55654 -0.739602
1.55581 -0.749654
1.55581 -0.749654
1.55447 -0.767839
1.55447 -0.767839
1.55406 -0.773257
1.55406 -0.773257
1.55315 -0.785259
1.55315 -0.785259
1.55226 -0.797292
1.55226 -0.797292
1.55154 -0.807023
1.55154 -0.807023
1.5505 -0.821577
1.5505 -0.821577
1.54921 -0.838441
1.54921 -0.838441
1.54857 -0.846188
1.54857 -0.846188
1.54746 -0.859464
1.54746 -0.859464
1.54637 -0.87224
1.54637 -0.87224
1.545 -0.888171
1.545 -0.888171
1.54431 -0.896195
1.54431 -0.896195
1.54284 -0.91355
1.54284 -0.91355
1.54233 -0.919685
1.54233 -0.919685
1.54123 -0.933099
1.54123 -0.933099
1.54047 -0.941327
1.54047 -0.941327
1.53906 -0.95619
1.53906 -0.95619
1.53793 -0.967981
1.53793 -0.967981
1.53658 -0.981882
1.53658 -0.981882
1.53569 -0.991022
1.53569 -0.991022
1.53398 -1.00863
1.53398 -1.00863
1.5333 -1.01567
1.5333 -1.01567
1.53173 -1.03237
1.53173 -1.03237
1.53051 -1.04507
1.53051 -1.04507
1.52965 -1.05317
1.52965 -1.05317
1.52753 -1.07288
1.52753 -1.07288
1.52717 -1.07617
1.52717 -1.07617
1.52524 -1.09367
1.52524 -1.09367
1.52314 -1.11008
1.52314 -1.11008
1.5224 -1.11472
1.5224 -1.11472
1.52002 -1.1267
1.52002 -1.1267
1.51651 -1.14137
1.51651 -1.14137
1.51377 -1.15109
1.51377 -1.15109
1.51047 -1.16113
1.51047 -1.16113
1.50452 -1.17639
1.50452 -1.17639
1.49946 -1.18788
1.49946 -1.18788
1.49632 -1.19433
1.49632 -1.19433
1.49015 -1.20581
1.49015 -1.20581
1.48343 -1.2172
1.48343 -1.2172
1.47701 -1.22714
1.47701 -1.22714
1.47048 -1.2364
1.47048 -1.2364
1.46368 -1.24527
1.46368 -1.24527
1.45354 -1.2575
1.45354 -1.2575
1.4494 -1.26213
1.4494 -1.26213
1.44013 -1.27173
1.44013 -1.27173
1.42812 -1.28315
1.42812 -1.28315
1.41758 -1.29221
1.41758 -1.29221
1.41027 -1.29799
1.41027 -1.29799
1.4023 -1.30377
1.4023 -1.30377
1.39158 -1.31095
1.39158 -1.31095
1.38055 -1.31774
1.38055 -1.31774
1.37081 -1.32322
1.37081 -1.32322
1.35728 -1.33014
1.35728 -1.33014
1.34221 -1.33711
1.34221 -1.33711
1.3385 -1.33865
1.3385 -1.33865
1.32706 -1.34287
1.32706 -1.34287
1.31481 -1.34691
1.31481 -1.34691
1.30387 -1.35003
1.30387 -1.35003
1.28794 -1.35388
1.28794 -1.35388
1.27564 -1.35633
1.27564 -1.35633
1.26564 -1.3579
1.26564 -1.3579
1.25091 -1.3596
1.25091 -1.3596
1.23889 -1.36049
1.23889 -1.36049
1.22077 -1.36133
1.22077 -1.36133
1.21277 -1.36161
1.21277 -1.36161
1.20725 -1.36182
1.20725 -1.36182
1.19525 -1.36228
1.19525 -1.36228
1.17775 -1.36295
1.17775 -1.36295
1.16817 -1.36331
1.16817 -1.36331
1.15721 -1.3637
1.15721 -1.3637
1.14085 -1.36426
1.14085 -1.36426
1.12964 -1.36468
1.12964 -1.36468
1.12452 -1.3649
1.12452 -1.3649
1.10704 -1.36566
1.10704 -1.36566
1.08885 -1.36647
1.08885 -1.36647
1.07352 -1.36713
1.07352 -1.36713
1.05004 -1.36811
1.05004 -1.36811
1.02577 -1.36931
1.02577 -1.36931
0.995977 -1.37084
0.995977 -1.37084
0.978565 -1.37171
0.978565 -1.37171
0.933252 -1.37393
0.933252 -1.37393
0.900248 -1.37564
0.900248 -1.37564
0.874449 -1.37699
0.874449 -1.37699
0.844922 -1.37849
0.844922 -1.37849
0.812557 -1.38021
0.812557 -1.38021
0.774526 -1.38227
0.774526 -1.38227
0.743883 -1.38389
0.743883 -1.38389
0.712664 -1.3856
0.712664 -1.3856
0.67626 -1.38763
0.67626 -1.38763
0.65121 -1.38901
0.65121 -1.38901
0.620272 -1.39073
0.620272 -1.39073
0.582259 -1.39291
0.582259 -1.39291
0.553577 -1.39456
0.553577 -1.39456
0.523501 -1.39625
0.523501 -1.39625
0.486118 -1.39846
0.486118 -1.39846
0.456852 -1.4002
0.456852 -1.4002
0.424594 -1.40207
0.424594 -1.40207
0.392147 -1.40403
0.392147 -1.40403
0.365241 -1.40568
0.365241 -1.40568
0.328621 -1.40788
0.328621 -1.40788
0.29795 -1.40978
0.29795 -1.40978
0.269376 -1.41158
0.269376 -1.41158
0.231902 -1.41391
0.231902 -1.41391
0.207599 -1.41545
0.207599 -1.41545
0.171885 -1.41775
0.171885 -1.41775
0.13801 -1.41994
0.13801 -1.41994
0.107498 -1.42188
0.107498 -1.42188
0.0772024 -1.42388
0.0772024 -1.42388
0.0453189 -1.426
0.0453189 -1.426
0.012678 -1.42813
0.012678 -1.42813
-0.0250777 -1.43069
-0.0250777 -1.43069
-0.0533168 -1.43262
-0.0533168 -1.43262
-0.0833955 -1.43464
-0.0833955 -1.43464
-0.116042 -1.4369
-0.116042 -1.4369
-0.150556 -1.43932
-0.150556 -1.43932
-0.183745 -1.44163
-0.183745 -1.44163
-0.213688 -1.44373
-0.213688 -1.44373
-0.243274 -1.44586
-0.243274 -1.44586
-0.277321 -1.4483
-0.277321 -1.4483
-0.308749 -1.45053
-0.308749 -1.45053
-0.341899 -1.45296
-0.341899 -1.45296
-0.370419 -1.45506
-0.370419 -1.45506
-0.404889 -1.45756
-0.404889 -1.45756
-0.437423 -1.45999
-0.437423 -1.45999
-0.471214 -1.46255
-0.471214 -1.46255
-0.504705 -1.46504
-0.504705 -1.46504
-0.5384 -1.46761
-0.5384 -1.46761
-0.568541 -1.46994
-0.568541 -1.46994
-0.59635 -1.47207
-0.59635 -1.47207
-0.62682 -1.47444
-0.62682 -1.47444
-0.66314 -1.4773
-0.66314 -1.4773
-0.688217 -1.47928
-0.688217 -1.47928
-0.722777 -1.48198
-0.722777 -1.48198
-0.754587 -1.48454
-0.754587 -1.48454
-0.788585 -1.48728
-0.788585 -1.48728
-0.808305 -1.48885
-0.808305 -1.48885
-0.850288 -1.49229
-0.850288 -1.49229
-0.878708 -1.49464
-0.878708 -1.49464
-0.912198 -1.49737
-0.912198 -1.49737
-0.949329 -1.50046
-0.949329 -1.50046
-0.973724 -1.50253
-0.973724 -1.50253
-1.0025 -1.50493
-1.0025 -1.50493
-1.04168 -1.50825
-1.04168 -1.50825
-1.07802 -1.51139
-1.07802 -1.51139
-1.10346 -1.51356
-1.10346 -1.51356
-1.14313 -1.51696
-1.14313 -1.51696
-1.16929 -1.51925
-1.16929 -1.51925
-1.19986 -1.52193
-1.19986 -1.52193
-1.23506 -1.52498
-1.23506 -1.52498
-1.26992 -1.52809
-1.26992 -1.52809
-1.3027 -1.53103
-1.3027 -1.53103
-1.33082 -1.53352
-1.33082 -1.53352
-1.36009 -1.53617
-1.36009 -1.53617
-1.39499 -1.53937
-1.39499 -1.53937
-1.4229 -1.54189
-1.4229 -1.54189
-1.45451 -1.54325
-1.45451 -1.54325
-1.46196 -1.54264
-1.46196 -1.54264
-1.4644 -1.54236
-1.4644 -1.54236
-1.46334 -1.54249
-1.46334 -1.54249
-1.46283 -1.54255
-1.46283 -1.54255
-1.47305 -1.54134
-1.47305 -1.54134
-1.46992 -1.54171
-1.46992 -1.54171
-1.47197 -1.54147
-1.47197 -1.54147
-1.46717 -1.54212
-1.46717 -1.54212
-1.46915 -1.54177
-1.46915 -1.54177
-1.46809 -1.542
-1.46809 -1.542
-1.46939 -1.54167
-1.46939 -1.54167
-1.46786 -1.54211
-1.46786 -1.54211
-1.47136 -1.54096
-1.47136 -1.54096
-1.47001 -1.54146
-1.47001 -1.54146
-1.47269 -1.54033
-1.47269 -1.54033
-1.47158 -1.54085
-1.47158 -1.54085
-1.46863 -1.54238
-1.46863 -1.54238
-1.4684 -1.54251
-1.4684 -1.54251
-1.47203 -1.54032
-1.47203 -1.54032
-1.47335 -1.53946
-1.47335 -1.53946
-1.47294 -1.53975
-1.47294 -1.53975
-1.47084 -1.54136
-1.47084 -1.54136
-1.47468 -1.53817
-1.47468 -1.53817
-1.47575 -1.53721
-1.47575 -1.53721
-1.47224 -1.54062
-1.47224 -1.54062
-1.47129 -1.54162
-1.47129 -1.54162
-1.47863 -1.53328
-1.47863 -1.53328
-1.47493 -1.53782
-1.47493 -1.53782
-1.47281 -1.54067
-1.47281 -1.54067
-1.4759 -1.53618
-1.4759 -1.53618
-1.47526 -1.53719
-1.47526 -1.53719
-1.47956 -1.52972
-1.47956 -1.52972
-1.47425 -1.53988
-1.47425 -1.53988
-1.4767 -1.53468
-1.4767 -1.53468
-1.47583 -1.53675
-1.47583 -1.53675
-1.47523 -1.53834
-1.47523 -1.53834
-1.47656 -1.53438
-1.47656 -1.53438
-1.47626 -1.5353
-1.47626 -1.5353
-1.47594 -1.53627
-1.47594 -1.53627
-1.4761 -1.53581
-1.4761 -1.53581
-1.47675 -1.53407
-1.47675 -1.53407
-1.47762 -1.5319
-1.47762 -1.5319
-1.47493 -1.53831
-1.47493 -1.53831
-1.47739 -1.53274
-1.47739 -1.53274
-1.47847 -1.53042
-1.47847 -1.53042
-1.47905 -1.52923
-1.47905 -1.52923
-1.47885 -1.52963
-1.47885 -1.52963
-1.48102 -1.52559
-1.48102 -1.52559
-1.4862 -1.51641
-1.4862 -1.51641
-1.48519 -1.51811
-1.48519 -1.51811
-1.49064 -1.50931
-1.49064 -1.50931
-1.49426 -1.5037
-1.49426 -1.5037
-1.49545 -1.50193
-1.49545 -1.50193
-1.50196 -1.49282
-1.50196 -1.49282
-1.50063 -1.49459
-1.50063 -1.49459
-1.51075 -1.48067
-1.51075 -1.48067
-1.51067 -1.48078
-1.51067 -1.48078
-1.51317 -1.47705
-1.51317 -1.47705
-1.51756 -1.47019
-1.51756 -1.47019
-1.52014 -1.46597
-1.52014 -1.46597
-1.52581 -1.45626
-1.52581 -1.45626
-1.52818 -1.45202
-1.52818 -1.45202
-1.52749 -1.45332
-1.52749 -1.45332
-1.5297 -1.44893
-1.5297 -1.44893
-1.53394 -1.44008
-1.53394 -1.44008
-1.53971 -1.4274
-1.53971 -1.4274
-1.54117 -1.424
-1.54117 -1.424
-1.54363 -1.4181
-1.54363 -1.4181
-1.54602 -1.41216
-1.54602 -1.41216
-1.54685 -1.40999
-1.54685 -1.40999
-1.54995 -1.40141
-1.54995 -1.40141
-1.55214 -1.39495
-1.55214 -1.39495
-1.55247 -1.39392
-1.55247 -1.39392
-1.55489 -1.38579
-1.55489 -1.38579
-1.55565 -1.38299
-1.55565 -1.38299
-1.5565 -1.3795
-1.5565 -1.3795
-1.55719 -1.37641
-1.55719 -1.37641
-1.55872 -1.36875
-1.55872 -1.36875
-1.56109 -1.3554
-1.56109 -1.3554
-1.56168 -1.35155
-1.56168 -1.35155
-1.56275 -1.34361
-1.56275 -1.34361
-1.5628 -1.34327
-1.5628 -1.34327
-1.56362 -1.33575
-1.56362 -1.33575
-1.56394 -1.33228
-1.56394 -1.33228
-1.5645 -1.32192
-1.5645 -1.32192
-1.56461 -1.31557
-1.56461 -1.31557
-1.56455 -1.31317
-1.56455 -1.31317
-1.56436 -1.31016
-1.56436 -1.31016
-1.56376 -1.3043
-1.56376 -1.3043
-1.56296 -1.29807
-1.56296 -1.29807
-1.56126 -1.28652
-1.56126 -1.28652
-1.56069 -1.28314
-1.56069 -1.28314
-1.56077 -1.2836
-1.56077 -1.2836
-1.55881 -1.27403
-1.55881 -1.27403
-1.55758 -1.2681
-1.55758 -1.2681
-1.55654 -1.26305
-1.55654 -1.26305
-1.55423 -1.25179
-1.55423 -1.25179
-1.55374 -1.24938
-1.55374 -1.24938
-1.55314 -1.24661
-1.55314 -1.24661
-1.55104 -1.23745
-1.55104 -1.23745
-1.55204 -1.24182
-1.55204 -1.24182
-1.54838 -1.22588
-1.54838 -1.22588
-1.54712 -1.22043
-1.54712 -1.22043
-1.54751 -1.22211
-1.54751 -1.22211
-1.54464 -1.20979
-1.54464 -1.20979
-1.54261 -1.20106
-1.54261 -1.20106
-1.54167 -1.19708
-1.54167 -1.19708
-1.53983 -1.18927
-1.53983 -1.18927
-1.53881 -1.18491
-1.53881 -1.18491
-1.5367 -1.17597
-1.5367 -1.17597
-1.53641 -1.17476
-1.53641 -1.17476
-1.53579 -1.1721
-1.53579 -1.1721
-1.53499 -1.16862
-1.53499 -1.16862
-1.53261 -1.15823
-1.53261 -1.15823
-1.53092 -1.15084
-1.53092 -1.15084
-1.52989 -1.14651
-1.52989 -1.14651
-1.52715 -1.13568
-1.52715 -1.13568
-1.52806 -1.13926
-1.52806 -1.13926
-1.52566 -1.12989
-1.52566 -1.12989
-1.52371 -1.12233
-1.52371 -1.12233
-1.5229 -1.11919
-1.5229 -1.11919
-1.52182 -1.11501
-1.52182 -1.11501
-1.51958 -1.10638
-1.51958 -1.10638
-1.51927 -1.1052
-1.51927 -1.1052
-1.51511 -1.08932
-1.51511 -1.08932
-1.51258 -1.07964
-1.51258 -1.07964
-1.50929 -1.06699
-1.50929 -1.06699
-1.50652 -1.05625
-1.50652 -1.05625
-1.50602 -1.0543
-1.50602 -1.0543
-1.50121 -1.03663
-1.50121 -1.03663
-1.49974 -1.03129
-1.49974 -1.03129
-1.49661 -1.02029
-1.49661 -1.02029
-1.49406 -1.01197
-1.49406 -1.01197
-1.48901 -0.9967
-1.48901 -0.9967
-1.48663 -0.989997
-1.48663 -0.989997
-1.48194 -0.977518
-1.48194 -0.977518
-1.48098 -0.97511
-1.48098 -0.97511
-1.47615 -0.963547
-1.47615 -0.963547
-1.47079 -0.951381
-1.47079 -0.951381
-1.46795 -0.945255
-1.46795 -0.945255
-1.46207 -0.933267
-1.46207 -0.933267
-1.46008 -0.929536
-1.46008 -0.929536
-1.45663 -0.923187
-1.45663 -0.923187
-1.45064 -0.912185
-1.45064 -0.912185
-1.44664 -0.904864
-1.44664 -0.904864
-1.44267 -0.897557
-1.44267 -0.897557
-1.4373 -0.887629
-1.4373 -0.887629
-1.43015 -0.87437
-1.43015 -0.87437
-1.42818 -0.870724
-1.42818 -0.870724
-1.4244 -0.863682
-1.4244 -0.863682
-1.41791 -0.851592
-1.41791 -0.851592
-1.41444 -0.845231
-1.41444 -0.845231
-1.40984 -0.836973
-1.40984 -0.836973
-1.40375 -0.826084
-1.40375 -0.826084
-1.39775 -0.815383
-1.39775 -0.815383
-1.39488 -0.810239
-1.39488 -0.810239
-1.38841 -0.79846
-1.38841 -0.79846
-1.38166 -0.786107
-1.38166 -0.786107
-1.37591 -0.775617
-1.37591 -0.775617
-1.36676 -0.75953
-1.36676 -0.75953
-1.35706 -0.743483
-1.35706 -0.743483
-1.35287 -0.736916
-1.35287 -0.736916
-1.34582 -0.726376
-1.34582 -0.726376
-1.33887 -0.716388
-1.33887 -0.716388
-1.32838 -0.701637
-1.32838 -0.701637
-1.32558 -0.697694
-1.32558 -0.697694
-1.31562 -0.683654
-1.31562 -0.683654
-1.30733 -0.671984
-1.30733 -0.671984
-1.29387 -0.653298
-1.29387 -0.653298
-1.29077 -0.649035
-1.29077 -0.649035
-1.28165 -0.636895
-1.28165 -0.636895
-1.27806 -0.632298
-1.27806 -0.632298
-1.26383 -0.61481
-1.26383 -0.61481
-1.2561 -0.605686
-1.2561 -0.605686
-1.24982 -0.598564
-1.24982 -0.598564
-1.23901 -0.586793
-1.23901 -0.586793
-1.2276 -0.574943
-1.2276 -0.574943
-1.21864 -0.565882
-1.21864 -0.565882
-1.20904 -0.55616
-1.20904 -0.55616
-1.1989 -0.545904
-1.1989 -0.545904
-1.19131 -0.538224
-1.19131 -0.538224
-1.17972 -0.526492
-1.17972 -0.526492
-1.17525 -0.521988
-1.17525 -0.521988
-1.1626 -0.509652
-1.1626 -0.509652
-1.14674 -0.494899
-1.14674 -0.494899
-1.14404 -0.492483
-1.14404 -0.492483
-1.13384 -0.483738
-1.13384 -0.483738
-1.12111 -0.473256
-1.12111 -0.473256
-1.10441 -0.46008
-1.10441 -0.46008
-1.10012 -0.456836
-1.10012 -0.456836
-1.08666 -0.447003
-1.08666 -0.447003
-1.07271 -0.437173
-1.07271 -0.437173
-1.06448 -0.43165
-1.06448 -0.43165
-1.05835 -0.427629
-1.05835 -0.427629
-1.04063 -0.416044
-1.04063 -0.416044
-1.02725 -0.407317
-1.02725 -0.407317
-1.0207 -0.403053
-1.0207 -0.403053
-1.00836 -0.39497
-1.00836 -0.39497
-0.996126 -0.386849
-0.996126 -0.386849
-0.980001 -0.376177
-0.980001 -0.376177
-0.971225 -0.370427
-0.971225 -0.370427
-0.956869 -0.361041
-0.956869 -0.361041
-0.939879 -0.349953
-0.939879 -0.349953
-0.92032 -0.337031
-0.92032 -0.337031
-0.89781 -0.322006
-0.89781 -0.322006
-0.880871 -0.310863
-0.880871 -0.310863
-0.862381 -0.298729
-0.862381 -0.298729
-0.837047 -0.282477
-0.837047 -0.282477
-0.822093 -0.27324
-0.822093 -0.27324
-0.795221 -0.257439
-0.795221 -0.257439
-0.778563 -0.248113
-0.778563 -0.248113
-0.749567 -0.232474
-0.749567 -0.232474
-0.723667 -0.218513
-0.723667 -0.218513
-0.698924 -0.205212
-0.698924 -0.205212
-0.68243 -0.196372
-0.68243 -0.196372
-0.65899 -0.183752
-0.65899 -0.183752
-0.63582 -0.171233
-0.63582 -0.171233
-0.614429 -0.15971
-0.614429 -0.15971
-0.591661 -0.147482
-0.591661 -0.147482
-0.564218 -0.132672
-0.564218 -0.132672
-0.545982 -0.122797
-0.545982 -0.122797
-0.521413 -0.109531
-0.521413 -0.109531
-0.496779 -0.0964285
-0.496779 -0.0964285
-0.474516 -0.0850952
-0.474516 -0.0850952
-0.453915 -0.0750849
-0.453915 -0.0750849
-0.429922 -0.0640517
-0.429922 -0.0640517
-0.404143 -0.05286
-0.404143 -0.05286
-0.381565 -0.0435271
-0.381565 -0.0435271
-0.354697 -0.033011
-0.354697 -0.033011
-0.329658 -0.0238018
-0.329658 -0.0238018
-0.312245 -0.0178208
-0.312245 -0.0178208
-0.276636 -0.00628355
-0.276636 -0.00628355
-0.254805 0.000327958
-0.254805 0.000327958
-0.231656 0.00683379
-0.231656 0.00683379
-0.20969 0.0125253
-0.20969 0.0125253
-0.1812 0.0193455
-0.1812 0.0193455
-0.15681 0.0246808
-0.15681 0.0246808
-0.134777 0.0292564
-0.134777 0.0292564
-0.130592 0.030186
-0.130592 0.030186
-0.129295 0.0304741
-0.129295 0.0304741
-0.130807 0.0301383
-0.130807 0.0301383
-0.131097 0.0300739
-0.131097 0.0300739
-0.12781 0.0308037
-0.12781 0.0308037
-0.128659 0.0306152
-0.128659 0.0306152
-0.130116 0.0302918
-0.130116 0.0302918
-0.129222 0.0304902
-0.129222 0.0304902
-0.131822 0.0299134
-0.131822 0.0299134
-0.127445 0.030884
-0.127445 0.030884
-0.13115 0.0300626
-0.13115 0.0300626
-0.127873 0.030789
-0.127873 0.030789
-0.125492 0.0313164
-0.125492 0.0313164
-0.128375 0.030678
-0.128375 0.030678
-0.130332 0.0302447
-0.130332 0.0302447
-0.127888 0.0307855
-0.127888 0.0307855
-0.129772 0.0303687
-0.129772 0.0303687
-0.127096 0.0309607
-0.127096 0.0309607
-0.127843 0.0307953
-0.127843 0.0307953
-0.126294 0.0311378
-0.126294 0.0311378
-0.130009 0.030317
-0.130009 0.030317
-0.125133 0.0313937
-0.125133 0.0313937
-0.128928 0.0305562
-0.128928 0.0305562
-0.122318 0.0320144
-0.122318 0.0320144
-0.128373 0.0306793
-0.128373 0.0306793
-0.125607 0.0312888
-0.125607 0.0312888
-0.129024 0.030536
-0.129024 0.030536
-0.124462 0.0315407
-0.124462 0.0315407
-0.125884 0.0312277
-0.125884 0.0312277
-0.129267 0.0304834
-0.129267 0.0304834
-0.129982 0.0303263
-0.129982 0.0303263
-0.126896 0.0310045
-0.126896 0.0310045
-0.129089 0.0305227
-0.129089 0.0305227
-0.128221 0.0307133
-0.128221 0.0307133
-0.128307 0.0306944
-0.128307 0.0306944
-0.125244 0.031366
-0.125244 0.031366
-0.121127 0.032268
-0.121127 0.032268
-0.127092 0.0309618
-0.127092 0.0309618
-0.124904 0.0314407
-0.124904 0.0314407
-0.124898 0.031442
-0.124898 0.031442
-0.126778 0.0310311
-0.126778 0.0310311
-0.121643 0.0321525
-0.121643 0.0321525
-0.122441 0.0319784
-0.122441 0.0319784
-0.122609 0.0319418
-0.122609 0.0319418
-0.122457 0.0319749
-0.122457 0.0319749
-0.126695 0.0310521
-0.126695 0.0310521
-0.126898 0.0310078
-0.126898 0.0310078
-0.124907 0.0314407
-0.124907 0.0314407
-0.124973 0.0314264
-0.124973 0.0314264
-0.12309 0.0318351
-0.12309 0.0318351
-0.119559 0.0326011
-0.119559 0.0326011
