0
0
0
0
0.00343803
0.00344361
0.00344915
0.00345278
0.00596294
0.00595931
0.00893271
0.00892913
0.00474748
0.00474223
0.00375783
0.00375436
0.00425269
0.00424761
0.00835967
0.00835631
0.00675115
0.00674621
0.00884234
0.0088375
0.00301908
0.00301274
0.00309268
0.00308644
0.00681219
0.00680758
0.00757242
0.00756637
0.00197251
0.00196658
0.00193844
0.0019326
0.000910516
0.00090482
0.00190914
0.00190488
0.0026602
0.00265463
0.0015052
0.00151068
0.00438084
0.0043781
0.000545436
0.000540278
0.000560484
0.000563041
0.000584827
0.000588576
0.000576868
0.000580543
0.000717649
0.000721288
0.000375037
0.000377307
0.00145668
0.0014543
0.000190413
0.00018875
0.00239122
0.00239463
0.00346313
0.00346088
0.00056033
0.000557143
0.000330361
0.000334196
0.00337073
0.00337382
0.00420959
0.00421356
0.003812
0.00381584
0.0026882
0.00269193
0.00458173
0.00458445
0.0081169
0.00812042
0.000749493
0.000752007
0.00385201
0.00378627
0.00208069
0.000859197
0.00303432
0.0010731
0.000108249
0.00204781
0.00108242
0.00401597
0.00357966
0.0016063
0.00154891
0.000440602
0.000805825
0.00378112
0.00510283
0.00710714
0.00341449
0.00642307
0.00290614
0.00658292
0.00430323
0.00701278
0.00351844
0.00757896
0.00518589
0.00791155
0.00691657
0.0117574
0.00856711
0.0134683
0.00983309
0.0163704
0.0128563
0.0194147
0.0131106
0.0196871
0.00787498
0.012841
0.0117202
0.0167125
0.0196055
0.0246286
0.0147566
0.0198049
0.0119802
0.0187172
0.0160585
0.0228344
0.0178557
0.0228811
0.0178273
0.0210382
0.0202686
0.0235718
0.00980799
0.0147471
0.0156228
0.0222178
0.0170869
0.0220693
0.0144954
0.0211599
0.0122858
0.0189848
0.0136057
0.0170262
0.0160901
0.0195744
0.0112914
0.0164875
0.0198722
0.023114
0.017887
0.0229667
0.0167648
0.0218015
0.0185571
0.0235843
0.0209061
0.0276075
0.0227909
0.0278094
0.0225415
0.0291336
0.0193429
0.0256373
0.0270221
0.0318437
0.0226861
0.0272883
0.0318466
0.0350479
0.0285704
0.0316487
0.0294163
0.0340037
0.0237544
0.0266445
0.0250001
0.0278998
0.0289585
0.0317326
0.025579
0.0284702
0.0224517
0.0264013
0.0284269
0.0313861
0.022883
0.0270554
0.0220054
0.0261345
0.0258901
0.0288127
0.027391
0.0318754
0.0256741
0.0300933
0.0287199
0.0347844
0.0215147
0.0264874
0.0232369
0.0288406
0.0288392
0.0345973
0.0269664
0.0313258
0.0260439
0.031834
0.0282242
0.0311791
0.026954
0.0298871
0.0276058
0.0305742
0.0278122
0.0322985
0.030007
0.0330038
0.0331456
0.0374775
0.029501
0.0352702
0.0321394
0.0366653
0.0299134
0.0357582
0.0322778
0.0367916
0.0239079
0.0294971
0.029885
0.0358717
0.0305469
0.0365926
0.0317128
0.0378311
0.0320593
0.0382014
0.0270029
0.0328568
0.0318306
0.0373761
0.0289135
0.0333111
0.0284895
0.0326631
0.0349446
0.0379836
0.033333
0.0363528
0.0309486
0.0339331
0.0278809
0.0307967
0.0286711
0.0316263
0.0337496
0.0383688
0.0360881
0.0407547
0.0334998
0.0391042
0.0390761
0.0452404
0.0320643
0.0364682
0.033411
0.037894
0.0357218
0.0417957
0.0349834
0.0380225
0.0363444
0.0394212
0.0360664
0.0391548
0.0329377
0.0375036
0.0375997
0.0422801
0.0416765
0.0446116
0.0375968
0.0420453
0.0379588
0.0440745
0.0401667
0.044618
0.0382846
0.0443889
0.039717
0.0428024
0.0378625
0.040939
0.0392092
0.0438672
0.0391818
0.0423069
0.0341839
0.0402968
0.0357376
0.0388121
0.0412065
0.04546
0.0401795
0.0432184
0.0405154
0.0448846
0.0412005
0.0473413
0.044557
0.0492241
0.0483534
0.0514723
0.0424522
0.0486928
0.0500462
0.0548418
0.0499694
0.0531877
0.0426058
0.0473311
0.0465049
0.0494558
0.0495383
0.0542546
0.0476511
0.0522463
0.0454835
0.0500937
0.0500885
0.0563149
0.0480162
0.0526263
0.0513313
0.0559946
0.051184
0.0559119
0.0597618
0.0661205
0.0568608
0.0612815
0.0482937
0.0515037
0.0538546
0.0570864
0.0575582
0.0624094
0.0590187
0.0622776
0.0616813
0.0649384
0.0632531
0.0680918
0.0650761
0.0715146
0.0646013
0.0703006
0.0670982
0.0717354
0.059219
0.0652796
0.0688139
0.0749017
0.0692749
0.0753094
0.0711673
0.0741754
0.0754709
0.0784968
0.0705545
0.0735903
0.0710663
0.0740798
0.0692678
0.0722983
0.0704042
0.0734485
0.0741096
0.0771779
0.0758961
0.0787352
0.0713515
0.075766
0.0727573
0.0757792
0.0653876
0.0683429
0.0685544
0.0715582
0.0707431
0.0752786
0.0731371
0.0761393
0.0634125
0.0693845
0.0672702
0.0734412
0.0662525
0.0693104
0.063529
0.0692128
0.0640017
0.0701654
0.067462
0.0737596
0.0648816
0.0695569
0.0698682
0.076168
0.0680708
0.0743813
0.0708588
0.0740554
0.0708808
0.0740793
0.069912
0.0730699
0.0718926
0.0766191
0.0731165
0.077509
0.0789235
0.0820808
0.0734277
0.076569
0.0774232
0.0805957
0.0717003
0.0748614
0.0789181
0.0837158
0.0715618
0.0780751
0.0788452
0.0839142
0.0750073
0.0818984
0.0756487
0.0822482
0.0787049
0.0837998
0.0792625
0.0862009
0.0856988
0.0909831
0.0873423
0.0944265
0.0927939
0.0937489
0.0858245
0.0858346
0.0933567
0.093371
0.0853591
0.0853736
0.0929004
0.0929152
0.0923868
0.0923944
0.0897036
0.089715
0.0906978
0.0907056
0.0837257
0.0838334
0.0901054
0.0902189
0.0924667
0.0925975
0.0935367
0.0936978
0.0894423
0.0898185
0.0907858
0.0914092
0.098121
0.0989872
0.0993091
0.0995145
0.0970239
0.096771
0.0928289
0.0930603
0.0965167
0.0967954
0.0983906
0.0986558
0.0926443
0.0927637
0.0940019
0.094116
0.0912663
0.0913679
0.094591
0.0944863
0.0938824
0.0938961
0.0913581
0.0913837
0.0934758
0.0935664
0.0929077
0.0930204
0.0925297
0.092634
0.0930623
0.0931624
0.0922456
0.0923116
0.093459
0.0935471
0.0929505
0.0930066
0.0928322
0.0928806
0.0928405
0.0928595
0.0918173
0.0918203
0.0926875
0.0926899
0.0926191
0.0926207
0.0917534
0.0917548
0.0933788
0.0933814
0.0930768
0.0930792
0.0933213
0.093323
0.0929986
0.0930002
0.0926579
0.0926595
0.0926285
0.0926301
0.0935817
0.0935842
0.0926196
0.0926211
0.0937596
0.0939813
0.0926652
0.0930851
0.0926762
0.0931854
0.0935164
0.0944115
0.0920924
0.0924446
0.092435
0.093046
0.092716
0.0934113
0.0927487
0.0934377
0.0935504
0.0939728
0.0945508
0.095333
0.0926572
0.0931561
0.0925077
0.0928136
0.0926967
0.093212
0.0928017
0.0931863
0.0921152
0.0927765
0.0925716
0.0930583
0.0923089
0.0929689
0.0926233
0.0937365
0.0920444
0.0925095
0.0925486
0.0932949
0.0932769
0.0942688
0.093648
0.094749
0.0921126
0.0928767
0.092407
0.0934084
0.0933303
0.0939484
0.0930245
0.0935913
0.0926543
0.0932074
0.0923838
0.0934086
0.0926144
0.0934596
0.0928365
0.0937969
0.0924506
0.0928957
0.0925216
0.0933048
0.0926615
0.0935416
0.0927691
0.0936199
0.0927116
0.0935263
0.0927129
0.0938691
0.0923049
0.0927093
0.0927744
0.0935989
0.092784
0.0936106
0.0927745
0.0939443
0.0930256
0.0943876
0.0927107
0.0938627
0.0924076
0.0930184
0.092827
0.0936006
0.0927193
0.093137
0.0926711
0.0930517
0.0924442
0.0926878
0.0926918
0.0930654
0.0924982
0.0927289
0.0925786
0.0933763
0.0925003
0.0931503
0.0927548
0.0933111
0.0926243
0.0928299
0.0927238
0.0932267
0.0926587
0.0930321
0.0927917
0.0933514
0.0926225
0.0927074
0.0927478
0.0930477
0.0926031
0.0927013
0.0926278
0.0927354
0.0926738
0.0929582
0.0930853
0.0926871
0.092687
0.0928816
0.0928729
0.0927165
0.0934946
0.0928178
0.0929296
0.0925778
0.0930342
0.0925892
0.0940424
0.0928316
0.0938943
0.0925585
0.0934335
0.0927076
0.0951506
0.0928937
0.0955245
0.0941932
0.0939801
0.0926658
0.0945192
0.0930187
0.0951432
0.0934518
0.0951386
0.0933092
0.0948468
0.0929004
0.0944215
0.0923783
0.097711
0.093305
0.0933864
0.0911784
0.0941952
0.0918266
0.0984708
0.0947783
0.0989571
0.0961194
0.096969
0.0940707
0.0953143
0.0923683
0.0975688
0.0931348
0.0968832
0.093718
0.0961491
0.0912955
0.100323
0.093549
0.102345
0.097023
0.0969086
0.0898353
0.0968322
0.0897279
0.0977233
0.0923542
0.0972235
0.0899555
0.101295
0.0937254
0.0997394
0.0939323
0.0976922
0.0937413
0.100105
0.0920889
0.099847
0.0940148
0.105932
0.101962
0.101978
0.0980391
0.0956367
0.089759
0.0956204
0.0897362
0.102931
0.0951149
0.100577
0.0946838
0.0995351
0.0916957
0.101857
0.0959948
0.103219
0.0954316
0.096015
0.0860195
0.0949901
0.0832605
0.0948826
0.0883624
0.0902156
0.0798533
0.0918768
0.0843809
0.0968523
0.0845989
0.0963569
0.0824343
0.0801027
0.0702703
0.093677
0.0835221
0.105325
0.08456
0.0992743
0.083681
0.0968773
0.0763082
0.0974385
0.0818951
0.103402
0.08265
0.102098
0.0813709
0.101499
0.0808405
0.100739
0.0902674
0.0939684
0.0835396
0.0930683
0.0827247
0.0990791
0.0886243
0.101022
0.0854279
0.0991731
0.0837495
0.0942121
0.0839497
0.0915773
0.0813331
0.102331
0.0817403
0.102988
0.0823041
0.0980656
0.0825123
0.102629
0.0819347
0.10152
0.0808831
0.0982611
0.0776158
0.0984993
0.082945
0.0962138
0.0757639
0.0949032
0.0844922
0.0967775
0.0863532
0.100524
0.0851241
0.0939661
0.083573
0.099043
0.0835066
0.0945777
0.0842312
0.100447
0.0900237
0.0968328
0.0813255
0.100164
0.0795487
0.101014
0.0804126
0.103574
0.0879909
0.104798
0.0840993
0.102898
0.08237
0.100745
0.0801103
0.0976583
0.082145
0.102313
0.0818439
0.0985571
0.0830479
0.0952275
0.084841
0.0977042
0.087373
0.103627
0.0880931
0.10031
0.0847934
0.0965417
0.0863416
0.103752
0.0882272
0.102032
0.0864998
0.098014
0.0825227
0.101817
0.0863944
0.106247
0.0855697
0.0944222
0.0789787
0.0970364
0.0867757
0.0970945
0.0867128
0.0991278
0.0887289
0.0872724
0.0770702
0.0972478
0.0868781
0.093851
0.0784444
0.0953938
0.0800131
0.100669
0.0851998
0.0985012
0.0779788
0.095459
0.0749898
0.0975684
0.0821513
0.107089
0.0864318
0.100772
0.0802115
0.10838
0.087893
0.0978335
0.0874631
0.0965381
0.0811067
0.0997606
0.089487
0.102856
0.0924623
0.108879
0.0933264
0.105185
0.0896766
0.0976796
0.0873378
0.105776
0.0902505
0.101893
0.0864088
0.101459
0.0967328
0.0977043
0.0958187
0.0971894
0.0971823
0.0960986
0.0960956
0.095582
0.0955795
0.105859
0.105858
0.102706
0.102705
0.104768
0.104741
0.0997756
0.0996731
0.101464
0.101365
0.100177
0.100245
0.101643
0.101808
0.100373
0.100492
0.104106
0.103985
0.102498
0.102429
0.105134
0.104996
0.103736
0.103667
0.100356
0.100271
0.0997511
0.0994596
0.102695
0.102382
0.103495
0.103279
0.102722
0.10256
0.100055
0.099946
0.104058
0.103946
0.104951
0.104838
0.100569
0.100402
0.099195
0.098976
0.107586
0.107415
0.102693
0.10253
0.0998653
0.0996568
0.103337
0.103127
0.10222
0.102018
0.107571
0.107466
0.100167
0.100076
0.103157
0.103066
0.101677
0.101513
0.100603
0.100462
0.102344
0.102284
0.101806
0.1018
0.101334
0.101359
0.101627
0.101644
0.102617
0.102634
0.103923
0.103949
0.100232
0.100256
0.103651
0.103669
0.105024
0.104467
0.104306
0.102731
0.101672
0.100121
0.102115
0.100509
0.105821
0.103981
0.10077
0.0982666
0.103755
0.102421
0.104324
0.102955
0.102538
0.100939
0.107055
0.106053
0.102785
0.100845
0.110605
0.109068
0.105989
0.103813
0.104821
0.103393
0.106202
0.104081
0.105338
0.103944
0.108748
0.107323
0.107787
0.105728
0.102189
0.100957
0.102595
0.100758
0.104613
0.102754
0.109206
0.10726
0.107584
0.105213
0.1079
0.105357
0.107872
0.105543
0.105694
0.104582
0.107253
0.105594
0.107558
0.106459
0.104919
0.103925
0.106475
0.104979
0.104502
0.103675
0.103488
0.102676
0.102296
0.101568
0.102783
0.102068
0.105406
0.104231
0.10487
0.103451
0.105456
0.104198
0.103264
0.102716
0.104014
0.103135
0.103508
0.102473
0.104149
0.103131
0.104023
0.103559
0.103192
0.102886
0.102809
0.102554
0.10255
0.102488
0.102471
0.102472
0.102531
0.102432
0.102416
0.102465
0.102681
0.102995
0.102271
0.102559
0.102261
0.102552
0.102314
0.102537
0.102141
0.102235
0.102252
0.102479
0.102361
0.102506
0.102023
0.102142
0.103078
0.103397
0.102006
0.102127
0.102019
0.10215
0.102742
0.103026
0.102067
0.102225
0.101899
0.102002
0.101995
0.10214
0.101888
0.101996
0.101913
0.102109
0.101827
0.101905
0.102073
0.102231
0.102253
0.102574
0.102625
0.103037
0.102086
0.102429
0.10199
0.102252
0.10201
0.102197
0.101607
0.101753
0.102369
0.102635
0.101962
0.102269
0.101805
0.102062
0.102035
0.102253
0.102212
0.102607
0.101935
0.102199
0.102819
0.103381
0.101812
0.102354
0.101692
0.102835
0.101713
0.101992
0.101653
0.102043
0.102181
0.103079
0.101469
0.101748
0.101688
0.102293
0.10134
0.102096
0.10154
0.102343
0.100717
0.101101
0.101006
0.101565
0.10043
0.10093
0.101719
0.102534
0.101076
0.101877
0.100283
0.101049
0.100589
0.101943
0.099636
0.100844
0.101291
0.102345
0.102129
0.103364
0.101259
0.102426
0.101821
0.103643
0.102324
0.1042
0.101293
0.103664
0.099724
0.101799
0.10153
0.10331
0.102224
0.104751
0.100982
0.103273
0.101736
0.103388
0.101666
0.104216
0.101372
0.103912
0.1006
0.103003
0.102013
0.103273
0.101238
0.104602
0.101076
0.103601
0.101758
0.103513
0.100123
0.102688
0.0982792
0.100649
0.1013
0.103323
0.100798
0.103899
0.100436
0.104827
0.0995955
0.10168
0.103828
0.106242
0.102293
0.104608
0.10218
0.105646
0.0979811
0.100978
0.101773
0.104046
0.100965
0.103317
0.105179
0.107885
0.100488
0.103023
0.101577
0.10428
0.104228
0.108666
0.101683
0.107531
0.100047
0.105535
0.103309
0.106276
0.101957
0.106431
0.101657
0.106135
0.102213
0.108305
0.102148
0.106705
0.105633
0.112081
0.104745
0.107817
0.0991709
0.102231
0.104521
0.109543
0.106525
0.111785
0.103017
0.110032
0.0978259
0.104714
0.104242
0.109737
0.102201
0.10934
0.0996865
0.106967
0.104478
0.110029
0.109726
0.115543
0.103878
0.109578
0.102334
0.108015
0.107381
0.111257
0.106671
0.112347
0.104562
0.113308
0.102198
0.111493
0.107802
0.11776
0.108475
0.118514
0.106909
0.11786
0.104122
0.112543
0.0998614
0.112244
0.105712
0.112832
0.108859
0.11614
0.105435
0.11258
0.112347
0.119859
0.107787
0.119119
0.113815
0.121598
0.104027
0.115369
0.104737
0.116108
0.102846
0.110399
0.113063
0.120719
0.104845
0.11999
0.108194
0.119661
0.105853
0.117275
0.105987
0.121289
0.101482
0.11648
0.105926
0.121151
0.104172
0.119363
0.102498
0.117808
0.103263
0.110947
0.109798
0.11774
0.109395
0.117416
0.107532
0.115581
0.108842
0.121032
0.106247
0.118538
0.105691
0.113933
0.112927
0.121158
0.101891
0.114363
0.109302
0.117663
0.111393
0.119759
0.114506
0.12289
0.106975
0.119773
0.108112
0.121033
0.106081
0.111592
0.107477
0.107534
0.10629
0.106366
0.107921
0.107978
0.108327
0.108384
0.105144
0.105182
0.10611
0.106148
0.107668
0.107725
0.106924
0.106962
0.10963
0.109688
0.105335
0.105412
0.109188
0.109227
0.106015
0.106054
0.103745
0.103785
0.106752
0.10681
0.108833
0.108873
0.106499
0.106538
0.108488
0.108566
0.10596
0.105999
0.106788
0.106867
0.105352
0.105412
0.1092
0.109259
0.104427
0.104487
0.108372
0.108432
0.101846
0.101925
0.108055
0.108115
0.105381
0.105461
0.108929
0.10901
0.104493
0.104554
0.10604
0.106121
0.109557
0.109638
0.110396
0.110457
0.107419
0.10746
0.109743
0.109804
0.108994
0.109055
0.109203
0.109264
0.106251
0.106312
0.102228
0.102309
0.108331
0.108413
0.106258
0.10634
0.106375
0.106437
0.108385
0.108467
0.103379
0.103441
0.104282
0.104364
0.104594
0.104677
0.104566
0.104628
0.10894
0.108982
0.109269
0.109331
0.107395
0.107436
0.107585
0.107627
0.105821
0.105883
0.102406
0.102448
