0
0
0
0
0
0
0
0
0
0
0
0
0
0
0
0
0
0
0
0
0
0
0
0
0
0
0
0
0
0
0
0
0
0
0
0
0
0.00344172
0.00344727
0.00345278
0.00345644
0.00346188
0.00346728
0.00347263
0.00347794
0.00348494
0.00349015
0.00349362
0.00349877
0.00350554
0.00351058
0.00351559
0.00352055
0.00352385
0.00352713
0.00353359
0.00353682
0.00354318
0.00354636
0.00355262
0.00355881
0.0035619
0.00356649
0.00357105
0.00357705
0.00358004
0.00358595
0.0035889
0.00359327
0.00359761
0.00360333
0.00360759
0.00361042
0.003616
0.00361879
0.00362429
0.00362704
0.00362977
0.00363516
0.00363917
0.00364314
0.00364578
0.00365097
0.0036561
0.00365992
0.00366245
0.00366621
0.00366992
0.0036736
0.00367725
0.00368085
0.00368442
0.00368911
0.00369145
0.00369491
0.00369834
0.00370284
0.00370509
0.00370949
0.00371169
0.00371386
0.00371811
0.00372124
0.00372534
0.00372737
0.00373036
0.00373426
0.00373714
0.00373904
0.00374278
0.00374464
0.00374647
0.00375006
0.00375184
0.00375532
0.0037579
0.00525991
0.00875792
0.0109743
0.0134664
0.0140463
0.0150958
0.0141995
0.0142704
0.0143393
0.014405
0.0144661
0.0145217
0.0145713
0.0146136
0.0146485
0.0136937
0.013711
0.0147076
0.0147119
0.0147085
0.0151969
0.0156907
0.0156764
0.0156386
0.0155916
0.0155365
0.0154763
0.0199033
0.0221788
0.0210292
0.0226496
0.0210222
0.0212655
0.0213641
0.0214409
0.0215193
0.0215938
0.0216606
0.0217177
0.0217629
0.0217957
0.021816
0.0218239
0.0201793
0.0201594
0.0201279
0.0217332
0.0233358
0.021634
0.0215887
0.0215558
0.0215372
0.0216305
0.0218723
0.0219782
0.0220679
0.0237522
0.0222423
0.0223192
0.0223861
0.0208446
0.0208857
0.0209149
0.0209321
0.0225419
0.0209312
0.022524
0.0224639
0.0272552
0.0254236
0.0252476
0.0267729
0.0268315
0.0270604
0.0269575
0.0268856
0.026836
0.0267502
0.0283304
0.0265452
0.0264227
0.026285
0.0261319
0.0259656
0.0257883
0.0273152
0.0254324
0.0269711
0.025237
0.0268239
0.0250039
0.0265648
0.0297225
0.0312817
0.0361725
0.0344153
0.0327142
0.0343487
0.0343232
0.0342988
0.0342797
0.0343081
0.0347005
0.0351473
0.035221
0.0352599
0.035364
0.0356461
0.0357316
0.0358171
0.0359001
0.0359777
0.0344326
0.0361086
0.0377793
0.0362
0.0378542
0.0362527
0.0378917
0.0362779
0.0379103
0.0363079
0.0364234
0.036907
0.0372777
0.0373345
0.0373953
0.0375839
0.0378347
0.0379346
0.0380357
0.036561
0.0382237
0.039884
0.0383784
0.0384405
0.0384923
0.0385341
0.0369887
0.0385917
0.0386142
0.0386375
0.0371186
0.0374611
0.0393844
0.0396413
0.0381403
0.0382371
0.0400127
0.0401989
0.0402989
0.0403968
0.0404898
0.0405759
0.0406527
0.0391807
0.0407753
0.0408209
0.0408564
0.0408827
0.039361
0.0393808
0.0409384
0.0425058
0.0412685
0.0431504
0.0418809
0.0434566
0.0419993
0.0422812
0.0423986
0.0424856
0.0425698
0.0426483
0.0427193
0.0427805
0.0428314
0.0428716
0.0413812
0.042921
0.0444633
0.0429363
0.0444694
0.0429447
0.0429903
0.043358
0.0437555
0.0438112
0.0438401
0.0439434
0.0442166
0.0442909
0.0443603
0.0413286
0.039912
0.0399651
0.0400082
0.0385664
0.0400638
0.0385968
0.0385976
0.0446274
0.038581
0.0400503
0.0400423
0.0401206
0.0405259
0.0408106
0.0393376
0.0408279
0.0409788
0.0397077
0.0412255
0.0427558
0.04132
0.0413586
0.0413886
0.0414084
0.0414178
0.0414167
0.0399146
0.0459514
0.0413548
0.0413219
0.0412886
0.0412624
0.0428014
0.0418084
0.0419679
0.0419537
0.0404958
0.0407383
0.0422797
0.0408251
0.0469452
0.04387
0.0423859
0.0439043
0.0423929
0.0438985
0.0423575
0.0438496
0.0422807
0.0407093
0.0406556
0.0406042
0.0406043
0.0423025
0.0412377
0.0427446
0.0427175
0.0427307
0.0429629
0.0415015
0.0476968
0.0492638
0.0477847
0.0493671
0.0479588
0.049542
0.048142
0.049689
0.04828
0.0497987
0.0484169
0.0500218
0.0490942
0.0505836
0.0491971
0.0492186
0.0492244
0.0492152
0.0491917
0.049155
0.0477559
0.0490513
0.0503394
0.0489264
0.0488566
0.0487564
0.0487888
0.049096
0.0480798
0.048069
0.0492686
0.04803
0.0491906
0.0503469
0.0490695
0.0489918
0.0489025
0.049971
0.048691
0.0519841
0.0517844
0.0515618
0.0513248
0.051123
0.0509217
0.0506908
0.0504577
0.050223
0.0499907
0.0497649
0.0495597
0.04958
0.0497836
0.0496999
0.0495482
0.0493937
0.0492353
0.0477523
0.0475749
0.0487242
0.0472048
0.0483602
0.0495433
0.0520349
0.0518779
0.0517131
0.0515168
0.0513118
0.0496352
0.0509273
0.0507831
0.050958
0.0511093
0.0510115
0.0508961
0.0553517
0.0552582
0.0551885
0.055122
0.0550446
0.0549563
0.0532898
0.0547493
0.0546347
0.0545176
0.0528217
0.0542888
0.054223
0.0541522
0.0540987
0.0526672
0.0544158
0.0530346
0.0530365
0.0530339
0.0545893
0.0530062
0.0545525
0.0545178
0.0544717
0.0560073
0.0639629
0.0655379
0.0620687
0.0635459
0.0633191
0.0630636
0.0610364
0.0607707
0.0608211
0.062442
0.0623252
0.062123
0.0636242
0.0666432
0.0680848
0.065974
0.0673169
0.0602742
0.0581573
0.0579524
0.0579458
0.0579322
0.0579251
0.0579108
0.0579035
0.057889
0.0578817
0.057867
0.0578558
0.0578446
0.0578332
0.0578218
0.0578104
0.057784
0.0577108
0.0575939
0.0574331
0.057305
0.0570493
0.05692
0.0566474
0.0563915
0.0561149
0.0559256
0.0554202
0.054997
0.0541205
0.0537102
0.0534842
0.0534485
0.0536822
0.0537304
0.0535119
0.0533782
0.053185
0.053
0.0527652
0.0526516
0.0524345
0.0522791
0.0521787
0.0519882
0.0518966
0.0517655
0.0518145
0.0517763
0.0517647
0.0517489
0.0517263
0.051639
0.0515898
0.051519
0.0514512
0.0513866
0.0513252
0.0512672
0.0512127
0.0511458
0.0510998
0.0510711
0.0510194
0.050996
0.0509745
0.0509373
0.0509215
0.0508983
0.0508911
0.0508838
0.0508821
0.0508801
0.0508776
0.0508757
0.0508745
0.0508726
0.0508707
0.0508688
0.0508669
0.0508651
0.0508632
0.0508613
0.0508595
0.050857
0.0508558
0.050854
0.0508521
0.0508503
0.0508485
0.0508473
0.0508449
0.0508436
0.0508412
0.050706
0.0505582
0.0503573
0.0501081
0.0497339
0.0494671
0.0491084
0.0487514
0.048396
0.0480424
0.0476904
0.0473401
0.0469911
0.0467463
0.0462894
0.0460448
0.0455993
0.045251
0.0449012
0.04455
0.0441977
0.0438435
0.043487
0.0431284
0.0426733
0.0424051
0.0420377
0.0416547
0.0414814
0.0408997
0.0401465
0.0399
0.0393718
0.0388441
0.0383168
0.038155
0.0372658
0.0367433
0.0362235
0.0360778
0.0351888
0.0346751
0.0341695
0.0340448
0.0331448
0.0330281
0.0321101
0.032002
0.0310657
0.030592
0.0301501
0.0297539
0.0292913
0.0287283
0.0281652
0.0270878
0.0265202
0.0264809
0.0259254
0.0253717
0.0248228
0.0242879
0.0237461
0.0232034
0.0234086
0.0221129
0.0223535
0.0211365
0.0207521
0.0202776
0.0206918
0.0193108
0.0188261
0.0183415
0.0178588
0.0173808
0.0169086
0.0164375
0.0159988
0.0166343
0.0151079
0.0158084
0.0142259
0.0150019
0.0134732
0.0145642
0.0130416
0.0140836
0.0123422
0.0119926
0.0116436
0.00993028
0.00955729
0.0106373
0.00884317
0.0100671
0.00980403
0.00956008
0.00933016
0.00911717
0.00892649
0.00882986
0.00911208
0.00924738
0.0091581
0.0110272
0.00899274
0.0108946
0.00884036
0.0107703
0.00873592
0.00871263
0.00679907
0.00880462
0.00887474
0.00896238
0.00906806
0.0091955
0.00936494
0.00986868
0.0103965
0.0105549
0.0106887
0.0108162
0.0109367
0.0110522
0.0166981
0.0244518
0.0225915
0.0246052
0.0232159
0.0251673
0.0232714
0.0252076
0.0233066
0.0252314
0.0233333
0.0252507
0.0233936
0.0254896
0.0242582
0.0226086
0.024511
0.0246539
0.0247257
0.0247842
0.0248346
0.0248731
0.024898
0.0249085
0.0249046
0.0248864
0.0248545
0.024812
0.0247679
0.0247356
0.0247657
0.0249494
0.0249902
0.0250311
0.0250744
0.0251211
0.0252307
0.025634
0.0240826
0.0259516
0.0240501
0.0259071
0.0258835
0.0258769
0.0260474
0.0262433
0.0244078
0.0263104
0.028225
0.0263307
0.0263189
0.0262919
0.0262498
0.0261933
0.0261249
0.0260531
0.0279124
0.025977
0.0206152
0.0207439
0.0208625
0.0192098
0.0267131
0.0229174
0.0210999
0.0229511
0.0210945
0.0210699
0.0210346
0.0209982
0.0209737
0.0267194
0.0269304
0.0270326
0.0290044
0.0272981
0.0292693
0.0275841
0.0295355
0.0278706
0.0298074
0.0282028
0.0283667
0.0268093
0.0286967
0.0305959
0.0290344
0.0309282
0.0354355
0.0384627
0.0376626
0.0382527
0.0388456
0.0509417
0.0491184
0.0495646
0.0503111
0.0478956
0.0621775
0.0629815
0.0765995
0.0778051
0.0969565
0.0940723
0.109797
0.110973
0.11167
0.112173
0.112617
0.113033
0.113442
0.113873
0.114307
0.11478
0.115398
0.115912
0.116416
0.112211
0.117456
0.122709
0.118672
0.119292
0.119892
0.125109
0.121105
0.121722
0.122379
0.123166
0.12386
0.124545
0.125241
0.125947
0.131038
0.127511
0.132616
0.129073
0.129845
0.130637
0.131425
0.132256
0.133195
0.134055
0.130892
0.131789
0.136643
0.137516
0.138526
0.139468
0.140401
0.141334
0.142284
0.139474
0.144215
0.149073
0.146305
0.147309
0.144722
0.145763
0.146823
0.151513
0.152597
0.153674
0.154751
0.155844
0.156928
0.158056
0.159258
0.160405
0.164924
0.1627
0.163851
0.165002
0.166272
0.167482
0.165572
0.166809
0.171113
0.169279
0.173576
0.177979
0.166198
0.164926
0.168874
0.16765
0.171546
0.185536
0.174368
0.178339
0.177142
0.178539
0.179923
0.190608
0.182814
0.18425
0.188114
0.187131
0.190959
0.190002
0.191525
0.190805
0.19449
0.195976
0.197468
0.198946
0.200465
0.202016
0.203545
0.203024
0.20661
0.210269
0.209662
0.211267
0.212838
0.214409
0.215984
0.217563
0.221134
0.220733
0.222362
0.223975
0.227519
0.227211
0.230725
0.230429
0.230355
0.233765
0.23725
0.237075
0.238736
0.240381
0.240416
0.243771
0.245463
0.247156
0.247247
0.248945
0.252234
0.252423
0.255718
0.257447
0.259184
0.26092
0.262641
0.264402
0.266176
0.267943
0.269712
0.271489
0.273252
0.275012
0.276836
0.278638
0.279067
0.282252
0.28406
0.285853
0.282562
0.280501
0.278904
0.277842
0.277461
0.277459
0.277457
0.277456
0.277455
0.277455
0.277456
0.277456
0.277456
0.277457
0.277457
0.277454
0.277441
0.277394
0.277331
0.27727
0.277209
0.277245
0.277282
0.277345
0.277418
0.277508
0.277498
0.277456
0.2774
0.277323
0.277283
0.277221
0.277158
0.277093
0.277023
0.276942
0.276818
0.276409
0.276138
0.275771
0.275553
0.275431
0.275305
0.275131
0.274995
0.274902
0.274759
0.274611
0.274458
0.274301
0.274085
0.273974
0.27386
0.27363
0.273393
0.27321
0.273024
0.272835
0.272706
0.272511
0.272313
0.272112
0.271908
0.27177
0.271492
0.271351
0.271067
0.270851
0.270633
0.270414
0.270194
0.269973
0.269753
0.269532
0.26934
0.269194
0.269107
0.269087
0.26912
0.269155
0.269223
0.269273
0.269321
0.269353
0.2694
0.269447
0.269478
0.269539
0.269584
0.270115
0.272117
0.272815
0.273641
0.273019
0.273652
0.27365
0.273643
0.276627
0.276779
0.278001
0.277027
0.276978
0.274143
0.274109
0.274063
0.274018
0.27418
0.27474
0.278236
0.279079
0.279773
0.280041
0.280025
0.279983
0.279937
0.278944
0.278882
0.279768
0.279699
0.278658
0.278568
0.279448
0.279349
0.279242
0.280119
0.279006
0.278876
0.27874
0.278596
0.278447
0.278296
0.278144
0.277997
0.277858
0.27773
0.276699
0.277915
0.279228
0.278526
0.278474
0.278401
0.27832
0.278241
0.278161
0.27808
0.277998
0.277915
0.27783
0.277742
0.277664
0.277722
0.277899
0.276927
0.276848
0.276749
0.27767
0.276543
0.277463
0.278382
0.277267
0.277181
0.277108
0.276093
0.277274
0.277851
0.27823
0.278235
0.278215
0.281134
0.282061
0.280928
0.280772
0.280608
0.279426
0.280252
0.280061
0.279861
0.279652
0.279438
0.279263
0.278169
0.278986
0.278842
0.278696
0.277611
0.278415
0.278285
0.278171
0.2808
0.280819
0.280799
0.280792
0.280789
0.280791
0.280798
0.281685
0.280832
0.281031
0.281532
0.281314
0.282425
0.282519
0.282565
0.282607
0.282644
0.282676
0.282701
0.282721
0.282734
0.281862
0.282743
0.282738
0.282729
0.282714
0.282695
0.281786
0.28265
0.282627
0.282606
0.281703
0.281689
0.282559
0.282558
0.282679
0.282737
0.282763
0.283661
0.282821
0.283725
0.282898
0.282943
0.283031
0.283435
0.28401
0.284565
0.284026
0.284962
0.284187
0.285118
0.28433
0.285253
0.28445
0.285364
0.285411
0.285452
0.285487
0.285831
0.290184
0.29098
0.291335
0.291383
0.291435
0.292945
0.291563
0.293159
0.291819
0.293357
0.292032
0.29358
0.292474
0.291834
0.293539
0.292275
0.292403
0.293916
0.292507
0.293964
0.295406
0.293985
0.293992
0.294003
0.294025
0.294058
0.294195
0.29428
0.294356
0.294416
0.29316
0.294525
0.294574
0.294622
0.294671
0.293533
0.298937
0.299529
0.300061
0.300304
0.300527
0.301952
0.30098
0.302412
0.301467
0.301859
0.302147
0.302402
0.302653
0.302898
0.303134
0.303362
0.30358
0.303792
0.304001
0.304209
0.304427
0.304863
0.305465
0.305825
0.307265
0.306356
0.306625
0.3069
0.306024
0.307876
0.30892
0.309818
0.310577
0.31096
0.311314
0.316996
0.317257
0.319143
0.317692
0.319622
0.318603
0.318919
0.319223
0.318045
0.3185
0.320348
0.322181
0.321117
0.322997
0.321981
0.322395
0.322799
0.324644
0.323592
0.324001
0.324593
0.325157
0.324218
0.326119
0.326645
0.327061
0.328819
0.327857
0.328244
0.328625
0.328998
0.329367
0.329732
0.330098
0.330474
0.330871
0.331376
0.33589
0.336412
0.336938
0.337456
0.337966
0.338467
0.33896
0.339444
0.338815
0.340389
0.340853
0.345172
0.34444
0.345953
0.347486
0.347052
0.347542
0.347996
0.348446
0.34987
0.349332
0.350707
0.350205
0.349767
0.351076
0.351518
0.351969
0.35246
0.353748
0.353435
0.354613
0.356975
0.358212
0.358065
0.357934
0.35917
0.35972
0.360268
0.360817
0.361369
0.361926
0.363174
0.363302
0.364838
0.36791
0.36874
0.369541
0.37026
0.370963
0.371664
0.376209
0.376158
0.382532
0.382515
0.383624
0.386051
0.391201
0.394024
0.395057
0.402214
0.403036
0.403795
0.404583
0.405288
0.405988
0.405162
0.407461
0.408185
0.408949
0.409829
0.410792
0.413181
0.412711
0.415102
0.414659
0.41563
0.416608
0.417621
0.418606
0.419561
0.420505
0.420123
0.421087
0.423399
0.423032
0.425373
0.426347
0.427293
0.428228
0.429189
0.430109
0.430945
0.431726
0.432539
0.434559
0.434067
0.434814
0.435578
0.436354
0.437137
0.437937
0.438756
0.439534
0.4403
0.441059
0.441816
0.442603
0.4434
0.444217
0.445594
0.445785
0.446555
0.44732
0.448086
0.448864
0.449662
0.450452
0.451226
0.451994
0.452759
0.452632
0.452935
0.45318
0.453185
0.453186
0.453187
0.453188
0.45319
0.453192
0.453193
0.453194
0.453195
0.453196
0.453198
0.453199
0.4532
0.453202
0.453203
0.453205
0.453206
0.453208
0.453209
0.453211
0.453213
0.453214
0.453216
0.453218
0.453219
0.453221
0.453222
0.453224
0.453226
0.453228
0.45323
0.453231
0.453233
0.453235
0.453236
0.453238
0.453241
0.453242
0.453245
0.453247
0.453249
0.45325
0.453252
0.453254
0.453256
0.453258
0.45326
0.453262
0.453264
0.453267
0.453269
0.453271
0.453273
0.453276
0.453278
0.453279
0.453282
0.453285
0.453287
0.453289
0.453292
0.453295
0.453297
0.453299
0.453301
0.453304
0.453306
0.453309
0.453311
0.453314
0.453316
0.45332
0.453321
0.453325
0.453329
0.45333
0.453332
0.453336
0.453339
0.453343
0.453345
0.453346
0.45335
0.453353
0.453356
0.453358
0.453362
0.453365
0.453368
0.453372
0.453376
0.453378
0.45338
0.453384
0.453386
0.45339
0.453393
0.453397
0.4534
0.453403
0.453406
0.45341
0.453414
0.453417
0.453417
0.453417
0.453417
0.453417
0.453417
0.453417
0.453417
0.453417
0.453417
0.453417
0.453417
0.453417
0.453417
0.453417
0.453417
0.453417
0.453417
0.453417
0.453417