0 0
0 0
0 0
0 0
0 0
0 0
0 0
0 0
0 0
0 0
0 0
0 0
0 0
0 0
0 0
0 0
0 0
0 0
0 0
0 0
0 0
0 0
0 0
0 0
0 0
0 0
0 0
0 0
0 0
0 0
0 0
0 0
0 0
0 0
0 0
0 0
0 0
0 0
0 0
0 0
0 0
0 0
0 0
0 0
0 0
0 0
0 0
0 0
0 0
0 0
0 0
0 0
0 0
0 0
0 0
0 0
0 0
0 0
0 0
0 0
0 0
0 0
0 0
0 0
0 0
0 0
0 0
0 0
0 0
0 0
-0.00343707 -0.00017881
-0.00344262 -0.000178977
-0.00344813 -0.000179141
-0.00345179 -0.00017925
-0.00345723 -0.00017941
-0.00346262 -0.000179568
-0.00346973 -0.000179773
-0.00347329 -0.000179875
-0.00348029 -0.000180074
-0.0034855 -0.000180221
-0.00348897 -0.000180317
-0.00349411 -0.00018046
-0.00349921 -0.0001806
-0.00350427 -0.000180737
-0.00350928 -0.000180872
-0.00351426 -0.000181004
-0.00351919 -0.000181134
-0.00352247 -0.000181219
-0.00352894 -0.000181386
-0.00353375 -0.000181507
-0.00353852 -0.000181626
-0.00354326 -0.000181742
-0.00354796 -0.000181855
-0.00355415 -0.000182002
-0.00355725 -0.000182074
-0.00356184 -0.000182179
-0.00356639 -0.000182281
-0.00357239 -0.000182413
-0.00357539 -0.000182478
-0.00357984 -0.000182572
-0.00358425 -0.000182663
-0.00358862 -0.000182752
-0.00359439 -0.000182867
-0.00359868 -0.000182949
-0.00360294 -0.000183028
-0.00360578 -0.000183079
-0.00360998 -0.000183152
-0.00361415 -0.000183222
-0.00361965 -0.000183311
-0.0036224 -0.000183354
-0.00362514 -0.000183395
-0.00363052 -0.000183474
-0.00363322 -0.000183511
-0.00363851 -0.000183582
-0.00364245 -0.000183631
-0.00364635 -0.000183677
-0.00365148 -0.000183735
-0.0036553 -0.000183774
-0.00365784 -0.000183799
-0.00366283 -0.000183844
-0.00366532 -0.000183864
-0.003669 -0.000183893
-0.00367264 -0.000183918
-0.00367744 -0.000183946
-0.00367983 -0.000183959
-0.00368336 -0.000183975
-0.00368686 -0.000183988
-0.00369146 -0.000184001
-0.00369488 -0.000184007
-0.00369827 -0.00018401
-0.00370051 -0.000184011
-0.00370274 -0.00018401
-0.00370712 -0.000184004
-0.00371036 -0.000183991
-0.0037146 -0.000183963
-0.0037167 -0.000183943
-0.00371979 -0.000183908
-0.00372283 -0.000183866
-0.00372582 -0.000183816
-0.00372973 -0.00018374
-0.00373262 -0.000183676
-0.00373453 -0.000183631
-0.00373828 -0.000183532
-0.00374014 -0.000183478
-0.00374378 -0.000183363
-0.00374558 -0.000183302
-0.00374736 -0.00018324
-0.00375086 -0.00018311
-0.00375345 -0.00018301
-0.00375713 -0.000170982
-0.0036943 -0.000134581
-0.00347355 -0.000124657
-0.0020454 -9.60972e-05
-0.000546127 -7.24601e-05
0.00140426 -4.65051e-05
0.0053005 1.31521e-05
0.00822971 5.83711e-05
0.011161 0.000104478
0.0140958 0.000151573
0.0170353 0.000199538
0.0199804 0.000248422
0.0229318 0.000298081
0.0258906 0.00034862
0.028857 0.000399953
0.0318311 0.000452008
0.0348131 0.000504713
0.037803 0.000557997
0.0408008 0.000611788
0.0438065 0.000666012
0.0468202 0.000720596
0.0503289 0.000784057
0.054347 0.000856564
0.058389 0.000929361
0.0624407 0.00100205
0.0665007 0.00107425
0.0705662 0.00114563
0.0746339 0.0012162
0.0773572 0.00126304
0.0835154 0.00136909
0.0885572 0.00145056
0.0935338 0.00153314
0.0999029 0.00165083
0.103205 0.00171501
0.108136 0.00181107
0.114693 0.00193941
0.118 0.00200502
0.124575 0.00213706
0.127894 0.00220447
0.13286 0.00230623
0.137838 0.00240916
0.142829 0.00251307
0.147834 0.00261775
0.152851 0.00272299
0.157882 0.00282856
0.162925 0.00293425
0.16798 0.0030397
0.171372 0.00310983
0.178111 0.0032477
0.183173 0.00334994
0.189885 0.00348222
0.193257 0.00354789
0.198179 0.00364355
0.202952 0.00374991
0.207864 0.00386217
0.212793 0.00397537
0.219351 0.00412677
0.222659 0.00420402
0.227603 0.00432053
0.234196 0.00447761
0.239169 0.00459728
0.244154 0.00471804
0.249153 0.00483971
0.254165 0.00496207
0.25753 0.00504434
0.260901 0.00512675
0.267609 0.00529049
0.272711 0.00540337
0.279583 0.00549189
0.284797 0.00547725
0.290026 0.00536369
0.293512 0.00522942
0.298494 0.00496063
0.303299 0.00462608
0.310137 0.00400778
0.313528 0.00363794
0.32026 0.00276312
0.323661 0.00225378
0.330402 0.00110628
0.333792 0.00045883
0.340509 -0.00096567
0.343886 -0.00175412
0.348916 -0.00301965
0.353929 -0.00438958
0.35892 -0.00586731
0.36388 -0.0074483
0.368798 -0.00912825
0.372066 -0.0103055
0.378378 -0.0127199
0.38468 -0.01532
0.387838 -0.0166946
0.394061 -0.019548
0.397173 -0.0210492
0.400257 -0.0225858
0.407783 -0.0264898
0.410787 -0.0280935
0.415236 -0.0304936
0.419664 -0.0328895
0.424098 -0.0352883
0.429997 -0.0384802
0.434427 -0.0408787
0.43736 -0.042467
0.441424 -0.044685
0.445423 -0.0469051
0.449737 -0.0493278
0.454082 -0.0517702
0.458372 -0.0541798
0.463934 -0.0572943
0.468249 -0.0597056
0.471142 -0.0613217
0.475464 -0.0637345
0.479793 -0.0661491
0.482699 -0.0677684
0.488482 -0.0709883
0.494285 -0.0742159
0.497216 -0.075845
0.500153 -0.0774762
0.505996 -0.0807206
0.511854 -0.0839724
0.514808 -0.085612
0.519218 -0.0880598
0.523622 -0.0905066
0.52794 -0.0929066
0.531911 -0.0951386
0.535961 -0.0974534
0.541704 -0.100763
0.544595 -0.102428
0.548798 -0.104848
0.552951 -0.107231
0.557244 -0.109688
0.561536 -0.112146
0.564414 -0.113793
0.570139 -0.117065
0.574455 -0.119529
0.580213 -0.122813
0.583121 -0.12447
0.587471 -0.126948
0.591833 -0.129431
0.597649 -0.13274
0.600584 -0.13441
0.604967 -0.136903
0.610796 -0.14022
0.613726 -0.141888
0.617937 -0.144291
0.621851 -0.146555
0.625968 -0.148974
0.630264 -0.15151
0.634547 -0.154037
0.638664 -0.156463
0.644255 -0.159745
0.647113 -0.161421
0.65138 -0.163923
0.655654 -0.166426
0.659936 -0.168932
0.664229 -0.171442
0.668533 -0.173957
0.672849 -0.176476
0.677176 -0.179
0.681514 -0.181529
0.685862 -0.184063
0.690217 -0.186601
0.694575 -0.18914
0.698931 -0.19168
0.701845 -0.193379
0.707362 -0.196607
0.709963 -0.198149
0.715444 -0.201447
0.721118 -0.204875
0.725301 -0.207399
0.728003 -0.209026
0.732213 -0.211554
0.736452 -0.214099
0.740695 -0.216644
0.744946 -0.219192
0.750613 -0.222584
0.753475 -0.224296
0.757756 -0.226856
0.762049 -0.22942
0.766353 -0.231989
0.770668 -0.234563
0.773565 -0.236291
0.779323 -0.239725
0.782225 -0.241456
0.787983 -0.244892
0.792274 -0.247453
0.796249 -0.249843
0.800168 -0.252238
0.805783 -0.255705
0.810016 -0.25832
0.81411 -0.260846
0.816813 -0.262509
0.821023 -0.265092
0.825238 -0.267678
0.828064 -0.269411
0.833685 -0.272855
0.837921 -0.275447
0.842169 -0.278045
0.846428 -0.280647
0.852111 -0.284116
0.854981 -0.285867
0.859273 -0.288485
0.863574 -0.291107
0.8693 -0.294599
0.872185 -0.296358
0.877902 -0.299846
0.880704 -0.301558
0.885864 -0.30475
0.888558 -0.306443
0.894166 -0.309983
0.898365 -0.312632
0.901069 -0.314337
0.905116 -0.316879
0.909307 -0.319506
0.912114 -0.321266
0.917694 -0.32476
0.921898 -0.327391
0.926112 -0.330025
0.930338 -0.332665
0.934575 -0.335309
0.938823 -0.337958
0.943082 -0.340613
0.947351 -0.343273
0.951628 -0.345938
0.955909 -0.348605
0.960189 -0.351272
0.964462 -0.353936
0.967266 -0.355685
0.972412 -0.358933
0.977836 -0.362419
0.982025 -0.365119
0.98482 -0.366919
0.988819 -0.369492
0.992898 -0.372104
0.998436 -0.375649
1.00123 -0.377435
1.00678 -0.380983
1.00958 -0.382773
1.01516 -0.386331
1.01798 -0.388127
1.0208 -0.389926
1.02642 -0.393503
1.02926 -0.395309
1.0349 -0.3989
1.04056 -0.402499
1.04482 -0.405206
1.04907 -0.407912
1.05328 -0.410589
1.05591 -0.412274
1.05845 -0.413921
1.06382 -0.417437
1.06798 -0.420176
1.07342 -0.42375
1.07605 -0.425472
1.08016 -0.428155
1.0843 -0.430858
1.08706 -0.43266
1.09252 -0.436181
1.09527 -0.437915
1.10074 -0.441248
1.10352 -0.442869
1.10912 -0.44598
1.11197 -0.447493
1.11771 -0.450383
1.12208 -0.452452
1.12647 -0.454426
1.12933 -0.455654
1.13478 -0.457902
1.13776 -0.459076
1.14376 -0.46131
1.14983 -0.463393
1.15445 -0.46486
1.15756 -0.465794
1.16223 -0.467115
1.16694 -0.468347
1.17011 -0.469122
1.17644 -0.470537
1.18281 -0.471787
1.18602 -0.472352
1.19084 -0.473115
1.19571 -0.473785
1.20041 -0.47434
1.2062 -0.474898
1.21079 -0.475267
1.21554 -0.475557
1.21873 -0.475697
1.22506 -0.475849
1.22826 -0.475861
1.23146 -0.475829
1.23782 -0.475637
1.24103 -0.475475
1.24741 -0.475023
1.25062 -0.474729
1.257 -0.474014
1.26183 -0.473361
1.26672 -0.472632
1.2733 -0.471606
1.27663 -0.471081
1.28315 -0.470056
1.2881 -0.469286
1.29142 -0.468772
1.29638 -0.468009
1.30133 -0.46725
1.30792 -0.466248
1.31123 -0.465745
1.31774 -0.464757
1.32224 -0.464061
1.32676 -0.463338
1.33003 -0.462809
1.33493 -0.462013
1.33983 -0.461214
1.34474 -0.46041
1.35128 -0.459334
1.35621 -0.458519
1.35953 -0.457971
1.36447 -0.45715
1.36943 -0.456327
1.37438 -0.455501
1.37934 -0.454672
1.38431 -0.453848
1.38931 -0.453054
1.39435 -0.45231
1.39941 -0.451616
1.40614 -0.45078
1.40952 -0.450397
1.41454 -0.449872
1.41921 -0.449418
1.42393 -0.448988
1.42893 -0.448578
1.43395 -0.44821
1.44066 -0.447795
1.44402 -0.447614
1.44901 -0.447361
1.454 -0.447108
1.459 -0.446852
1.46401 -0.446595
1.46738 -0.446422
1.47408 -0.446076
1.47912 -0.445815
1.48584 -0.44547
1.48922 -0.445297
1.49591 -0.444954
1.49925 -0.444786
1.50425 -0.444538
1.50923 -0.444294
1.51413 -0.444053
1.51876 -0.443815
1.52351 -0.443555
1.52844 -0.443282
1.53501 -0.442916
1.53832 -0.442729
1.54491 -0.442356
1.54824 -0.442167
1.55322 -0.441882
1.55821 -0.441594
1.56486 -0.441208
1.56823 -0.441012
1.57328 -0.440718
1.58014 -0.440384
1.58536 -0.440221
1.5906 -0.440161
1.59414 -0.440185
1.6012 -0.440424
1.60474 -0.44065
1.61139 -0.441266
1.61475 -0.441665
1.61982 -0.442391
1.62494 -0.443284
1.62837 -0.443969
1.63514 -0.445534
1.64023 -0.446903
1.64532 -0.44847
1.64871 -0.449639
1.65536 -0.452237
1.65753 -0.453179
1.65754 -0.453182
1.65755 -0.453187
1.65756 -0.45319
1.65757 -0.453193
1.65758 -0.453198
1.65759 -0.453201
1.6576 -0.453207
1.65761 -0.45321
1.65762 -0.453216
1.65763 -0.453221
1.65765 -0.453227
1.65765 -0.45323
1.65766 -0.453235
1.65767 -0.45324
1.6577 -0.45325
1.65777 -0.45328
1.65792 -0.453349
1.65803 -0.453398
1.65815 -0.453456
1.65838 -0.453578
1.6585 -0.453643
1.65883 -0.45383
1.65899 -0.45393
1.65924 -0.454094
1.6595 -0.454275
1.65986 -0.454551
1.66024 -0.454854
1.66117 -0.45564
1.66138 -0.45583
1.66162 -0.456051
1.66157 -0.455984
1.66141 -0.455804
1.66137 -0.455753
1.66156 -0.455969
1.66167 -0.456105
1.66184 -0.45631
1.66199 -0.456517
1.66219 -0.456797
1.66233 -0.45701
1.66242 -0.457155
1.66255 -0.457374
1.66267 -0.457597
1.66279 -0.457823
1.6629 -0.458053
1.66304 -0.458366
1.66297 -0.458171
1.663 -0.458242
1.66301 -0.458262
1.66302 -0.458278
1.66304 -0.458331
1.66309 -0.458458
1.66314 -0.458617
1.6632 -0.458777
1.66325 -0.45894
1.6633 -0.459105
1.66334 -0.459272
1.66338 -0.459441
1.66343 -0.45967
1.66347 -0.459843
1.6635 -0.460019
1.66352 -0.460138
1.66355 -0.460377
1.66357 -0.460498
1.66358 -0.460621
1.6636 -0.460866
1.66361 -0.461114
1.66362 -0.461211
1.66362 -0.461291
1.66362 -0.461369
1.66362 -0.461374
1.66363 -0.461378
1.66363 -0.461382
1.66363 -0.461386
1.66363 -0.46139
1.66363 -0.461395
1.66363 -0.461399
1.66364 -0.461403
1.66364 -0.461407
1.66364 -0.461411
1.66364 -0.461415
1.66364 -0.461419
1.66364 -0.461423
1.66365 -0.461427
1.66365 -0.461431
1.66365 -0.461435
1.66365 -0.461439
1.66365 -0.461444
1.66365 -0.461447
1.66365 -0.46145
1.66366 -0.461455
1.66366 -0.461458
1.66366 -0.461463
1.66366 -0.461466
1.66363 -0.462274
1.66359 -0.463599
1.66352 -0.465428
1.66343 -0.467761
1.66331 -0.470599
1.66319 -0.473624
1.66307 -0.476654
1.6629 -0.480688
1.66277 -0.483722
1.66268 -0.485754
1.66251 -0.489784
1.66242 -0.491811
1.66233 -0.493839
1.66216 -0.497865
1.66207 -0.499887
1.6619 -0.503816
1.66181 -0.505816
1.66164 -0.509789
1.66152 -0.512774
1.66136 -0.516743
1.66128 -0.518742
1.66116 -0.521724
1.66104 -0.524704
1.66093 -0.527682
1.66082 -0.530656
1.66067 -0.534608
1.66059 -0.536821
1.66045 -0.540303
1.66028 -0.544171
1.66006 -0.548774
1.65971 -0.555388
1.65945 -0.560372
1.65919 -0.565368
1.65901 -0.568721
1.65883 -0.57208
1.65847 -0.578759
1.6581 -0.585448
1.65791 -0.588818
1.65754 -0.595499
1.65735 -0.598866
1.65698 -0.605496
1.6568 -0.608832
1.65652 -0.61381
1.65625 -0.618788
1.65607 -0.622123
1.65572 -0.62874
1.65546 -0.633711
1.65521 -0.638674
1.65495 -0.643456
1.65469 -0.648164
1.6544 -0.653106
1.65393 -0.660671
1.65368 -0.664679
1.65331 -0.670674
1.65292 -0.676682
1.65254 -0.682701
1.65202 -0.690714
1.65162 -0.696735
1.65136 -0.700767
1.65097 -0.70677
1.65058 -0.712727
1.6502 -0.718701
1.64982 -0.724673
1.64956 -0.728674
1.64906 -0.73661
1.64882 -0.740603
1.64834 -0.748245
1.64809 -0.752005
1.64753 -0.759835
1.6471 -0.765807
1.64653 -0.773772
1.64623 -0.777794
1.64579 -0.783806
1.64534 -0.789826
1.64489 -0.795846
1.64429 -0.803845
1.64384 -0.809838
1.64355 -0.813823
1.64296 -0.821762
1.64266 -0.82576
1.64208 -0.833697
1.6418 -0.837692
1.64151 -0.841684
1.64096 -0.849425
1.64068 -0.853133
1.64006 -0.860829
1.6394 -0.868764
1.63907 -0.87277
1.63857 -0.878761
1.63807 -0.884766
1.63756 -0.890779
1.63704 -0.896794
1.63653 -0.902803
1.63585 -0.910788
1.63551 -0.914759
1.63483 -0.922698
1.6345 -0.926693
1.634 -0.932656
1.63334 -0.940582
1.63301 -0.944571
1.63253 -0.950446
1.63206 -0.955956
1.63154 -0.961658
1.63098 -0.967613
1.63023 -0.975552
1.62985 -0.979561
1.62908 -0.987536
1.6287 -0.99156
1.62811 -0.997569
1.62753 -1.00357
1.62675 -1.01155
1.62618 -1.01749
1.62579 -1.02149
1.62522 -1.02745
1.62465 -1.0334
1.62408 -1.03936
1.62352 -1.04531
1.62315 -1.04929
1.62244 -1.05681
1.62187 -1.06234
1.62103 -1.07022
1.6206 -1.07421
1.61975 -1.08216
1.61932 -1.08617
1.61867 -1.09216
1.61801 -1.09816
1.61711 -1.10618
1.61663 -1.11023
1.61613 -1.11423
1.61506 -1.12179
1.61442 -1.12585
1.61299 -1.13392
1.61177 -1.13997
1.61044 -1.14601
1.60948 -1.15004
1.60741 -1.15802
1.60629 -1.16202
1.60391 -1.16989
1.60268 -1.17366
1.60015 -1.18074
1.59798 -1.18626
1.5956 -1.19193
1.59317 -1.19744
1.59059 -1.20297
1.5879 -1.20846
1.5851 -1.21391
1.58218 -1.21931
1.57915 -1.22466
1.576 -1.22997
1.57274 -1.23523
1.56937 -1.24043
1.5647 -1.24727
1.56228 -1.25067
1.55733 -1.25731
1.55478 -1.26061
1.55093 -1.26541
1.5471 -1.27002
1.54307 -1.27467
1.53896 -1.27925
1.53335 -1.28522
1.53047 -1.28817
1.52615 -1.29246
1.52196 -1.29642
1.51608 -1.30165
1.51293 -1.30433
1.50815 -1.30825
1.50328 -1.31208
1.49833 -1.31581
1.49333 -1.31941
1.48842 -1.32282
1.48347 -1.32612
1.47831 -1.32943
1.47308 -1.33263
1.46953 -1.33473
1.46239 -1.33875
1.45694 -1.34167
1.45142 -1.34448
1.44583 -1.34719
1.43829 -1.35062
1.43445 -1.35228
1.42867 -1.35466
1.42287 -1.35691
1.41519 -1.35969
1.41152 -1.36095
1.40578 -1.36283
1.4 -1.3646
1.3942 -1.36624
1.38828 -1.36778
1.38428 -1.36875
1.3763 -1.37052
1.37225 -1.37134
1.36416 -1.37279
1.35804 -1.37374
1.35189 -1.37456
1.34572 -1.37525
1.33753 -1.37598
1.33349 -1.37626
1.32757 -1.3766
1.32154 -1.37687
1.31751 -1.37702
1.30955 -1.37731
1.30553 -1.37746
1.29755 -1.37776
1.28956 -1.37806
1.28553 -1.37821
1.2815 -1.37837
1.27155 -1.37876
1.26752 -1.37891
1.25953 -1.3792
1.25551 -1.37935
1.25148 -1.37949
1.24349 -1.37977
1.23947 -1.37991
1.23168 -1.38019
1.22785 -1.38033
1.21923 -1.38068
1.21162 -1.381
1.2035 -1.38135
1.19189 -1.38186
1.18554 -1.38214
1.17573 -1.38258
1.16573 -1.38302
1.15165 -1.38363
1.14052 -1.3841
1.13283 -1.38442
1.12136 -1.38494
1.10879 -1.38557
1.09996 -1.38602
1.08155 -1.38696
1.06697 -1.38772
1.05186 -1.38847
1.03096 -1.3895
1.02039 -1.39003
1.00447 -1.39084
0.988498 -1.39167
0.972502 -1.39251
0.956515 -1.39335
0.940522 -1.39417
0.924562 -1.39499
0.908738 -1.39581
0.892782 -1.39667
0.876797 -1.39753
0.866077 -1.39811
0.844818 -1.39926
0.834104 -1.39982
0.812995 -1.40095
0.802329 -1.40153
0.781096 -1.40271
0.770382 -1.4033
0.74912 -1.4045
0.73313 -1.40538
0.717179 -1.40625
0.696092 -1.40744
0.680128 -1.40835
0.669417 -1.40896
0.653429 -1.40989
0.637445 -1.41081
0.626734 -1.41142
0.605637 -1.41262
0.594966 -1.41324
0.573736 -1.41449
0.557745 -1.41544
0.541767 -1.41639
0.525781 -1.41733
0.50984 -1.41826
0.49401 -1.41921
0.472787 -1.4205
0.462078 -1.42115
0.446096 -1.42213
0.430114 -1.42311
0.414134 -1.42407
0.398318 -1.42503
0.382383 -1.42602
0.366417 -1.42702
0.35043 -1.42803
0.334456 -1.42904
0.318473 -1.43003
0.302544 -1.43102
0.29197 -1.43168
0.270762 -1.43304
0.254785 -1.43408
0.233535 -1.43546
0.222828 -1.43615
0.206854 -1.43716
0.191046 -1.43818
0.175113 -1.43923
0.159149 -1.44029
0.143165 -1.44135
0.127196 -1.44242
0.111217 -1.44347
0.0953014 -1.44451
0.0794644 -1.44558
0.063518 -1.44666
0.0528171 -1.44739
0.0315715 -1.44884
0.0208682 -1.44957
-0.000374473 -1.451
-0.0161756 -1.45208
-0.0373731 -1.45355
-0.0480702 -1.4543
-0.0640509 -1.45543
-0.080015 -1.45655
-0.090719 -1.45729
-0.111892 -1.45875
-0.127732 -1.45987
-0.143675 -1.46101
-0.154374 -1.46178
-0.175614 -1.46331
-0.186314 -1.46408
-0.20755 -1.46559
-0.218134 -1.46634
-0.239276 -1.46788
-0.260504 -1.46944
-0.27121 -1.47024
-0.28717 -1.47142
-0.308407 -1.47296
-0.319027 -1.47374
-0.334877 -1.47492
-0.350818 -1.47611
-0.361514 -1.47692
-0.382748 -1.47853
-0.398716 -1.47973
-0.419909 -1.48131
-0.430469 -1.4821
-0.446396 -1.48332
-0.462351 -1.48455
-0.478323 -1.48579
-0.499547 -1.48743
-0.515509 -1.48864
-0.526117 -1.48946
-0.541968 -1.49069
-0.557906 -1.49194
-0.5686 -1.49279
-0.589828 -1.49447
-0.600522 -1.49531
-0.621744 -1.49697
-0.637534 -1.49822
-0.658717 -1.49991
-0.669408 -1.50078
-0.685375 -1.50207
-0.701325 -1.50336
-0.712021 -1.50422
-0.733145 -1.5059
-0.749002 -1.5072
-0.764936 -1.5085
-0.775628 -1.50939
-0.796849 -1.51114
-0.818075 -1.51289
-0.828754 -1.51375
-0.849788 -1.5155
-0.860456 -1.51639
-0.876404 -1.51773
-0.892366 -1.51908
-0.908311 -1.52043
-0.924269 -1.52176
-0.945311 -1.52352
-0.955972 -1.52443
-0.977166 -1.52625
-0.993126 -1.52763
-1.00381 -1.52855
-1.01976 -1.52992
-1.0357 -1.53127
-1.05673 -1.53309
-1.06739 -1.53402
-1.08334 -1.53542
-1.09929 -1.53683
-1.11524 -1.53823
-1.13645 -1.54007
-1.14702 -1.54099
-1.16813 -1.54287
-1.18407 -1.54429
-1.20003 -1.54573
-1.2107 -1.54669
-1.22665 -1.54811
-1.24258 -1.54952
-1.25836 -1.55094
-1.27427 -1.55238
-1.29021 -1.55384
-1.30616 -1.5553
-1.32209 -1.55676
-1.33804 -1.5582
-1.35121 -1.55929
-1.35916 -1.55958
-1.36442 -1.55941
-1.36757 -1.55915
-1.36853 -1.55906
-1.36866 -1.55904
-1.36867 -1.55904
-1.36868 -1.55904
-1.36868 -1.55904
-1.36868 -1.55904
-1.36869 -1.55904
-1.36869 -1.55904
-1.36869 -1.55904
-1.36869 -1.55904
-1.36869 -1.55905
-1.3687 -1.55904
-1.36875 -1.55904
-1.36888 -1.55903
-1.36905 -1.55901
-1.36921 -1.55899
-1.36936 -1.55896
-1.3693 -1.55898
-1.36923 -1.559
-1.36912 -1.55904
-1.36898 -1.55908
-1.36882 -1.55913
-1.36884 -1.55913
-1.3689 -1.5591
-1.369 -1.55906
-1.36913 -1.55902
-1.36919 -1.55899
-1.36929 -1.55896
-1.36939 -1.55892
-1.36949 -1.55887
-1.36959 -1.55883
-1.3697 -1.55877
-1.36987 -1.55869
-1.37023 -1.55849
-1.37089 -1.55811
-1.37117 -1.55793
-1.37144 -1.55778
-1.37158 -1.55769
-1.37178 -1.55756
-1.37188 -1.5575
-1.37207 -1.55736
-1.37217 -1.55729
-1.37232 -1.55718
-1.37247 -1.55706
-1.37261 -1.55694
-1.37276 -1.55681
-1.37296 -1.55664
-1.37306 -1.55655
-1.37315 -1.55646
-1.37335 -1.55626
-1.37349 -1.55612
-1.37363 -1.55596
-1.37377 -1.55581
-1.37391 -1.55565
-1.37405 -1.55548
-1.37418 -1.55532
-1.37431 -1.55514
-1.3744 -1.55503
-1.37457 -1.55479
-1.37465 -1.55467
-1.37481 -1.55442
-1.37489 -1.55429
-1.37504 -1.55404
-1.37515 -1.55384
-1.37529 -1.55358
-1.37539 -1.55337
-1.37545 -1.55324
-1.37555 -1.55303
-1.37563 -1.55283
-1.37572 -1.55262
-1.37581 -1.55238
-1.37584 -1.5523
-1.37587 -1.55222
-1.37588 -1.5522
-1.37587 -1.55221
-1.37585 -1.55226
-1.37583 -1.55231
-1.37581 -1.55236
-1.3758 -1.55241
-1.37578 -1.55245
-1.37576 -1.55251
-1.37574 -1.55254
-1.37573 -1.55258
-1.37571 -1.55262
-1.37569 -1.55267
-1.37566 -1.55272
-1.37578 -1.55246
-1.37618 -1.55162
-1.37687 -1.55017
-1.37802 -1.54783
-1.37861 -1.54666
-1.37921 -1.54549
-1.38043 -1.54317
-1.38105 -1.54201
-1.38239 -1.53958
-1.38417 -1.53645
-1.38517 -1.53473
-1.38668 -1.53217
-1.38822 -1.52963
-1.38977 -1.52711
-1.39136 -1.5246
-1.39349 -1.5213
-1.39493 -1.51913
-1.39578 -1.51788
-1.39735 -1.5156
-1.39814 -1.5145
-1.39946 -1.51274
-1.40106 -1.5106
-1.40283 -1.5082
-1.4046 -1.50575
-1.40636 -1.50329
-1.40865 -1.49998
-1.41036 -1.49747
-1.41149 -1.49577
-1.41315 -1.49322
-1.4148 -1.49065
-1.41696 -1.48719
-1.41803 -1.48543
-1.41909 -1.48366
-1.42117 -1.48011
-1.4222 -1.47831
-1.42422 -1.47471
-1.42571 -1.47197
-1.42765 -1.4683
-1.42861 -1.46644
-1.43002 -1.46364
-1.43141 -1.46082
-1.43276 -1.45799
-1.43409 -1.45515
-1.43538 -1.4523
-1.43664 -1.44945
-1.43785 -1.44663
-1.43891 -1.44412
-1.43988 -1.4418
-1.44097 -1.43916
-1.4421 -1.43633
-1.44322 -1.43347
-1.44431 -1.43059
-1.44539 -1.42771
-1.44677 -1.42385
-1.44778 -1.42094
-1.44876 -1.41802
-1.44971 -1.41509
-1.45033 -1.41312
-1.45124 -1.41017
-1.45212 -1.40722
-1.45293 -1.40439
-1.45367 -1.40167
-1.4544 -1.3988
-1.45513 -1.39581
-1.45583 -1.3928
-1.4565 -1.38977
-1.45693 -1.38773
-1.45775 -1.38368
-1.45813 -1.38163
-1.45886 -1.37757
-1.4592 -1.37553
-1.45998 -1.37048
-1.4604 -1.36749
-1.46064 -1.36569
-1.46106 -1.36248
-1.46129 -1.36069
-1.46175 -1.35673
-1.46207 -1.35371
-1.46226 -1.35169
-1.46262 -1.34762
-1.46277 -1.34552
-1.46294 -1.34238
-1.46305 -1.33923
-1.4631 -1.33503
-1.46308 -1.3329
-1.463 -1.32972
-1.46286 -1.32654
-1.46265 -1.32335
-1.46238 -1.32016
-1.46206 -1.317
-1.46157 -1.31287
-1.4613 -1.31078
-1.46087 -1.30767
-1.46041 -1.30455
-1.45991 -1.30145
-1.45939 -1.29836
-1.45865 -1.29426
-1.45826 -1.29222
-1.45748 -1.28829
-1.45708 -1.28636
-1.45627 -1.28246
-1.45586 -1.2805
-1.45506 -1.27661
-1.45446 -1.2737
-1.45406 -1.27175
-1.45366 -1.26981
-1.45288 -1.26596
-1.45217 -1.26248
-1.45167 -1.26011
-1.45133 -1.25852
-1.45056 -1.25511
-1.45012 -1.25318
-1.44946 -1.2503
-1.4488 -1.24741
-1.44814 -1.24451
-1.44747 -1.24161
-1.4468 -1.23871
-1.44591 -1.23483
-1.44546 -1.23287
-1.44478 -1.22994
-1.4441 -1.227
-1.44342 -1.22406
-1.44273 -1.22111
-1.44205 -1.21816
-1.44136 -1.2152
-1.44066 -1.21223
-1.43974 -1.20829
-1.43927 -1.2063
-1.43834 -1.20236
-1.43787 -1.20037
-1.43718 -1.19742
-1.43648 -1.19446
-1.43579 -1.19152
-1.43514 -1.18871
-1.43447 -1.18584
-1.43379 -1.18293
-1.43334 -1.18098
-1.43245 -1.17712
-1.43178 -1.17422
-1.43112 -1.17133
-1.43046 -1.16844
-1.42962 -1.16473
-1.42924 -1.16312
-1.4287 -1.16081
-1.42813 -1.15847
-1.4277 -1.15677
-1.42674 -1.153
-1.42576 -1.14918
-1.42503 -1.14631
-1.42453 -1.14438
-1.42379 -1.14149
-1.42281 -1.13764
-1.42231 -1.1357
-1.42131 -1.13183
-1.42081 -1.12987
-1.4198 -1.12599
-1.41926 -1.12388
-1.418 -1.11903
-1.4169 -1.11481
-1.41567 -1.11011
-1.4144 -1.10523
-1.41354 -1.10196
-1.41269 -1.09869
-1.411 -1.09223
-1.40935 -1.08588
-1.40851 -1.08264
-1.40767 -1.07941
-1.40602 -1.07301
-1.40479 -1.06821
-1.40361 -1.06364
-1.4025 -1.05941
-1.40085 -1.05335
-1.39997 -1.05015
-1.39865 -1.04535
-1.39731 -1.04051
-1.39638 -1.03724
-1.39446 -1.03074
-1.39346 -1.02747
-1.3914 -1.02098
-1.38979 -1.01611
-1.38812 -1.01126
-1.38641 -1.00644
-1.38466 -1.00164
-1.38231 -0.995434
-1.38108 -0.992279
-1.37921 -0.987582
-1.37729 -0.982885
-1.37467 -0.976659
-1.37265 -0.971994
-1.37127 -0.968877
-1.36846 -0.962714
-1.36702 -0.959624
-1.36414 -0.953601
-1.36277 -0.950822
-1.36007 -0.945612
-1.35861 -0.942882
-1.35624 -0.938505
-1.35385 -0.934101
-1.35066 -0.928244
-1.34905 -0.925298
-1.34745 -0.922355
-1.34427 -0.916531
-1.34199 -0.91233
-1.33964 -0.908006
-1.3365 -0.9022
-1.33492 -0.899273
-1.33178 -0.893452
-1.32941 -0.889065
-1.32783 -0.886119
-1.32546 -0.881715
-1.32309 -0.877303
-1.32072 -0.872887
-1.31757 -0.867014
-1.31523 -0.862651
-1.31377 -0.859928
-1.31161 -0.855979
-1.30925 -0.851723
-1.30761 -0.848791
-1.30437 -0.842968
-1.30192 -0.838592
-1.29947 -0.834222
-1.29703 -0.82986
-1.29461 -0.825537
-1.29132 -0.819617
-1.28944 -0.816186
-1.28526 -0.808556
-1.28191 -0.802437
-1.27856 -0.796304
-1.2752 -0.790144
-1.27292 -0.786001
-1.26831 -0.777755
-1.26595 -0.773627
-1.26136 -0.765813
-1.259 -0.761947
-1.25399 -0.753984
-1.25014 -0.748031
-1.24754 -0.744075
-1.2437 -0.738332
-1.23975 -0.732548
-1.23706 -0.728677
-1.23167 -0.721053
-1.22897 -0.717242
-1.22358 -0.70966
-1.21952 -0.703942
-1.21545 -0.69821
-1.21273 -0.694364
-1.20596 -0.684832
-1.20193 -0.679148
-1.19933 -0.675506
-1.19398 -0.668089
-1.18988 -0.662419
-1.18717 -0.658711
-1.18311 -0.653214
-1.17889 -0.647609
-1.17602 -0.643863
-1.17025 -0.636468
-1.1673 -0.632762
-1.16136 -0.625444
-1.15832 -0.621778
-1.1522 -0.614543
-1.14753 -0.609144
-1.14279 -0.603785
-1.138 -0.59848
-1.13158 -0.591543
-1.12844 -0.588212
-1.12387 -0.58347
-1.11902 -0.578547
-1.11415 -0.573621
-1.10927 -0.568683
-1.10439 -0.563735
-1.09949 -0.558773
-1.09457 -0.553798
-1.08965 -0.54881
-1.08308 -0.542157
-1.07976 -0.538798
-1.0748 -0.533777
-1.06983 -0.528753
-1.06648 -0.525375
-1.05978 -0.518715
-1.05487 -0.513926
-1.05006 -0.509348
-1.04498 -0.504631
-1.03978 -0.499907
-1.03453 -0.495225
-1.03098 -0.492111
-1.02385 -0.485984
-1.02021 -0.482927
-1.01292 -0.476915
-1.00552 -0.470986
-1.00176 -0.468033
-0.996105 -0.463674
-0.990416 -0.459381
-0.984793 -0.455215
-0.97736 -0.449809
-0.973516 -0.447067
-0.965838 -0.441689
-0.962039 -0.439082
-0.958264 -0.436542
-0.950574 -0.431474
-0.942809 -0.426387
-0.938887 -0.423819
-0.93108 -0.418714
-0.927138 -0.416138
-0.919297 -0.411023
-0.913402 -0.407181
-0.909457 -0.404611
-0.90179 -0.399603
-0.89799 -0.397104
-0.893904 -0.394399
-0.882818 -0.387039
-0.878095 -0.383897
-0.870949 -0.379169
-0.861014 -0.372652
-0.855979 -0.369353
-0.848447 -0.364421
-0.840894 -0.359482
-0.830426 -0.352644
-0.822052 -0.347178
-0.813644 -0.341654
-0.804767 -0.33575
-0.798401 -0.331503
-0.78557 -0.322954
-0.778731 -0.318444
-0.76804 -0.31141
-0.757164 -0.304264
-0.746253 -0.297105
-0.731741 -0.287691
-0.724469 -0.283045
-0.709748 -0.273821
-0.702301 -0.269246
-0.687474 -0.260374
-0.679903 -0.255953
-0.668524 -0.249445
-0.657071 -0.243054
-0.645631 -0.236813
-0.634212 -0.230658
-0.622779 -0.224503
-0.611344 -0.218337
-0.596199 -0.210175
-0.588528 -0.206052
-0.577059 -0.199896
-0.565582 -0.193745
-0.550496 -0.185645
-0.542845 -0.181521
-0.531418 -0.175355
-0.516229 -0.167142
-0.504856 -0.161004
-0.493408 -0.154839
-0.485724 -0.150707
-0.470474 -0.142518
-0.459178 -0.136434
-0.447762 -0.130266
-0.440109 -0.126125
-0.428686 -0.119936
-0.417328 -0.113786
-0.405894 -0.10761
-0.394403 -0.10143
-0.382837 -0.0953032
-0.37134 -0.0893438
-0.363569 -0.0853853
-0.348002 -0.0776347
-0.332318 -0.070069
-0.320528 -0.0645566
-0.312548 -0.0609189
-0.296616 -0.0538617
-0.288588 -0.0504029
-0.276696 -0.0453781
-0.264625 -0.0404074
-0.252479 -0.035537
-0.240263 -0.0307742
-0.227999 -0.0261296
-0.215746 -0.0216445
-0.203404 -0.0172831
-0.19118 -0.0130934
-0.174753 -0.0076507
-0.166419 -0.00497583
-0.153921 -0.00107523
-0.141356 0.00271224
-0.124568 0.0075593
-0.116136 0.00989902
-0.0994415 0.014336
-0.0869018 0.0175338
-0.07842 0.019626
-0.0657114 0.022652
-0.0529409 0.0255612
-0.0401097 0.0283505
-0.0287067 0.0307301
-0.0245333 0.0315994
-0.0231464 0.0318972
-0.02309 0.0319107
-0.0230334 0.0319242
-0.0229767 0.0319378
-0.0229009 0.031956
-0.0228438 0.0319696
-0.0227867 0.0319833
-0.0227485 0.0319925
-0.0226915 0.0320061
-0.0226344 0.0320198
-0.0225773 0.0320335
-0.0225201 0.0320471
-0.0224628 0.0320608
-0.0224055 0.0320745
-0.022367 0.0320837
-0.0222906 0.032102
-0.0222331 0.0321157
-0.0221754 0.0321294
-0.0221177 0.0321432
-0.022079 0.0321524
-0.0220021 0.0321707
-0.0219633 0.0321799
-0.0218862 0.0321982
-0.021809 0.0322165
-0.0217701 0.0322257
-0.0217119 0.0322395
-0.0216344 0.0322579
-0.0215953 0.0322671
-0.0215176 0.0322855
-0.0214784 0.0322948
-0.0214198 0.0323086
-0.0213612 0.0323224
-0.0213219 0.0323317
-0.0212438 0.0323501
-0.0211655 0.0323685
-0.0211261 0.0323778
-0.0210671 0.0323916
-0.0209886 0.0324101
-0.020949 0.0324194
-0.0208898 0.0324332
-0.0208306 0.0324471
-0.0207713 0.032461
-0.0207119 0.0324749
-0.0206524 0.0324888
-0.0205733 0.0325073
-0.0205137 0.0325212
-0.0204737 0.0325305
-0.020414 0.0325444
-0.0203543 0.0325583
-0.0202944 0.0325722
-0.0202345 0.0325861
-0.0201746 0.0326
-0.0201145 0.032614
-0.0200545 0.0326279
-0.0199943 0.0326418
-0.019954 0.0326511
-0.0198738 0.0326697
-0.0198334 0.032679
-0.0197531 0.0326975
-0.0196727 0.0327161
-0.0196321 0.0327254
-0.0195515 0.0327439
-0.0194909 0.0327579
-0.0194502 0.0327672
-0.0193694 0.0327857
-0.0193286 0.0327951
-0.0192477 0.0328136
-0.0192068 0.032823
-0.0191257 0.0328415
-0.0190848 0.0328508
-0.0190036 0.0328694
-0.0189627 0.0328787
-0.0189217 0.032888
-0.0188403 0.0329065
-0.0187791 0.0329204
-0.0187179 0.0329344
-0.0186566 0.0329483
-0.018575 0.0329668
-0.0185136 0.0329807
-0.0184522 0.0329946
-0.018411 0.0330039
-0.0183292 0.0330223
-0.018288 0.0330316
-0.0182061 0.0330501
-0.0181648 0.0330594
-0.0181032 0.0330732
-0.0180415 0.0330871
-0.0179595 0.0331055
-0.0178978 0.0331194
-0.0178564 0.0331286
-0.0177742 0.033147
-0.0177328 0.0331563
-0.0176709 0.0331701
-0.0176091 0.0331839
-0.0175268 0.0332023
-0.0174853 0.0332115
-0.0174438 0.0332207
-0.0173614 0.033239
-0.0173199 0.0332483
-0.0172374 0.0332665
-0.0171959 0.0332758
-0.0171134 0.033294
-0.0170513 0.0333077
-0.0169893 0.0333215
-0.0169893 0.0333215
-0.0169893 0.0333215
-0.0169893 0.0333215
-0.0169893 0.0333215
-0.0169893 0.0333215
-0.0169893 0.0333215
-0.0169893 0.0333215
-0.0169893 0.0333215
-0.0169893 0.0333215
-0.0169893 0.0333215
-0.0169893 0.0333215
-0.0169893 0.0333215
-0.0169893 0.0333215
-0.0169893 0.0333215
-0.0169893 0.0333215
-0.0169893 0.0333215
-0.0169893 0.0333215
-0.0169893 0.0333215
-0.0169893 0.0333215
-0.0169893 0.0333215
-0.0169893 0.0333215
-0.0169893 0.0333215
-0.0169893 0.0333215
-0.0169893 0.0333215
-0.0169893 0.0333215
