0 0
0 0
0 0
0 0
0 0
0 0
0 0
0 0
0 0
0 0
0 0
0 0
0 0
0 0
0 0
0 0
0 0
0 0
0 0
0 0
0 0
0 0
0 0
0 0
0 0
0 0
0 0
0 0
0 0
0 0
0 0
0 0
0 0
0 0
0 0
0 0
0 0
0 0
0 0
0 0
0 0
0 0
0 0
0 0
0 0
0.00037834 0.0259557
0.000375935 0.0259532
0.000373535 0.0250024
0.000371141 0.025
0.000368751 0.0234637
0.000366366 0.0234612
0.000364772 0.0240514
0.000362395 0.0240489
0.000359243 0.0252182
0.000356879 0.0252158
0.000355298 0.0297445
0.000352166 0.0297413
0.000349818 0.0279348
0.000347475 0.0279324
0.000345138 0.0292984
0.000342806 0.0292961
0.000340481 0.0260124
0.000338925 0.0260108
0.000336609 0.0274695
0.000347611 0.0274761
0.000397156 0.0273186
0.000496341 0.0274192
0.000637 0.0277948
0.000839919 0.0279983
0.0011688 0.029787
0.00133672 0.0299549
0.00167345 0.0256346
0.00184449 0.0258047
0.00211519 0.0296043
0.00256231 0.0300524
0.00279611 0.0297324
0.00326185 0.0301985
0.00361338 0.0308797
0.0039659 0.0312381
0.00431934 0.0319377
0.0046736 0.0323011
0.00491133 0.0282886
0.00538393 0.028771
0.00573965 0.0295094
0.00609542 0.0298831
0.006451 0.0327551
0.00668898 0.0330079
0.00716026 0.0284108
0.00751311 0.0287929
0.00786407 0.0303583
0.00809742 0.0306153
0.00855492 0.0303544
0.0087818 0.0306095
0.00922213 0.0290984
0.00954332 0.0294686
0.00985659 0.0282496
0.0101631 0.0286122
0.0104655 0.0285567
0.010746 0.0289077
0.0108533 0.030212
0.0114612 0.0311647
0.0119252 0.0323203
0.0126893 0.0332419
0.0128924 0.0298032
0.0132748 0.0302687
0.013465 0.03176
0.0138373 0.0322287
0.0141125 0.0312546
0.0142921 0.0314914
0.0146385 0.0325014
0.0148116 0.0327387
0.0150669 0.0327299
0.0153184 0.033087
0.0156465 0.030211
0.0158089 0.0304557
0.0161251 0.0335523
0.0163573 0.0339236
0.0165844 0.0318125
0.0168061 0.0321876
0.0170222 0.0318132
0.0172324 0.0321929
0.0173696 0.0331784
0.017633 0.0336849
0.0178219 0.0331425
0.0180023 0.0335222
0.0181179 0.030508
0.0183336 0.0310008
0.0184353 0.0296671
0.0186235 0.0301452
0.018754 0.0315655
0.0188693 0.0319038
0.0188235 0.0314342
0.01859 0.0317306
0.0186463 0.0328052
0.0189108 0.033659
0.0190542 0.0345896
0.0191269 0.0348234
0.0192629 0.0307713
0.0193269 0.0310069
0.0194452 0.0312529
0.0195002 0.0314917
0.0195864 0.0324779
0.0196195 0.0326458
0.0196683 0.0339105
0.0196851 0.0340034
0.0197079 0.0331176
0.0197192 0.0331815
0.019741 0.0314782
0.0197517 0.0315429
0.0197727 0.0335472
0.019783 0.0336128
0.0197981 0.0315557
0.0198128 0.0316548
0.0198319 0.0311128
0.0198412 0.0311803
0.0198593 0.0299562
0.0198681 0.0300246
0.0198851 0.0301575
0.0198934 0.0302269
0.0199093 0.0305949
0.0199208 0.0306998
0.0199845 0.0350365
0.0201513 0.0349716
0.0206003 0.0315207
0.0209733 0.0311136
0.0213083 0.0311172
0.0216412 0.0312336
0.021973 0.0282408
0.0223038 0.028369
0.0226335 0.0331001
0.0229619 0.0332386
0.0232892 0.0280128
0.0236153 0.0281594
0.0240183 0.0317396
0.0242645 0.0325955
0.0247087 0.0325138
0.0252398 0.0322936
0.0257254 0.0333005
0.0262131 0.0334217
0.0267143 0.0322025
0.0272666 0.0319708
0.0277988 0.0326024
0.0284841 0.0316554
0.0288305 0.0326472
0.0295216 0.0317114
0.0298697 0.0325703
0.0303976 0.0326429
0.0309287 0.0329858
0.0314609 0.0330397
0.0319969 0.0356675
0.0325345 0.0356636
0.033265 0.0306416
0.033609 0.0315923
0.035655 0.0300457
0.0358778 0.0310208
0.0366571 0.028032
0.0368598 0.0290119
0.0376244 0.0249538
0.0378296 0.0259477
0.038582 0.0274721
0.0387899 0.0284757
0.0395301 0.0287151
0.0397409 0.0297378
0.0404692 0.0275048
0.0406844 0.0285338
0.041155 0.0297646
0.0416258 0.0297893
0.042097 0.0314402
0.0425706 0.0314579
0.0430465 0.0307319
0.0435408 0.0306675
0.0440676 0.0327436
0.0447802 0.0317392
0.0454697 0.0312887
0.046256 0.0307216
0.0485103 0.0324569
0.0499397 0.0304414
0.0502863 0.0327745
0.051598 0.0311166
0.0519148 0.0364333
0.0527382 0.0364174
0.0535906 0.0349113
0.0545402 0.0343803
0.0554412 0.0369707
0.0561968 0.0369159
0.0574313 0.0330614
0.0576698 0.0347044
0.0588823 0.0331098
0.0596006 0.0331327
0.0603155 0.0344564
0.0601345 0.0378297
0.0612892 0.035353
0.0624627 0.0337149
0.0627799 0.0336534
0.0635277 0.0336183
0.0642758 0.0327785
0.065027 0.0327567
0.0657816 0.0360573
0.0665388 0.0360441
0.0695863 0.0270981
0.071266 0.0245742
0.0716862 0.0270309
0.0732756 0.0247669
0.0737261 0.0274188
0.0752142 0.0253007
0.0753181 0.0246532
0.0767383 0.0226792
0.0768395 0.0281269
0.0775921 0.0281551
0.0783436 0.0258176
0.0790972 0.0258365
0.0798637 0.0277962
0.0812697 0.0257327
0.0820398 0.0261454
0.082815 0.0261226
0.0830078 0.0290294
0.0843759 0.0270415
0.0845909 0.0275308
0.0859542 0.0255417
0.0862372 0.0300443
0.0876746 0.0277287
0.0879191 0.0273534
0.0892273 0.0253724
0.0893652 0.0256516
0.0900781 0.025671
0.0907853 0.0266804
0.0914896 0.0267084
0.0921938 0.0277121
0.0929052 0.0277216
0.0941895 0.0270253
0.0943784 0.028954
0.0956428 0.0252964
0.0937303 0.0332454
0.0948902 0.031282
0.0952337 0.0332459
0.0963913 0.034336
0.0988366 0.0302287
0.0996778 0.027253
0.100439 0.0269636
0.101115 0.0285293
0.102314 0.0265495
0.102975 0.0271217
0.103628 0.0271447
0.103754 0.0284326
0.104923 0.0264718
0.105572 0.0257463
0.105744 0.0276267
0.106421 0.0235494
0.105116 0.029484
0.107775 0.0281505
0.106495 0.0341142
0.10719 0.0359511
0.107889 0.0359371
0.108597 0.0378913
0.109354 0.0375279
0.110083 0.0347879
0.111121 0.0327785
0.111342 0.0336052
0.112363 0.0316361
0.112573 0.0354583
0.11318 0.0354869
0.113785 0.0348965
0.114391 0.0349142
0.115393 0.0353719
0.115645 0.0372259
0.116651 0.0340913
0.116898 0.0360357
0.117905 0.0337892
0.118165 0.0357523
0.118804 0.0374573
0.119812 0.0354667
0.120129 0.0370914
0.120821 0.03662
0.121414 0.0371581
0.122375 0.0351851
0.122543 0.0401943
0.123491 0.0382278
0.123648 0.0371836
0.124585 0.0352268
0.124741 0.040155
0.125676 0.0381832
0.125874 0.0393669
0.126816 0.0373793
0.127008 0.0407943
0.127581 0.0407769
0.128156 0.0418354
0.1291 0.0398517
0.129319 0.040428
0.129924 0.0403036
0.130915 0.0397976
0.131127 0.0413946
0.131638 0.0415232
0.132143 0.0415283
0.133033 0.0427691
0.133525 0.0427934
0.134013 0.0429851
0.134109 0.0449935
0.134985 0.0415971
0.135492 0.0415283
0.136006 0.0434555
0.136137 0.0454045
0.137023 0.0448178
0.137166 0.0467763
0.137685 0.0461159
0.138208 0.0461018
0.138743 0.0455685
0.139328 0.0451538
0.139863 0.0475195
0.140711 0.0455288
0.14116 0.0467497
0.141602 0.0467592
0.142038 0.0486324
0.142468 0.0486605
0.142502 0.0474575
0.143323 0.0454884
0.143385 0.0483804
0.143841 0.0483089
0.144674 0.0461029
0.144745 0.0480536
0.14558 0.0468035
0.146037 0.0467905
0.146498 0.0489176
0.146964 0.0489018
0.147459 0.0463011
0.147616 0.0476836
0.148424 0.0494051
0.148416 0.0513772
0.149205 0.04828
0.149182 0.0502756
0.149556 0.0503382
0.150329 0.0483867
0.150299 0.0498004
0.150682 0.0497759
0.151088 0.0511019
0.151481 0.051077
0.151876 0.0517577
0.152275 0.0517404
0.152676 0.0507694
0.153081 0.0507576
0.153492 0.0499587
0.154295 0.0479261
0.154773 0.0498262
0.156899 0.0435495
0.156718 0.0518711
0.157446 0.0498407
0.157254 0.0529928
0.157493 0.0528296
0.15771 0.0532883
0.157916 0.0530653
0.158114 0.054147
0.158304 0.0539266
0.15861 0.0509264
0.158671 0.0526139
0.158857 0.0513202
0.159014 0.0525411
0.159135 0.0509423
0.159248 0.0506113
0.159352 0.0524202
0.159447 0.0520973
0.159536 0.0537754
0.159621 0.0534741
0.1597 0.0512836
0.159331 0.0491194
0.159351 0.0526066
0.159367 0.0523508
0.159392 0.0503689
0.159447 0.0501228
0.159503 0.0535744
0.159572 0.053382
0.160381 0.0569781
0.160476 0.0568041
0.16057 0.0536088
0.160662 0.0534638
0.160753 0.0528442
0.15993 0.0507899
0.160928 0.052512
0.160032 0.0504626
0.161078 0.0529842
0.160099 0.0509266
0.16095 0.0539454
0.159713 0.051545
0.157317 0.0531146
0.1561 0.0510085
0.156983 0.0557786
0.155587 0.0536931
0.156465 0.0497609
0.15619 0.049389
0.154597 0.051545
0.155642 0.0529384
0.155369 0.0511002
0.155089 0.0507663
0.154785 0.0489971
0.154276 0.048438
0.153886 0.0491895
0.148248 0.0437878
0.146197 0.0423475
0.147508 0.0437731
0.145476 0.0418644
0.14516 0.0418108
0.14671 0.0499085
0.146543 0.049789
0.146386 0.0503791
0.146234 0.0502793
0.144219 0.0485288
0.14576 0.0498811
0.145188 0.0443664
0.144931 0.0441744
0.144717 0.0433095
0.144368 0.043022
0.144117 0.0447596
0.141984 0.0429613
0.143627 0.0440012
0.143398 0.0438284
0.143182 0.0439504
0.142981 0.0437848
0.142792 0.0419121
0.142607 0.0417572
0.1405 0.041099
0.141946 0.0423325
0.139609 0.0421289
0.141303 0.0434404
0.135189 0.0383327
0.13504 0.0383069
0.134883 0.0358377
0.134721 0.0358047
0.132722 0.030648
0.134415 0.0320441
0.13251 0.0331339
0.134236 0.0343613
0.132441 0.031558
0.133994 0.0325492
0.133778 0.0315141
0.133768 0.0314529
0.13377 0.0303888
0.13379 0.0303237
0.133635 0.0306147
0.133175 0.0300665
0.13266 0.0289177
0.132395 0.028517
0.128782 0.0293499
0.127751 0.0279462
0.129119 0.027723
0.129289 0.0276362
0.129368 0.0302839
0.129562 0.0302266
0.129779 0.0298672
0.130005 0.0298264
0.132487 0.0289344
0.132494 0.0289435
0.132488 0.0305731
0.132475 0.0305589
0.132468 0.0300105
0.132455 0.0299957
0.132446 0.0291672
0.132465 0.0291909
0.132512 0.0290638
0.132545 0.0290995
0.132612 0.0302369
0.132647 0.0302705
0.132717 0.0322594
0.132754 0.0322939
0.132829 0.031292
0.132888 0.0313533
0.132948 0.0314405
0.133011 0.0315045
0.133054 0.0304395
0.133142 0.0305291
0.133212 0.0329865
0.133283 0.0330517
0.133333 0.0344433
0.13338 0.0344851
0.13339 0.0336726
0.13337 0.0336531
0.133317 0.0320091
0.133257 0.031949
0.133197 0.0309749
0.132821 0.0305719
0.132318 0.0336665
0.132176 0.0334563
0.132155 0.0334293
0.131542 0.0326211
0.132014 0.0321877
0.13165 0.0316543
0.132138 0.0313069
0.131793 0.0307553
0.132282 0.0300057
0.132362 0.0299497
0.132446 0.029918
0.132535 0.029868
0.132629 0.028983
0.132727 0.0289397
0.132829 0.0315266
0.132936 0.0314878
0.133046 0.029971
0.13316 0.0299362
0.132913 0.0281909
0.133396 0.0285976
0.133166 0.029208
0.133642 0.0295775
0.133768 0.028422
0.133895 0.0283961
0.133172 0.0286632
0.13332 0.0286518
0.133482 0.0281065
0.133641 0.0281231
0.133795 0.0278344
0.133933 0.0278239
0.133975 0.0277613
0.133625 0.0270197
0.133636 0.0250868
0.133502 0.0247022
0.133467 0.0269328
0.133111 0.0262291
0.13298 0.027609
0.13269 0.0269348
0.13249 0.0289157
0.13249 0.0286432
0.132636 0.0269074
0.13279 0.026868
0.132637 0.0291661
0.133123 0.029678
0.132969 0.0279865
0.133469 0.0284307
0.133305 0.0285116
0.133822 0.029043
0.13365 0.0307264
0.134185 0.0312334
0.134004 0.0297875
0.134559 0.030385
0.134371 0.0292629
0.134945 0.0297636
0.134751 0.0313412
0.135346 0.0318436
0.135145 0.0318356
0.135761 0.032348
0.135558 0.0312007
0.136181 0.0318269
0.136366 0.0327124
0.136554 0.0327225
0.136745 0.0333353
0.136529 0.0328793
0.136725 0.0319921
0.136922 0.032011
0.137358 0.0325371
0.135071 0.0290061
0.135618 0.0288407
0.13486 0.0271543
0.135632 0.0329752
0.133168 0.0282303
0.132815 0.0267793
0.132853 0.0261527
0.132303 0.0253616
0.133703 0.0266789
0.132954 0.0324499
0.131302 0.0283374
0.131337 0.0279875
0.131728 0.0275204
0.13233 0.0339722
0.132997 0.0336612
0.133728 0.0355635
0.134517 0.0352789
0.132364 0.0266689
0.131967 0.0238404
0.133874 0.022477
0.134838 0.0224253
0.134654 0.0255235
0.136709 0.0274783
0.13656 0.0215065
0.138687 0.0238049
0.138598 0.0267014
0.14082 0.0298522
0.141952 0.035227
0.143076 0.0350169
0.142497 0.0309542
0.144077 0.0308246
0.145705 0.0300027
0.147712 0.0325902
0.149101 0.0244402
0.150914 0.0268485
0.152529 0.0239421
0.154151 0.024003
0.155777 0.0254271
0.157417 0.0254551
0.159085 0.0225494
0.160753 0.0223994
0.162399 0.0202255
0.164035 0.0202414
0.165658 0.0231217
0.168211 0.0210842
0.168856 0.0226586
0.171596 0.0207566
0.172113 0.0189485
0.175022 0.0164111
0.175297 0.0240201
0.176872 0.0240533
0.178431 0.0158009
0.180004 0.0157455
0.181549 0.017476
0.183191 0.0172128
0.186617 0.0162577
0.186252 0.0187281
0.18773 0.0166219
0.189172 0.0166589
0.192765 0.0137409
0.191948 0.0165194
0.193328 0.0181579
0.194824 0.017997
0.196178 0.0162709
0.197554 0.0161935
0.201445 0.0124861
0.200215 0.0150496
0.204145 0.00911128
0.205421 0.00916386
0.206664 0.00924119
0.20509 0.0123351
0.209102 0.0110542
0.207313 0.0140926
0.208356 0.014379
0.212375 0.0115551
0.220595 0.0218207
0.235327 0.00714085
0.23316 0.0151036
0.233906 0.0149781
0.234614 0.0169474
0.238494 0.0138111
0.235991 0.016263
0.239837 0.0128927
0.237323 0.0151811
0.241155 0.0119472
0.238818 0.0139745
0.242758 0.010423
0.240511 0.0155267
0.2413 0.0154608
0.242079 0.0154817
0.242845 0.0154733
0.246672 0.0100059
0.244338 0.0133862
0.245084 0.0151779
0.245874 0.0151711
0.249829 0.0137232
0.247747 0.0171279
0.251606 0.0111673
0.249472 0.0143166
0.250312 0.0160909
0.251138 0.0160928
0.251952 0.0155002
0.252762 0.015538
0.253591 0.0178954
0.257423 0.0142494
0.258403 0.012266
0.259386 0.0120928
0.257414 0.0178129
0.258321 0.0177769
0.259213 0.0181777
0.260092 0.0181971
0.260963 0.0179646
0.26184 0.0180122
0.262776 0.0176173
0.263831 0.017423
0.264869 0.0182302
0.265845 0.0181612
0.269585 0.0141376
0.270533 0.0140934
0.271466 0.015395
0.269627 0.0189826
0.273301 0.0127955
0.271499 0.0164803
0.272603 0.020969
0.273642 0.0208549
0.274704 0.01923
0.278397 0.0155822
0.276723 0.0224648
0.280381 0.0189051
0.278691 0.0201402
0.282315 0.0165442
0.283279 0.0187939
0.2817 0.0222845
0.28281 0.0214383
0.286509 0.0177461
0.284994 0.0221615
0.288621 0.0185976
0.287079 0.0210085
0.29067 0.0174291
0.280456 0.0343723
0.275527 0.0416775
0.274753 0.0368092
0.27472 0.0368583
0.274687 0.0342453
0.274655 0.0342942
0.274622 0.0313242
0.274589 0.031373
0.274556 0.0322813
0.274524 0.03233
0.274502 0.0329451
0.274458 0.03301
0.274425 0.0342403
0.274393 0.0342894
0.27436 0.034949
0.274327 0.034998
0.274294 0.0342677
0.274272 0.0343006
0.274228 0.0348774
0.274206 0.0349105
0.274162 0.0330186
0.274129 0.0330681
0.274107 0.0349204
0.274063 0.0349864
0.27403 0.032205
0.273997 0.0322547
0.273975 0.0338231
0.273942 0.033873
0.273898 0.0333042
0.273865 0.0333541
0.273843 0.0332851
0.273843 0.0332851
0.273843 0.0332851
0.273843 0.0332851
0.273843 0.0332851
0.273843 0.0332851
0.273843 0.0332851
0.273843 0.0332851
0.273843 0.0332851
0.273843 0.0332851
0.273843 0.0332851
0.273843 0.0332851
0.273843 0.0332851
0.273843 0.0332851
0.273843 0.0332851
0.273843 0.0332851
0.273843 0.0332851
0.273843 0.0332851
0.273843 0.0332851
0.273843 0.0332851
