0 0
0 0
0 0
0 0
0 0
0 0
0 0
0 0
0 0
0 0
0 0
0 0
0 0
0 0
0 0
0 0
0 0
0 0
0 0
0 0
0 0
0 0
0 0
0 0
0 0
0 0
0 0
0 0
0 0
0 0
0 0
0 0
0 0
0 0
0 0
0 0
0 0
0 0
0 0
0 0
0 0
0 0
0 0
0 0
0 0
0 0
0 0
0 0
0 0
0 0
0 0
0 0
0 0
0 0
0 0
0 0
0 0
0 0
0 0
0 0
0 0
0 0
0 0
0 0
0 0
0 0
0 0
0 0
0 0
0 0
0 0
0 0
0 0
0 0
0 0
0 0
0 0
0 0
0 0
0 0
0 0
0 0
0 0
0 0
0 0
0 0
0 0
0 0
0 0
0 0
0 0
0 0
0 0
0 0
0 0
0 0
0 0
0 0
0 0
0 0
0 0
0 0
0 0
0 0
0 0
0 0
0 0
0 0
0 0
0 0
0 0
0 0
0 0
0 0
0 0
0 0
0 0
0 0
0 0
0 0
0 0
0 0
0 0
0 0
0 0
0 0
0 0
0 0
0 0
0 0
0 0
0 0
0 0
0 0
0 0
0 0
0 0
0 0
0 0
0 0
0 0
0 0
0 0
0 0
0 0
0 0
0 0
0 0
0 0
0 0
0 0
0 0
0 0
0 0
0 0
0 0
0 0
0 0
0 0
0 0
0 0
-0.000495884 6.40274e-05
-0.00148632 0.000201993
-0.00395655 0.000586475
-0.00592825 0.0009217
-0.00789651 0.00127662
-0.00986112 0.00165121
-0.0118219 0.00204543
-0.0137786 0.00245923
-0.0157311 0.00289258
-0.0176791 0.00334544
-0.0196226 0.00381775
-0.0215612 0.00430947
-0.0234948 0.00482055
-0.0254232 0.00535094
-0.0278269 0.00603801
-0.030703 0.00689128
-0.0335704 0.00777328
-0.0364289 0.0086839
-0.0392781 0.00962307
-0.0421178 0.0105907
-0.0449476 0.0115866
-0.0477674 0.0126108
-0.0505767 0.0136632
-0.0533754 0.0147436
-0.0561632 0.0158519
-0.0589397 0.016988
-0.0617048 0.0181519
-0.064458 0.0193433
-0.0671993 0.0205623
-0.0699281 0.0218085
-0.0726444 0.023082
-0.0753478 0.0243826
-0.0807184 0.0270579
-0.0833952 0.0284123
-0.0860721 0.0297667
-0.088749 0.0311211
-0.0914258 0.0324755
-0.0941027 0.0338299
-0.0967796 0.0351843
-0.0994564 0.0365387
-0.102133 0.037893
-0.10481 0.0392474
-0.107487 0.0406018
-0.110164 0.0419562
-0.112841 0.0433106
-0.115518 0.044665
-0.118194 0.0460194
-0.120871 0.0473738
-0.123548 0.0487282
-0.126225 0.0500826
-0.128902 0.051437
-0.131579 0.0527914
-0.134702 0.0543715
-0.138271 0.0561774
-0.145855 0.0600149
-0.150317 0.0622722
-0.154778 0.0645295
-0.15924 0.0667869
-0.163701 0.0690442
-0.168163 0.0713015
-0.172624 0.0735588
-0.177086 0.0758162
-0.181547 0.0780735
-0.186008 0.0803308
-0.19047 0.0825882
-0.194931 0.0848455
-0.199393 0.0871028
-0.203854 0.0893601
-0.208316 0.0916175
-0.212777 0.0938748
-0.217238 0.0961321
-0.2217 0.0983895
-0.226161 0.100647
-0.230623 0.102904
-0.235084 0.105161
-0.239546 0.107419
-0.244007 0.109676
-0.248469 0.111933
-0.257838 0.116674
-0.263191 0.119383
-0.268545 0.122091
-0.273899 0.1248
-0.279253 0.127509
-0.284606 0.130218
-0.28996 0.132927
-0.295314 0.135635
-0.300667 0.138344
-0.306021 0.141053
-0.311375 0.143762
-0.316729 0.146471
-0.322082 0.149179
-0.327436 0.151888
-0.33279 0.154597
-0.338144 0.157306
-0.343497 0.160015
-0.348851 0.162723
-0.354205 0.165432
-0.359559 0.168141
-0.364912 0.17085
-0.370266 0.173559
-0.37562 0.176267
-0.380973 0.178976
-0.386327 0.181685
-0.391681 0.184394
-0.397035 0.187102
-0.402388 0.189811
-0.407742 0.19252
-0.413096 0.195229
-0.41845 0.197938
-0.423803 0.200646
-0.429157 0.203355
-0.429157 0.203355
-0.434511 0.206064
-0.439864 0.208773
-0.445218 0.211482
-0.455926 0.216899
-0.461279 0.219608
-0.466633 0.222317
-0.471987 0.225026
-0.477341 0.227734
-0.482694 0.230443
-0.488048 0.233152
-0.493402 0.235861
-0.498755 0.23857
-0.504109 0.241278
-0.509463 0.243987
-0.514817 0.246696
-0.514817 0.246696
-0.525524 0.252114
-0.525524 0.252114
-0.530878 0.254822
-0.536232 0.257531
-0.541585 0.26024
-0.546939 0.262949
-0.552293 0.265658
-0.557647 0.268366
-0.563 0.271075
-0.568354 0.273784
-0.573708 0.276493
-0.579061 0.279201
-0.584415 0.28191
-0.589769 0.284619
-0.595123 0.287328
-0.600476 0.290037
-0.60583 0.292745
-0.611184 0.295454
-0.616538 0.298163
-0.621891 0.300872
-0.627245 0.303581
-0.632599 0.306289
-0.637952 0.308998
-0.643306 0.311707
-0.64866 0.314416
-0.654014 0.317125
-0.659367 0.319833
-0.664721 0.322542
-0.670075 0.325251
-0.675429 0.32796
-0.680782 0.330669
-0.686136 0.333377
-0.69149 0.336086
-0.696844 0.338795
-0.702197 0.341504
-0.707551 0.344213
-0.712905 0.346921
-0.718258 0.34963
-0.723612 0.352339
-0.728966 0.355048
-0.73432 0.357757
-0.739673 0.360465
-0.745027 0.363174
-0.750381 0.365883
-0.755735 0.368592
-0.761088 0.371301
-0.766442 0.374009
-0.771796 0.376718
-0.777149 0.379427
-0.782503 0.382136
-0.787857 0.384844
-0.793211 0.387553
-0.798564 0.390262
-0.803918 0.392971
-0.809272 0.39568
-0.814626 0.398388
-0.819979 0.401097
-0.825333 0.403806
-0.830687 0.406515
-0.836041 0.409224
-0.841394 0.411932
-0.846748 0.414641
-0.852102 0.41735
-0.857455 0.420059
-0.862809 0.422768
-0.868163 0.425476
-0.873517 0.428185
-0.87887 0.430894
-0.884224 0.433603
-0.889578 0.436312
-0.894932 0.43902
-0.900285 0.441729
-0.905639 0.444438
-0.910993 0.447147
-0.916346 0.449856
-0.9217 0.452564
-0.927054 0.455273
-0.932408 0.457982
-0.937761 0.460691
-0.943115 0.4634
-0.948469 0.466108
-0.953823 0.468817
-0.959176 0.471526
-0.96453 0.474235
-0.969884 0.476943
-0.975238 0.479652
-0.980591 0.482361
-0.985945 0.48507
-0.991299 0.487779
-0.996652 0.490487
-1.00201 0.493196
-1.00736 0.495905
-1.01271 0.498614
-1.02343 0.504018
-1.02881 0.506673
-1.03422 0.509261
-1.03968 0.511753
-1.04519 0.514122
-1.05077 0.516339
-1.05641 0.518388
-1.06211 0.520266
-1.06786 0.521972
-1.07366 0.523506
-1.0795 0.524864
-1.08538 0.526047
-1.0913 0.527053
-1.09724 0.52788
-1.10321 0.52853
-1.10919 0.528999
-1.11518 0.52929
-1.12118 0.5294
-1.12718 0.529331
-1.13318 0.529081
-1.13916 0.528652
-1.14513 0.528044
-1.15108 0.527256
-1.157 0.526306
-1.1629 0.525222
-1.16878 0.524021
-1.17463 0.522702
-1.18046 0.521267
-1.18626 0.519715
-1.19202 0.518048
-1.19775 0.516265
-1.20344 0.514369
-1.20909 0.512359
-1.21471 0.510236
-1.22028 0.508002
-1.2258 0.505657
-1.23127 0.503201
-1.2367 0.500637
-1.24207 0.497965
-1.25264 0.492288
-1.25781 0.489246
-1.26288 0.486038
-1.26783 0.482642
-1.27264 0.479052
-1.2773 0.475271
-1.2818 0.471308
-1.28614 0.467168
-1.29032 0.462857
-1.29431 0.458382
-1.29813 0.453752
-1.30176 0.448973
-1.30519 0.444052
-1.31147 0.433826
-1.31434 0.428559
-1.31705 0.423207
-1.3196 0.417776
-1.322 0.412278
-1.32428 0.406726
-1.32645 0.401131
-1.3285 0.395493
-1.33044 0.389815
-1.33226 0.3841
-1.33397 0.378349
-1.33557 0.372565
-1.33705 0.36675
-1.33841 0.360907
-1.33966 0.355038
-1.34079 0.349145
-1.3418 0.343231
-1.34269 0.337297
-1.34346 0.331347
-1.34412 0.325383
-1.34465 0.319407
-1.34507 0.313421
-1.34536 0.307429
-1.34554 0.301431
-1.34559 0.295431
-1.34553 0.289432
-1.34534 0.283435
-1.3446 0.271459
-1.34399 0.265489
-1.3432 0.259542
-1.34218 0.25363
-1.34092 0.247762
-1.33943 0.24195
-1.33771 0.236202
-1.33576 0.230527
-1.33359 0.224935
-1.33119 0.219434
-1.32858 0.214034
-1.32575 0.208742
-1.32271 0.203567
-1.31947 0.198519
-1.31603 0.193603
-1.31241 0.188821
-1.30863 0.184158
-1.30473 0.179601
-1.29664 0.170737
-1.2925 0.166391
-1.28834 0.162076
-1.28416 0.157772
-1.27997 0.153468
-1.27579 0.149164
-1.27161 0.14486
-1.26743 0.140556
-1.26743 0.140556
-1.26743 0.140556
-1.26743 0.140556
-1.26743 0.140556
-1.26743 0.140556
-1.26743 0.140556
-1.26743 0.140556
-1.26743 0.140556
-1.26743 0.140556
-1.26743 0.140556
-1.26743 0.140556
-1.26743 0.140556
-1.26743 0.140556
-1.26743 0.140556
-1.26743 0.140556
-1.26743 0.140556
-1.26743 0.140556
-1.26743 0.140556
-1.26743 0.140556
-1.26743 0.140556
-1.26743 0.140556
-1.26743 0.140556
-1.26743 0.140556
-1.26743 0.140556
-1.26743 0.140556
-1.26743 0.140556
-1.26743 0.140556
-1.26743 0.140556
-1.26743 0.140556
-1.26713 0.140161
-1.26651 0.139377
-1.26588 0.1386
-1.26492 0.137444
-1.26363 0.135916
-1.26233 0.1344
-1.26101 0.132897
-1.25967 0.131408
-1.25832 0.129932
-1.25696 0.12847
-1.25558 0.127021
-1.25418 0.125587
-1.25278 0.124166
-1.25135 0.122759
-1.24992 0.121367
-1.24847 0.119989
-1.24701 0.118626
-1.24553 0.117277
-1.24404 0.115944
-1.24254 0.114625
-1.24102 0.113321
-1.23949 0.112033
-1.23795 0.11076
-1.23639 0.109502
-1.23482 0.10826
-1.23165 0.10582
-1.23006 0.104609
-1.22847 0.103399
-1.22688 0.102188
-1.22529 0.100978
-1.22369 0.0997677
-1.2221 0.0985574
-1.22051 0.097347
-1.21892 0.0961366
-1.21732 0.0949263
-1.21573 0.0937159
-1.21414 0.0925055
-1.21255 0.0912951
-1.21096 0.0900848
-1.20936 0.0888744
-1.20777 0.087664
-1.20618 0.0864497
-1.2046 0.0852234
-1.20304 0.0839815
-1.20148 0.0827239
-1.19994 0.0814508
-1.19841 0.0801624
-1.19689 0.0788587
-1.19539 0.0775399
-1.1939 0.0762062
-1.19242 0.0748576
-1.19096 0.0734943
-1.18951 0.0721165
-1.18807 0.0707242
-1.18665 0.0693177
-1.18524 0.067897
-1.18385 0.0664622
-1.18247 0.0650137
-1.1811 0.0635514
-1.17975 0.0620789
-1.1784 0.060603
-1.17705 0.0591272
-1.1757 0.0576513
-1.17435 0.0561754
-1.173 0.0546996
-1.17165 0.0532237
-1.1703 0.0517479
-1.16862 0.049903
-1.16423 0.0451065
-1.16153 0.0421547
-1.15849 0.0388341
-1.15512 0.0351444
-1.14803 0.0273961
-1.14398 0.0229685
-1.13993 0.0185409
-1.13588 0.0141134
-1.13184 0.00968577
-1.12745 0.00488921
-1.11766 -0.00581079
-1.11226 -0.0117142
-1.10686 -0.0176177
-1.10113 -0.0238901
-1.09505 -0.0305315
-1.08864 -0.0375418
-1.08189 -0.0449212
-1.06806 -0.0600487
-1.06064 -0.068166
-1.05321 -0.0762832
-1.04579 -0.0844005
-1.03837 -0.0925177
-1.03094 -0.100635
-1.02352 -0.108752
-1.01609 -0.116869
-1.00865 -0.124968
-1.00115 -0.133011
-0.993541 -0.140959
-0.985799 -0.148773
-0.969835 -0.163908
-0.961565 -0.171161
-0.953081 -0.178163
-0.944391 -0.184908
-0.935503 -0.191388
-0.926424 -0.197599
-0.917163 -0.203535
-0.907729 -0.209191
-0.898128 -0.214561
-0.888371 -0.21964
-0.878467 -0.224425
-0.868423 -0.22891
-0.858249 -0.233092
-0.847954 -0.236967
-0.837547 -0.240532
-0.827039 -0.243782
-0.816437 -0.246717
-0.805752 -0.249331
-0.794994 -0.251624
-0.784172 -0.253594
-0.773295 -0.255237
-0.762374 -0.256554
-0.751419 -0.257543
-0.740439 -0.258203
-0.729444 -0.258533
-0.718444 -0.258533
-0.707449 -0.258203
-0.696468 -0.257543
-0.685513 -0.256554
-0.674592 -0.255237
-0.663716 -0.253594
-0.652893 -0.251624
-0.642135 -0.249331
-0.63145 -0.246717
-0.620849 -0.243782
-0.61034 -0.240532
-0.599934 -0.236967
-0.589639 -0.233092
-0.579465 -0.22891
-0.569421 -0.224425
-0.559516 -0.21964
-0.549759 -0.214561
-0.540159 -0.209191
-0.530724 -0.203535
-0.521463 -0.197599
-0.512369 -0.191411
-0.494577 -0.178472
-0.477113 -0.165093
-0.468423 -0.158349
-0.459733 -0.151604
-0.451043 -0.14486
-0.442353 -0.138116
-0.433663 -0.131371
-0.424973 -0.124627
-0.416284 -0.117883
-0.407594 -0.111139
-0.398904 -0.104394
-0.390214 -0.09765
-0.381524 -0.0909057
-0.372834 -0.0841614
-0.364144 -0.0774171
-0.355454 -0.0706728
-0.346764 -0.0639286
-0.338074 -0.0571843
-0.329384 -0.05044
-0.320695 -0.0436957
-0.312005 -0.0369514
-0.303315 -0.0302071
-0.294625 -0.0234628
-0.285935 -0.0167186
-0.277245 -0.00997428
-0.268555 -0.00322999
-0.259865 0.00351429
-0.251175 0.0102586
-0.242485 0.0170029
-0.233795 0.0237471
-0.225105 0.0304914
-0.216416 0.0372357
-0.207726 0.04398
-0.199036 0.0507243
-0.190346 0.0574686
-0.181656 0.0642129
-0.172966 0.0709571
-0.164276 0.0777014
-0.155586 0.0844457
-0.146896 0.09119
-0.138206 0.0979343
-0.129516 0.104679
-0.120826 0.111423
-0.112137 0.118167
-0.103447 0.124911
-0.0947567 0.131656
-0.0860668 0.1384
-0.0773769 0.145144
-0.068687 0.151889
-0.0599971 0.158633
-0.0513071 0.165377
-0.0426172 0.172121
-0.0339273 0.178866
-0.0252374 0.18561
-0.0165475 0.192354
-0.00785758 0.199099
0.000832337 0.205843
0.00952225 0.212587
0.0182122 0.219331
0.0269021 0.226076
0.035592 0.23282
0.0442819 0.239564
0.0529718 0.246309
0.0616617 0.253053
0.0616617 0.253053
0.0616617 0.253053
0.0616617 0.253053
0.0616617 0.253053
0.0616617 0.253053
0.0616617 0.253053
0.0616617 0.253053
0.0616617 0.253053
0.0616617 0.253053
0.0616617 0.253053
0.0616617 0.253053
0.0616617 0.253053
0.0616617 0.253053
0.0616617 0.253053
0.0616617 0.253053
0.0616617 0.253053
0.0616617 0.253053
0.0616617 0.253053
0.0616617 0.253053
0.0616617 0.253053
0.0616617 0.253053
0.0616617 0.253053
0.0616617 0.253053
0.0616617 0.253053
0.0616617 0.253053
0.0616617 0.253053
0.0616617 0.253053
0.0616617 0.253053
0.0616617 0.253053
0.0616617 0.253053
0.0616617 0.253053
0.0616617 0.253053
0.0616617 0.253053
0.0616617 0.253053
0.0616617 0.253053
0.0616617 0.253053
0.0616617 0.253053
0.0616617 0.253053
0.0616617 0.253053
0.0616617 0.253053
0.0616617 0.253053
0.0616617 0.253053
0.0616617 0.253053
0.0616617 0.253053
0.0616617 0.253053
0.0616617 0.253053
0.0616617 0.253053
0.0616617 0.253053
0.0616617 0.253053
0.0616617 0.253053
