0 0
0 0
0 0
0 0
0 0
0 0
0 0
0 0
0 0
0 0
0 0
0 0
0 0
0 0
0 0
0 0
0 0
0 0
0 0
0 0
0 0
0 0
0 0
0 0
0 0
0 0
0 0
0 0
0 0
0 0
0 0
0 0
0 0
0 0
0 0
0 0
0 0
0 0
0 0
0 0
0 0
0 0
0 0
0 0
0 0
0.000370932 -7.44997e-05
0.000368485 -7.44734e-05
0.000366042 -7.44456e-05
0.000363604 -7.44164e-05
0.00036117 -7.43861e-05
0.000358742 -7.43546e-05
0.000357118 -7.43328e-05
0.000354697 -7.42991e-05
0.000351486 -7.42521e-05
0.000349077 -7.42151e-05
0.000347466 -7.41895e-05
0.000344274 -7.41357e-05
0.000341881 -7.40931e-05
0.000339493 -7.40485e-05
0.000337111 -7.40018e-05
0.000334734 -7.3953e-05
0.000332363 -7.39023e-05
0.000330778 -7.38671e-05
0.000328417 -7.38126e-05
0.000336614 -8.67445e-05
0.000386748 -9.03273e-05
0.000487404 -9.37665e-05
0.000628657 -0.00010276
0.000832074 -0.000114529
0.00116071 -0.000137284
0.00132785 -0.000153777
0.00166192 -0.000196114
0.00183102 -0.000222501
0.00209776 -0.000271006
0.00253562 -0.000368871
0.00276304 -0.000428749
0.00321239 -0.000565876
0.00354782 -0.000685219
0.00388053 -0.000818472
0.00421 -0.000965726
0.00453567 -0.00112703
0.00475144 -0.00124297
0.00517314 -0.00149175
0.00548364 -0.00169504
0.00578774 -0.00191212
0.00608473 -0.00214278
0.00627935 -0.0023048
0.00665432 -0.00264374
0.00692532 -0.00291321
0.00718597 -0.0031946
0.00735406 -0.00338911
0.00767066 -0.00378783
0.00782086 -0.00399426
0.00809862 -0.00441136
0.00828894 -0.00472953
0.00846332 -0.00505219
0.00862249 -0.00537976
0.00876818 -0.0057137
0.00888447 -0.00604502
0.00887186 -0.00625172
0.00889799 -0.00722388
0.0090421 -0.00777505
0.00925957 -0.00867627
0.00931105 -0.00891728
0.00939297 -0.00938039
0.00942526 -0.00961615
0.0094714 -0.0100878
0.00949018 -0.0104451
0.0094953 -0.010682
0.00948688 -0.0111484
0.0094733 -0.0113859
0.0094412 -0.011742
0.00939471 -0.0120992
0.00931029 -0.012575
0.00925787 -0.0128145
0.00913402 -0.0132887
0.00902344 -0.0136433
0.00889782 -0.0139954
0.00875719 -0.0143443
0.00860161 -0.0146891
0.00843124 -0.0150289
0.00830895 -0.0152534
0.00804752 -0.0156895
0.00783571 -0.016007
0.00761186 -0.0163139
0.00745604 -0.0165125
0.00713579 -0.0168879
0.00696914 -0.0170672
0.00662734 -0.0174044
0.00636152 -0.0176421
0.00609961 -0.0178562
0.00590939 -0.0178719
0.00546788 -0.0177677
0.00463321 -0.0180615
0.00390249 -0.0185038
0.00351324 -0.0187275
0.00330747 -0.0188387
0.00288779 -0.0190452
0.00267121 -0.0191414
0.00223227 -0.0193166
0.00200691 -0.0193966
0.00162068 -0.0195192
0.0014591 -0.0195652
0.00120701 -0.0196312
0.0011166 -0.0196534
0.000993018 -0.0196829
0.000930753 -0.0196972
0.000806057 -0.0197245
0.000742679 -0.0197378
0.000615748 -0.0197631
0.000551239 -0.0197753
0.00045425 -0.0197929
0.000356416 -0.0198096
0.000224995 -0.0198306
0.00015823 -0.0198406
2.45921e-05 -0.0198593
-4.3282e-05 -0.019868
-0.000179104 -0.0198843
-0.000248068 -0.0198918
-0.000386033 -0.0199056
-0.000490688 -0.0199147
-0.000561244 -0.0199203
-0.00149582 -0.0199493
-0.00259775 -0.019969
-0.00419042 -0.0199795
-0.00628826 -0.0199709
-0.00840515 -0.0199409
-0.0105273 -0.0198894
-0.0126545 -0.0198162
-0.0147862 -0.0197211
-0.0169219 -0.019604
-0.0190605 -0.0194647
-0.0212009 -0.019303
-0.0226354 -0.0191823
-0.0254813 -0.0189135
-0.0277583 -0.0186706
-0.0305175 -0.0183479
-0.0336272 -0.0179521
-0.0367199 -0.0175275
-0.0397256 -0.0170875
-0.0424612 -0.0166738
-0.0453298 -0.0162096
-0.0473494 -0.0158702
-0.0513496 -0.015157
-0.0533735 -0.014778
-0.0573891 -0.0139926
-0.0603987 -0.0133745
-0.0633934 -0.0127307
-0.0663725 -0.0120593
-0.0693101 -0.011365
-0.0722186 -0.0106453
-0.0741542 -0.0101487
-0.07797 -0.00912395
-0.0798758 -0.00858722
-0.0836912 -0.00746435
-0.0856036 -0.00688746
-0.0894124 -0.00573274
-0.0913339 -0.00514882
-0.0951559 -0.00398508
-0.0970852 -0.00339656
-0.100921 -0.0022236
-0.102856 -0.0016304
-0.106701 -0.00044841
-0.10864 0.000149112
-0.11249 0.00133838
-0.115382 0.00223414
-0.118271 0.00313033
-0.121155 0.0040266
-0.124037 0.00492109
-0.126914 0.00581359
-0.129718 0.00668216
-0.132398 0.00750825
-0.134305 0.00809433
-0.137152 0.00896793
-0.140434 0.00997201
-0.145463 0.0115062
-0.148313 0.0123728
-0.154481 0.0142441
-0.15768 0.0152125
-0.164031 0.0171305
-0.168803 0.0185672
-0.173486 0.0199752
-0.17776 0.0212801
-0.182072 0.0226347
-0.186783 0.0241393
-0.189969 0.0251591
-0.196306 0.0271921
-0.199506 0.0282207
-0.204287 0.0297611
-0.209072 0.0313067
-0.217057 0.0338928
-0.220207 0.0349148
-0.223405 0.0359501
-0.229626 0.0379625
-0.234351 0.0394859
-0.23909 0.0410106
-0.243829 0.042533
-0.248574 0.0440532
-0.253325 0.0455721
-0.258077 0.0470879
-0.26138 0.0481396
-0.268494 0.0504052
-0.272049 0.051548
-0.27881 0.0537842
-0.282484 0.0550335
-0.290029 0.0576085
-0.293837 0.0589113
-0.30141 0.0615083
-0.307111 0.0634685
-0.312808 0.0654313
-0.318498 0.0673932
-0.324161 0.0693427
-0.327874 0.0706196
-0.333533 0.0725605
-0.339187 0.0744973
-0.346717 0.0770692
-0.350514 0.0783638
-0.358053 0.0809288
-0.36185 0.0822173
-0.369229 0.0847207
-0.372713 0.085918
-0.379941 0.0884545
-0.383726 0.0897913
-0.391254 0.0924556
-0.396927 0.0944685
-0.402606 0.0964883
-0.408283 0.0985118
-0.413953 0.100536
-0.419615 0.102553
-0.423325 0.103874
-0.430797 0.106528
-0.434571 0.107866
-0.44207 0.110519
-0.445852 0.111854
-0.453363 0.114501
-0.457146 0.115831
-0.464592 0.118443
-0.469813 0.120296
-0.47518 0.122242
-0.480808 0.124296
-0.484583 0.125677
-0.490228 0.127745
-0.495882 0.12982
-0.503406 0.13259
-0.507193 0.133986
-0.512839 0.136068
-0.520244 0.138794
-0.525839 0.140848
-0.53145 0.142904
-0.537066 0.144958
-0.542689 0.14701
-0.548315 0.14906
-0.553941 0.151106
-0.559549 0.153139
-0.564843 0.15507
-0.570082 0.157021
-0.573816 0.158428
-0.581278 0.161243
-0.585044 0.162667
-0.592534 0.165505
-0.598169 0.167646
-0.6038 0.169789
-0.609424 0.171929
-0.613178 0.173356
-0.620522 0.176143
-0.624267 0.17756
-0.631703 0.180371
-0.635454 0.181785
-0.642907 0.184591
-0.648512 0.186696
-0.652266 0.188103
-0.659505 0.190818
-0.664667 0.192789
-0.670162 0.194921
-0.673905 0.196377
-0.681347 0.199278
-0.685104 0.200745
-0.692568 0.203666
-0.696328 0.20514
-0.703781 0.208066
-0.707531 0.209536
-0.714836 0.212397
-0.718569 0.213854
-0.725975 0.216741
-0.731551 0.218909
-0.737132 0.221077
-0.740873 0.222527
-0.748298 0.225398
-0.753777 0.227515
-0.757229 0.228862
-0.764291 0.23167
-0.769853 0.233898
-0.775425 0.236135
-0.779165 0.237638
-0.784753 0.239889
-0.790343 0.242145
-0.797769 0.245148
-0.801506 0.246658
-0.807006 0.248878
-0.8125 0.25109
-0.819876 0.254053
-0.823594 0.255544
-0.830985 0.258502
-0.836546 0.260723
-0.842106 0.26294
-0.847632 0.265138
-0.852816 0.267216
-0.858048 0.269355
-0.861753 0.270882
-0.867297 0.273169
-0.87285 0.275465
-0.878413 0.27777
-0.88398 0.280081
-0.891378 0.283158
-0.8951 0.284707
-0.902398 0.287739
-0.907876 0.290008
-0.911576 0.291538
-0.918925 0.294573
-0.922632 0.2961
-0.928169 0.298379
-0.933708 0.300654
-0.939245 0.302923
-0.944649 0.305138
-0.951467 0.307981
-0.955118 0.309526
-0.962459 0.31264
-0.966163 0.314214
-0.97353 0.317351
-0.979074 0.319718
-0.982787 0.321305
-0.990147 0.324453
-0.995641 0.3268
-1.00105 0.329105
-1.00655 0.331443
-1.01205 0.333779
-1.01756 0.336113
-1.02307 0.338446
-1.02859 0.340775
-1.0341 0.343098
-1.03775 0.344633
-1.04287 0.346807
-1.0481 0.349071
-1.05537 0.352222
-1.05901 0.353778
-1.06623 0.356756
-1.07167 0.358871
-1.07712 0.360847
-1.08261 0.36266
-1.08815 0.364311
-1.09373 0.365797
-1.0975 0.366698
-1.10503 0.368259
-1.10878 0.368922
-1.11593 0.369958
-1.12133 0.370579
-1.12698 0.371066
-1.13264 0.371383
-1.13832 0.37153
-1.14401 0.371505
-1.1497 0.371307
-1.1554 0.370935
-1.15922 0.370588
-1.16491 0.369925
-1.17059 0.369088
-1.17623 0.368078
-1.18186 0.366906
-1.18746 0.365616
-1.19309 0.364201
-1.20054 0.362147
-1.20612 0.360473
-1.21168 0.358686
-1.21721 0.356786
-1.22272 0.354776
-1.22639 0.353367
-1.23363 0.350425
-1.23724 0.348871
-1.24435 0.34565
-1.24787 0.343965
-1.25441 0.340664
-1.2575 0.338998
-1.26391 0.335374
-1.26719 0.333428
-1.27356 0.329419
-1.27668 0.327307
-1.28268 0.322909
-1.28704 0.319385
-1.28988 0.316922
-1.29534 0.311797
-1.29926 0.307746
-1.30302 0.303538
-1.30659 0.299198
-1.30984 0.294908
-1.31303 0.290366
-1.31607 0.28565
-1.31801 0.282407
-1.32169 0.275772
-1.32344 0.272351
-1.32594 0.267171
-1.32909 0.260095
-1.33134 0.25467
-1.33348 0.249192
-1.33552 0.24367
-1.33682 0.239953
-1.33921 0.232683
-1.34082 0.227472
-1.34243 0.22192
-1.34395 0.216296
-1.34532 0.210781
-1.3466 0.205145
-1.34739 0.201356
-1.34881 0.1938
-1.34974 0.188087
-1.35056 0.182346
-1.35126 0.176579
-1.35184 0.17079
-1.3523 0.164991
-1.35254 0.161106
-1.35286 0.153671
-1.35297 0.150022
-1.35305 0.142342
-1.35298 0.136529
-1.35279 0.130735
-1.35246 0.124978
-1.35196 0.119264
-1.35152 0.115464
-1.35035 0.107979
-1.34961 0.104227
-1.34785 0.0968364
-1.34681 0.093156
-1.34453 0.0861058
-1.34263 0.0809952
-1.34046 0.0757858
-1.3381 0.0706852
-1.33555 0.0656984
-1.33292 0.0610398
-1.33029 0.056852
-1.32751 0.052848
-1.32432 0.0486643
-1.32072 0.0442259
-1.31821 0.0412526
-1.31309 0.0353523
-1.30917 0.0309261
-1.30536 0.0266145
-1.30144 0.0221654
-1.2975 0.0176884
-1.29355 0.0132014
-1.29088 0.0101602
-1.29087 0.0101508
-1.29088 0.0101583
-1.29089 0.0101733
-1.29089 0.0101808
-1.2909 0.0101957
-1.29091 0.010207
-1.29088 0.0101831
-1.29083 0.0101248
-1.29079 0.0100846
-1.29072 0.0100031
-1.29068 0.00996123
-1.2906 0.00987597
-1.29056 0.00983194
-1.29049 0.00974238
-1.29043 0.00967299
-1.29038 0.00960169
-1.29032 0.00952828
-1.29028 0.00947787
-1.2902 0.00937469
-1.29015 0.00929429
-1.29009 0.00921135
-1.29005 0.00915433
-1.29001 0.00910052
-1.29 0.00908889
-1.29001 0.00911092
-1.29005 0.00917166
-1.2901 0.00923996
-1.29014 0.00930865
-1.29018 0.00935492
-1.29005 0.00917175
-1.28964 0.00857866
-1.28886 0.00747605
-1.28831 0.0067095
-1.28681 0.00467635
-1.28604 0.00364902
-1.28448 0.00162036
-1.28369 0.000603834
-1.28209 -0.00140304
-1.28087 -0.00290214
-1.27963 -0.00439257
-1.27837 -0.00587408
-1.2771 -0.00734624
-1.27582 -0.00880897
-1.27451 -0.010262
-1.27319 -0.0117052
-1.27186 -0.0131378
-1.2705 -0.0145596
-1.26959 -0.0155058
-1.26776 -0.0173681
-1.26682 -0.0182978
-1.26495 -0.0201258
-1.26353 -0.0214845
-1.26209 -0.0228292
-1.26064 -0.0241594
-1.25916 -0.0254965
-1.25764 -0.0268578
-1.25612 -0.0282145
-1.25461 -0.0295641
-1.25312 -0.030893
-1.25177 -0.0320905
-1.25104 -0.0327443
-1.24971 -0.0339046
-1.24858 -0.0348652
-1.24728 -0.0359683
-1.24654 -0.0366006
-1.24548 -0.0375414
-1.24471 -0.0382408
-1.24382 -0.0390577
-1.24265 -0.0401518
-1.24125 -0.0414662
-1.23982 -0.0428107
-1.23886 -0.0437258
-1.23693 -0.0455929
-1.23596 -0.0465453
-1.23405 -0.0484586
-1.2331 -0.0494342
-1.23123 -0.0513944
-1.23029 -0.052394
-1.22844 -0.0544022
-1.22752 -0.0554259
-1.2257 -0.0574825
-1.2248 -0.0585307
-1.22301 -0.0606355
-1.22213 -0.0617079
-1.22038 -0.0638606
-1.21951 -0.064957
-1.2178 -0.0671572
-1.21694 -0.0682773
-1.2153 -0.0704857
-1.21409 -0.0721115
-1.21289 -0.0737408
-1.21169 -0.0753734
-1.21088 -0.0764689
-1.20968 -0.0781062
-1.20848 -0.0797454
-1.20679 -0.0820433
-1.20579 -0.0834122
-1.20324 -0.0868881
-1.20178 -0.0888908
-1.1985 -0.0933625
-1.19592 -0.0968655
-1.1933 -0.100352
-1.19014 -0.104459
-1.1877 -0.107622
-1.18283 -0.11391
-1.18038 -0.117075
-1.17509 -0.123888
-1.17103 -0.129172
-1.16663 -0.135009
-1.16176 -0.141513
-1.15658 -0.14844
-1.1511 -0.155788
-1.14532 -0.163548
-1.13933 -0.171588
-1.13531 -0.176974
-1.12702 -0.187975
-1.12039 -0.196724
-1.11594 -0.202581
-1.10721 -0.214093
-1.10277 -0.219961
-1.09396 -0.231635
-1.08951 -0.237531
-1.08069 -0.249212
-1.07402 -0.257893
-1.06733 -0.266344
-1.06275 -0.271946
-1.05579 -0.280154
-1.04877 -0.288042
-1.03901 -0.298339
-1.03392 -0.303396
-1.02349 -0.313152
-1.01538 -0.320231
-1.00705 -0.327081
-0.998506 -0.333686
-0.989862 -0.339973
-0.981135 -0.345945
-0.972252 -0.351633
-0.963092 -0.357113
-0.953755 -0.362321
-0.944246 -0.367251
-0.93778 -0.370398
-0.924752 -0.376255
-0.918164 -0.378979
-0.904966 -0.384022
-0.898172 -0.386396
-0.88453 -0.390721
-0.87416 -0.393622
-0.863714 -0.396206
-0.853272 -0.398453
-0.842756 -0.400378
-0.832404 -0.401962
-0.825323 -0.402879
-0.811172 -0.404283
-0.800471 -0.40497
-0.789728 -0.405337
-0.782511 -0.405403
-0.768164 -0.405106
-0.757435 -0.404514
-0.74691 -0.403642
-0.736227 -0.402445
-0.72564 -0.400948
-0.718577 -0.399767
-0.704623 -0.396997
-0.697626 -0.395383
-0.687234 -0.392704
-0.676933 -0.389709
-0.663425 -0.38527
-0.656666 -0.382828
-0.643369 -0.377575
-0.63349 -0.373275
-0.626942 -0.37023
-0.61414 -0.363855
-0.608044 -0.360633
-0.595601 -0.35377
-0.586088 -0.348446
-0.576531 -0.343094
-0.570114 -0.339502
-0.557344 -0.332356
-0.550893 -0.328749
-0.538061 -0.32158
-0.531596 -0.31797
-0.518903 -0.310875
-0.512571 -0.307316
-0.499974 -0.300226
-0.490431 -0.294867
-0.480868 -0.289497
-0.471279 -0.284116
-0.46484 -0.280504
-0.452027 -0.273323
-0.442382 -0.267921
-0.432773 -0.262539
-0.426486 -0.259006
-0.413905 -0.251901
-0.407533 -0.248313
-0.394839 -0.241165
-0.385268 -0.235778
-0.375671 -0.230379
-0.366048 -0.22497
-0.356409 -0.219555
-0.346778 -0.214149
-0.340403 -0.210563
-0.33097 -0.20523
-0.321536 -0.199894
-0.308858 -0.192736
-0.299304 -0.187343
-0.289724 -0.181938
-0.280118 -0.176522
-0.27049 -0.171098
-0.260858 -0.165675
-0.251288 -0.160284
-0.241874 -0.154953
-0.232447 -0.149603
-0.222929 -0.144215
-0.21654 -0.140599
-0.206985 -0.135194
-0.197404 -0.129776
-0.184623 -0.122555
-0.178172 -0.118913
-0.165381 -0.111696
-0.155965 -0.106365
-0.146501 -0.100976
-0.137041 -0.0956059
-0.130662 -0.0919861
-0.117971 -0.0847866
-0.11156 -0.0811518
-0.0988006 -0.0739217
-0.0923576 -0.0702736
-0.0827359 -0.0648291
-0.0700435 -0.0576423
-0.0606173 -0.0522705
-0.0543197 -0.0486799
-0.0416907 -0.0414959
-0.0353077 -0.0378657
-0.0226044 -0.0306442
-0.0161877 -0.0269984
-0.00341757 -0.019748
0.00295456 -0.0161469
0.00398654 -0.0155788
0.00402909 -0.0155542
0.00407148 -0.0155297
0.0041138 -0.0155052
0.0041561 -0.0154807
0.00419839 -0.0154563
0.00424071 -0.0154319
0.00428306 -0.0154074
0.00431145 -0.015391
0.00436788 -0.0153585
0.00441037 -0.0153341
0.00445292 -0.0153096
0.00449552 -0.0152851
0.00453818 -0.0152606
0.0045809 -0.0152361
0.00460956 -0.0152197
0.00466653 -0.015187
0.00469527 -0.0151706
0.0047524 -0.0151379
0.00479542 -0.0151133
0.00482428 -0.0150968
0.00488165 -0.0150641
0.00492486 -0.0150395
0.00496813 -0.0150149
0.00499715 -0.0149983
0.00504052 -0.0149737
0.00509829 -0.0149409
0.00514179 -0.0149162
0.00517097 -0.0148996
0.00517097 -0.0148996
0.00517097 -0.0148996
0.00517097 -0.0148996
0.00517097 -0.0148996
0.00517097 -0.0148996
0.00517097 -0.0148996
0.00517097 -0.0148996
0.00517097 -0.0148996
0.00517097 -0.0148996
0.00517097 -0.0148996
0.00517097 -0.0148996
0.00517097 -0.0148996
0.00517097 -0.0148996
0.00517097 -0.0148996
0.00517097 -0.0148996
0.00517097 -0.0148996
0.00517097 -0.0148996
0.00517097 -0.0148996
0.00517097 -0.0148996
