3 3
3 3
3 3
3 3
3 3
3 3
3 3
3 3
3 3
3 3
3 3
3 3
3 3
3 3
3 3
3 3
3 3
3 3
3 3
3 3
3 3
3 3
3 3
3 3
3 3
3 3
3 3
3 3
3 3
3 3
3 3
3 3
3 3
3 3
3 3
3 3
3 3
3 3
3 3
3 3
3 3
3 3
3 3
3 3
3 3
3 3
3 3
3 3
3 3
3 3
3 3
3 3
3 3
3 3
3 3
3 3
3 3
3 3
3 3
3 3
3 3
3 3
3 3
3 3
3 3
3 3
3 3
3 3
3 3
3 3
3 3
3 3
3 3
3 3
3 3
3 3
3 3
3 3
3 3
3 3
3 3
3 3
3 3
3 3
3 3
3 3
3 3
3 3
3 3
3 3
3 3
3 3
3 3
3 3
3 3
3 3
3 3
3 3
3 3
3 3
3 3
3 3
3 3
3 3
3 3
3 3
3 3
3 3
3 3
3 3
3 3
3 3
3 3
3 3
3 3
3 3
3 3
3 3
3 3
3 3
3 3
3 3
3 3
3 3
3 3
3 3
3 3
3 3
3 3
3 3
3 3
3 3
3 3
3 3
3 3
3 3
3 3
3 3
3 3
3 3
3 3
3 3
3 3
3 3
3 3
3 3
3 3
3 3
3 3
3 3
3 3
3 3
3 3
3 3
3 3
3 3
3 3
3 3
3 3
3 3
3 3
3 3
3 3
3 3
3 3
3 3
3 3
3 3
3 3
3 3
3 3
3 3
3 3
3 3
3 3
3 3
3 3
3 3
3 3
3 3
3 3
3 3
3 3
3 3
3 3
3 3
3 3
3 3
3 3
3 3
3 3
3 3
3 3
3 3
3 3
3 3
3 3
3 3
3 3
3 3
3 3
3 3
3 3
3 3
3 3
3 3
3 3
3 3
3 3
3 3
3 3
3 3
3 3
3 3
3 3
3 3
3 3
3 3
3 3
3 3
3 3
3 3
3 3
3 3
3 3
3 3
3 3
3 3
3 3
3 3
3 3
3 3
3 3
3 3
3 3
3 3
3 3
3 3
3 3
3 3
3 3
3 3
3 3
3 3
3 3
3 3
3 3
3 3
3 3
3 3
3 3
3 3
3 3
3 3
3 3
3 3
3 3
3 3
3 3
3 3
3 3
3 3
3 3
3 3
3 3
3 3
3 3
3 3
3 3
3 3
3 3
3 3
3 3
3 3
3 3
3 3
3 3
3 3
3 3
3 3
3 3
3 3
3 3
3 3
3 3
3 3
3 3
3 3
3 3
3 3
3 3
3 3
3 3
3 3
3 3
3 3
3 3
3 3
3 3
3 3
3 3
3 3
3 3
3 3
3 3
3 3
3 3
3 3
3 3
3 3
3 3
3 3
3 3
3 3
3 3
3 3
3 3
3 3
3 3
3 3
3 3
3 3
3 3
3 3
3 3
3 3
3 3
3 3
3 3
3 3
3 3
3 3
3 3
3 3
3 3
3 3
3 3
3 3
3 3
3 3
3 3
3 3
3 3
3 3
3 3
3 3
3 3
3 3
3 3
3 3
3 3
3 3
3 3
3 3
3 3
3 3
3 3
3 3
3 3
3 3
3 3
3 3
3 3
3 3
3 3
3 3
3 3
3 3
3 3
3 3
3 3
3 3
3 3
3 3
3 3
3 3
3 3
3 3
3 3
3 3
3 3
3 3
3 3
3 3
3 3
3 3
3 3
3 3
3 3
3 3
3 3
3 3
3 3
3 3
3 3
3 3
3 3
3 3
3 3
3 3
3 3
3 3
3 3
3 3
3 3
3 3
3 3
3 3
3 3
3 3
3 3
3 3
3 3
3 3
3 3
3 3
3 3
3 3
3 3
3 3
3 3
3 3
3 3
3 3
3 3
3 3
3 3
3 3
3 3
3 3
3 3
3 3
3 3
3 3
3 3
3 3
3 3
3 3
3 3
3 3
3 3
3 3
3 3
3 3
3 3
3 3
3 3
3 3
3 3
3 3
3 3
3 3
3 3
3 3
3 3
3 3
3 3
3 3
3 3
3 3
3 3
3 3
3 3
3 3
3 3
3 3
3 3
3 3
3 3
3 3
3 3
3 3
3 3
3 3
3 3
3 3
3 3
3 3
3 3
3 3
3 3
3 3
3 3
3 3
3 3
3 3
3 3
3 3
3 3
3 3
3 3
3 3
3 3
3 3
3 3
3 3
3 3
3 3
3 3
3 3
3 3
3 3
3 3
3 3
3 3
3 3
3 3
3 3
3 3
3 3
3 3
3 3
3 3
3 3
3 3
3 3
3 3
3 3
3 3
3 3
3 3
3 3
3 3
3 3
3 3
3 3
3 3
3 3
3 3
3 3
3 3
3 3
3 3
3 3
3 3
3 3
3 3
3 3
3 3
3 3
3 3
3 3
3 3
3 3
3 3
3 3
3 3
3 3
3 3
3 3
3 3
3 3
3 3
3 3
3 3
3 3
3 3
3 3
3 3
3 3
3 3
3 3
3 3
3 3
3 3
3 3
3 3
3 3
3 3
3 3
3 3
3 3
3 3
3 3
3 3
3 3
3 3
3 3
3 3
3 3
3 3
3 3
3 3
3 3
3 3
3 3
3 3
3 3
3 3
3 3
3 3
3 3
3 3
3 3
3 3
3 3
3 3
3 3
3 3
3 3
3 3
3 3
3 3
3 3
3 3
3 3
3 3
3 3
3 3
3 3
3 3
3 3
3 3
3 3
3 3
3 3
3 3
3 3
3 3
3 3
3 3
3 3
3 3
3 3
3 3
3 3
3 3
3 3
3 3
3 3
3 3
3 3
3 3
3 3
3 3
3 3
3 3
3 3
3 3
3 3
3 3
3 3
3 3
3 3
3 3
3 3
3 3
3 3
3 3
3 3
3 3
3 3
3 3
3 3
3 3
3 3
3 3
3 3
3 3
3 3
3 3
3 3
3 3
3 3
3 3
3 3
3 3
3 3
3 3
3 3
3 3
3 3
3 3
3 3
3 3
3 3
3 3
3 3
3 3
3 3
3 3
3 3
3 3
3 3
3 3
3 3
3 3
3 3
3 3
3 3
3 3
3 3
3 3
3 3
3 3
3 3
3 3
3 3
3 3
3 3
3 3
3 3
3 3
3 3
3 3
3 3
3 3
3 3
3 3
3 3
3 3
3 3
3 3
3 3
3 3
3 3
3 3
3 3
3 3
3 3
3 3
3 3
3 3
3 3
3 3
3 3
3 3
3 3
3 3
3 3
3 3
3 3
3 3
3 3
3 3
3 3
3 3
3 3
3 3
3 3
3 3
3 3
3 3
3 3
3 3
3 3
3 3
3 3
3 3
3 3
3 3
3 3
3 3
3 3
3 3
3 3
3 3
3 3
3 3
3 3
3 3
3 3
3 3
3 3
3 3
3 3
3 3
3 3
3 3
3 3
3 3
3 3
3 3
3 3
3 3
3 3
3 3
3 3
3 3
3 3
3 3
3 3
3 3
3 3
3 3
3 3
3 3
3 3
3 3
2.98612 2.99613
3.0052 2.99768
3.00025 3.00029
3.01929 3.00254
3.02846 2.99822
3.04571 3.00017
3.0542 2.99728
3.07111 3.00003
3.09459 3.00763
3.11174 3.01115
3.12073 3.00378
3.13641 3.00763
3.14905 3.0149
3.1653 3.01943
3.17885 3.02723
3.1955 3.03258
3.22037 3.03576
3.23761 3.04175
3.25369 3.04609
3.27122 3.05268
3.28672 3.05637
3.30548 3.064
3.32404 3.07324
3.34393 3.08164
3.36252 3.08829
3.38276 3.09679
3.40324 3.1085
3.42347 3.11712
3.4417 3.12421
3.46191 3.13288
3.48252 3.13601
3.50275 3.14467
3.52912 3.15235
3.54937 3.16097
3.5688 3.17767
3.589 3.18636
3.60604 3.18941
3.62626 3.19806
3.64601 3.21057
3.6662 3.21925
3.69063 3.2251
3.7107 3.23393
3.73039 3.24717
3.75039 3.25605
3.77016 3.26099
3.78793 3.2691
3.80552 3.27959
3.82355 3.28828
3.83444 3.29452
3.85234 3.30364
3.87155 3.30896
3.8894 3.31855
3.91144 3.32955
3.93071 3.34007
3.9526 3.35084
3.97064 3.36093
3.98936 3.37568
4.00598 3.38547
4.01932 3.39339
4.0359 3.40353
4.05079 3.40971
4.06725 3.42015
4.08147 3.43149
4.09831 3.44279
4.11862 3.45351
4.13542 3.46527
4.1517 3.47236
4.16891 3.48486
4.18659 3.50024
4.20314 3.51267
4.21971 3.52573
4.23684 3.53887
4.25577 3.55024
4.27268 3.56363
4.28439 3.57252
4.30138 3.58613
4.32105 3.6069
4.33801 3.62082
4.3536 3.62982
4.37059 3.64371
4.38591 3.65911
4.40277 3.67308
4.4252 3.68743
4.44184 3.70136
4.45376 3.71867
4.46983 3.73224
4.48768 3.74321
4.50353 3.75635
4.51543 3.77372
4.53226 3.78754
4.55038 3.79584
4.5673 3.80971
4.58401 3.8253
4.59942 3.8379
4.61717 3.84768
4.62886 3.85759
4.64509 3.87183
4.65684 3.88234
4.66624 3.88986
4.67782 3.90097
4.69425 3.91482
4.70601 3.92662
4.71274 3.92969
4.72424 3.94201
4.73747 3.95517
4.74895 3.96829
4.75884 3.9813
4.77038 3.99507
4.7858 4.01215
4.79712 4.02649
4.80559 4.03883
4.80679 4.04047
4.81995 4.0524
4.82529 4.06062
4.82862 4.06886
4.84008 4.0864
4.84708 4.09287
4.85723 4.11028
4.85647 4.10793
4.86454 4.12727
4.86642 4.14047
4.87344 4.16119
4.88766 4.18483
4.89442 4.20457
4.89802 4.22389
4.90511 4.24355
4.9069 4.25716
4.91432 4.27688
4.92265 4.30548
4.93041 4.3252
4.94339 4.34055
4.95145 4.36029
4.95941 4.37991
4.96779 4.39975
4.97181 4.4175
4.98058 4.4373
4.9846 4.46008
4.99346 4.47999
5.01106 4.49628
5.02005 4.51606
5.02368 4.54292
5.0328 4.56281
5.04101 4.58512
5.05027 4.60486
5.06245 4.61579
5.07202 4.63544
5.08192 4.65901
5.09153 4.67878
5.09839 4.69654
5.10807 4.71627
5.118 4.7429
5.12779 4.76258
5.13673 4.77454
5.1465 4.79424
5.15838 4.8146
5.16818 4.83429
5.17894 4.85355
5.18877 4.87323
5.18863 4.90024
5.19834 4.91997
5.21108 4.93798
5.22077 4.95749
5.23957 4.97217
5.24949 4.9917
5.25235 5.00781
5.26229 5.02733
5.27306 5.04677
5.28311 5.06632
5.30147 5.08877
5.31133 5.10833
5.3158 5.12953
5.32546 5.14896
5.33153 5.16914
5.34132 5.18884
5.3511 5.2067
5.36073 5.22632
5.36818 5.24626
5.37796 5.26559
5.39122 5.29172
5.40108 5.31106
5.41611 5.31113
5.42638 5.33021
5.43376 5.35874
5.44007 5.37144
5.4489 5.39821
5.45445 5.40922
5.47053 5.40724
5.47216 5.40995
5.47132 5.43653
5.47301 5.43941
5.47249 5.4508
5.4746 5.45385
5.47481 5.45384
5.47728 5.45683
5.47403 5.46013
5.47694 5.46301
5.48203 5.46699
5.48531 5.4697
5.49738 5.48046
5.50105 5.48292
5.4979 5.47468
5.50219 5.47697
5.49949 5.49871
5.504 5.5006
5.51676 5.5029
5.52206 5.50448
5.52706 5.51313
5.53266 5.51409
5.53647 5.51043
5.54282 5.51085
5.55693 5.51007
5.56345 5.50973
5.55643 5.52138
5.56315 5.52031
5.5801 5.51986
5.58757 5.51758
5.59833 5.51983
5.60643 5.51625
5.62006 5.50488
5.6289 5.49926
5.63106 5.51019
5.63971 5.50297
5.66045 5.49071
5.66894 5.48092
5.67689 5.46843
5.68466 5.45587
5.70375 5.44474
5.70983 5.42883
5.7085 5.42893
5.71362 5.40828
5.72867 5.37496
5.73495 5.35467
5.7306 5.35439
5.73707 5.33451
5.74429 5.32603
5.75053 5.30614
5.75428 5.28633
5.76031 5.26636
5.77024 5.23803
5.7757 5.2179
5.78289 5.21424
5.78817 5.19401
5.78574 5.16836
5.79075 5.14806
5.79903 5.12199
5.80381 5.10162
5.80801 5.0791
5.81248 5.05867
5.82197 5.02832
5.82574 5.0077
5.83074 4.99127
5.83452 4.97061
5.83821 4.95232
5.84021 4.94029
5.8491 4.92274
5.85138 4.90585
5.85732 4.88624
5.85932 4.86683
5.85262 4.8476
5.85245 4.82908
5.8646 4.80656
5.86238 4.78827
5.85697 4.77571
5.85259 4.75802
5.8546 4.73048
5.84815 4.71302
5.8388 4.69762
5.82991 4.67961
5.82328 4.66402
5.81308 4.6473
5.81103 4.62741
5.79965 4.6124
5.79116 4.58962
5.77873 4.57672
5.76595 4.56045
5.75261 4.54902
5.73109 4.54235
5.71816 4.53345
5.70932 4.5183
5.69305 4.50926
5.67571 4.48947
5.66539 4.48448
5.65026 4.48007
5.63833 4.47502
5.61973 4.47589
5.60744 4.47084
5.59168 4.46453
5.57742 4.45921
5.56948 4.44842
5.55472 4.44351
5.53623 4.43687
5.51991 4.43204
5.50777 4.42437
5.49006 4.4198
5.46562 4.42065
5.4464 4.41624
5.43525 4.40527
5.4147 4.40107
5.38634 4.40354
5.36497 4.39948
5.34629 4.39066
5.32487 4.38657
5.30452 4.38131
5.28337 4.37722
5.26571 4.37134
5.24525 4.36711
5.2243 4.36985
5.20399 4.36528
5.18153 4.36404
5.16335 4.35949
5.154 4.35559
5.14167 4.35237
5.11129 4.34167
5.10027 4.33807
5.09531 4.33547
5.08491 4.33173
5.07386 4.33436
5.06297 4.33001
5.04957 4.32254
5.03217 4.31489
5.02247 4.31329
5.00507 4.30515
4.9955 4.3048
4.97802 4.29665
4.95835 4.2868
4.94099 4.27854
4.91914 4.26653
4.90199 4.25776
4.89642 4.24796
4.8794 4.23872
4.85338 4.23292
4.83643 4.22323
4.81796 4.2101
4.80121 4.2
4.79122 4.19117
4.77457 4.18063
4.75368 4.17442
4.73718 4.16349
4.72547 4.15486
4.70918 4.14353
4.69097 4.13245
4.67477 4.12073
4.65972 4.10715
4.64375 4.09504
4.62691 4.08146
4.61109 4.06901
4.59496 4.05885
4.57934 4.04606
4.56341 4.03469
4.5479 4.02158
4.53152 4.00803
4.51621 3.99461
4.50244 3.97888
4.48734 3.96514
4.47428 3.95563
4.45941 3.94151
4.44081 3.92657
4.42614 3.9121
4.4097 3.8956
4.39518 3.88086
4.38296 3.86749
4.36858 3.85247
4.35821 3.83746
4.34405 3.82216
4.32448 3.81319
4.30983 3.79695
4.29563 3.7758
4.28106 3.75945
4.27188 3.74976
4.25738 3.73338
4.23954 3.71462
4.22512 3.69816
4.21006 3.68073
4.19581 3.66421
4.17475 3.64785
4.16067 3.63127
4.14913 3.6113
4.1351 3.59475
4.12637 3.57877
4.11261 3.56207
4.10269 3.54808
4.08913 3.53144
4.06733 3.51155
4.05391 3.49475
4.04321 3.47746
4.03022 3.46067
4.01441 3.44781
4.0016 3.43079
3.98833 3.4169
3.97572 3.39967
3.96401 3.37487
3.95153 3.35747
3.93901 3.34046
3.92662 3.32295
3.92031 3.30803
3.90817 3.2903
3.89085 3.27171
3.87877 3.25384
3.865 3.23571
3.85311 3.21769
3.84037 3.20258
3.82855 3.18445
3.82226 3.17514
3.81065 3.15684
3.79856 3.13299
3.78709 3.11455
3.77552 3.0996
3.76408 3.08109
3.75051 3.05643
3.73926 3.03779
3.73532 3.02251
3.72415 3.00377
3.7061 2.98447
3.69499 2.96565
3.67666 2.94877
3.66566 2.92987
3.65886 2.91086
3.64799 2.89187
3.63951 2.86599
3.62862 2.84697
3.61846 2.83402
3.60763 2.81496
3.59538 2.79695
3.58572 2.78024
3.57718 2.76103
3.56793 2.74544
3.55448 2.72807
3.54425 2.71173
3.54315 2.69379
3.53146 2.67526
3.51626 2.6599
3.50422 2.64161
3.49075 2.62397
3.47871 2.60565
3.46454 2.58807
3.4535 2.57113
3.45216 2.55749
3.44184 2.54305
3.42023 2.52092
3.41088 2.50874
3.40026 2.49579
3.39024 2.48466
3.38168 2.46751
3.36617 2.4527
3.35734 2.43805
3.34501 2.42833
3.33008 2.4143
3.31376 2.40408
3.30081 2.39839
3.28681 2.39062
3.26603 2.37447
3.25349 2.36856
3.23501 2.36183
3.22028 2.35548
3.20799 2.34626
3.1883 2.33835
3.17175 2.33549
3.15144 2.32775
3.13731 2.32028
3.1172 2.31188
3.09285 2.30343
3.07256 2.29519
3.05643 2.28184
3.03995 2.27496
3.02061 2.2709
3.00333 2.26333
2.99175 2.25604
2.97789 2.24944
2.95976 2.24243
2.94592 2.23517
2.93131 2.22787
2.91733 2.22004
2.91105 2.21694
2.89715 2.20848
2.87838 2.20102
2.86435 2.19192
2.85109 2.18511
2.83724 2.17556
2.82275 2.16666
2.80894 2.15652
2.79865 2.14028
2.78484 2.1296
2.76444 2.12578
2.75059 2.11435
2.74256 2.0981
2.72898 2.08613
2.71115 2.07606
2.69513 2.0615
2.68115 2.05502
2.66541 2.03999
2.65309 2.02164
2.63731 2.00647
2.62087 1.99267
2.60504 1.97742
2.59006 1.9627
2.57437 1.94745
2.55795 1.92955
2.5424 1.91413
2.52868 1.90291
2.51339 1.88747
2.50334 1.87583
2.488 1.86034
2.4638 1.84021
2.44861 1.82466
2.43617 1.8049
2.42169 1.7897
2.40751 1.77857
2.39296 1.76319
2.37635 1.74933
2.36327 1.73479
2.3472 1.71483
2.33426 1.69971
2.32815 1.69026
2.31519 1.67439
2.30263 1.65395
2.2897 1.63763
2.27267 1.62628
2.25979 1.60956
2.24939 1.59304
2.23664 1.57616
2.22112 1.55595
2.20874 1.53897
2.19707 1.53219
2.18469 1.51488
2.17578 1.49129
2.16357 1.47369
2.14549 1.45726
2.13324 1.43929
2.1292 1.42284
2.11818 1.40584
2.1019 1.38984
2.09083 1.37245
2.07999 1.34817
2.07144 1.33398
2.06364 1.3272
2.05744 1.31712
2.04599 1.29836
2.03974 1.28839
2.03065 1.27906
2.02417 1.26949
2.02258 1.26245
2.01561 1.25268
2.00931 1.24242
2.00174 1.23272
1.99178 1.21583
1.98345 1.20588
1.97951 1.20309
1.97628 1.19964
1.97616 1.19448
1.97527 1.19358
1.96214 1.18509
1.94736 1.17167
1.94818 1.16646
1.93201 1.15427
1.92564 1.14945
1.9102 1.14
1.8846 1.11857
1.86518 1.11083
1.85924 1.11109
1.83882 1.10313
1.83563 1.10387
1.81519 1.09608
1.79375 1.09076
1.77352 1.08284
1.75076 1.0729
1.73061 1.06489
1.71277 1.06355
1.69267 1.05536
1.66861 1.04325
1.64858 1.03485
1.63267 1.03108
1.61265 1.02244
1.5845 1.00608
1.56439 0.9975
1.55525 0.986974
1.53522 0.978289
1.51413 0.975701
1.49414 0.966737
1.46974 0.958989
1.44971 0.95002
1.42913 0.940302
1.40916 0.931289
1.38791 0.916503
1.36802 0.90728
1.35344 0.90059
1.33346 0.891391
1.30416 0.879683
1.28425 0.870357
1.27232 0.866712
1.25234 0.857494
1.22834 0.847425
1.20844 0.838124
1.19089 0.827228
1.17102 0.817824
1.14899 0.805726
1.12911 0.796306
1.11286 0.793928
1.09299 0.784475
1.0759 0.766277
1.05611 0.756679
1.03352 0.748137
1.01376 0.738877
0.990262 0.742611
0.970327 0.73332
0.957501 0.718108
0.937953 0.708899
0.925921 0.688833
0.906202 0.67912
0.881846 0.671898
0.863385 0.663047
0.851115 0.651828
0.831818 0.64269
0.8091 0.639008
0.79042 0.630752
0.753723 0.627114
0.73361 0.618562
0.724656 0.607063
0.711138 0.601111
0.685039 0.595032
0.667047 0.587196
0.656855 0.589011
0.645049 0.583626
0.617747 0.562888
0.614377 0.561146
0.607932 0.553572
0.604399 0.551398
0.615251 0.534346
0.611403 0.532092
0.570364 0.545633
0.566539 0.543573
0.555712 0.547997
0.551221 0.545031
0.551477 0.537406
0.547573 0.53413
0.542115 0.528296
0.538337 0.524352
0.529583 0.532314
0.526004 0.527772
0.521276 0.532512
0.518619 0.529104
0.5183 0.51632
0.515687 0.512929
0.511124 0.51585
0.508162 0.51266
0.513481 0.49144
0.510105 0.488428
0.494154 0.505111
0.490022 0.502171
0.486358 0.485578
0.480571 0.481399
0.490495 0.469423
0.485838 0.467111
0.466793 0.46464
0.461604 0.462127
0.470274 0.452777
0.464629 0.450763
0.455251 0.457349
0.44908 0.455975
0.434435 0.453353
0.427728 0.452669
0.422608 0.432443
0.415548 0.432559
0.414861 0.437821
0.407055 0.438908
0.39552 0.434041
0.387228 0.436308
0.375933 0.439171
0.367292 0.442924
0.350523 0.441591
0.340969 0.447602
0.333635 0.462008
0.324296 0.470023
0.305547 0.474021
0.296573 0.484736
0.291153 0.476595
0.282664 0.4906
0.26557 0.507344
0.258543 0.526691
0.264379 0.535716
0.259161 0.555464
0.242081 0.574366
0.238884 0.592921
0.240776 0.608095
0.23795 0.628789
0.226442 0.648089
0.224237 0.669048
0.219484 0.70077
0.217581 0.721828
0.22386 0.734341
0.222227 0.755428
0.208523 0.784694
0.207362 0.805829
0.219068 0.815854
0.217968 0.837019
0.218398 0.863856
0.21763 0.885024
0.207981 0.898343
0.207419 0.919536
0.213533 0.940659
0.213301 0.961856
0.215327 0.98805
0.215359 1.00925
0.216456 1.02307
0.216367 1.04426
0.205526 1.0716
0.205988 1.08999
0.214631 1.11298
0.215563 1.1286
0.222576 1.14188
0.22501 1.15971
0.215286 1.18786
0.219335 1.20572
0.218603 1.21483
0.224492 1.23324
0.231086 1.25596
0.238173 1.27163
0.249225 1.29095
0.259134 1.30797
0.261793 1.32652
0.273361 1.34287
0.27897 1.35139
0.290914 1.36526
0.304632 1.38609
0.316129 1.39718
0.331832 1.40314
0.346872 1.4156
0.356488 1.43914
0.372617 1.4507
0.385737 1.45571
0.399197 1.46402
0.406724 1.47972
0.417701 1.48571
0.434874 1.49495
0.447102 1.50018
0.469829 1.51117
0.48656 1.51724
0.50174 1.52218
0.519605 1.52786
0.536008 1.52621
0.556325 1.53222
0.574273 1.53797
0.595149 1.5442
0.623452 1.54977
0.644563 1.55589
0.655436 1.56794
0.676508 1.57386
0.701527 1.57181
0.720747 1.57756
0.735875 1.6008
0.754034 1.60618
0.772291 1.60254
0.79053 1.60841
0.810536 1.61947
0.827786 1.62543
0.841616 1.63398
0.856688 1.63958
0.880313 1.64028
0.894319 1.64608
0.906898 1.64844
0.920107 1.65424
0.940279 1.66006
0.955671 1.66733
0.961407 1.67307
0.979212 1.6817
0.995763 1.69008
1.01363 1.69873
1.03664 1.70359
1.05423 1.71264
1.07226 1.72981
1.08975 1.73919
1.10038 1.7463
1.11772 1.7561
1.13591 1.75436
1.1531 1.76472
1.17011 1.77663
1.18724 1.78731
1.20735 1.80769
1.22425 1.81862
1.23837 1.82308
1.25505 1.83443
1.27288 1.84623
1.28944 1.85798
1.31411 1.86902
1.3305 1.88115
1.33824 1.89187
1.35454 1.90423
1.3727 1.91308
1.38883 1.92576
1.40835 1.93401
1.42419 1.94716
1.4409 1.9654
1.45669 1.97873
1.47327 1.99013
1.48881 2.00379
1.49807 2.02227
1.51342 2.03626
1.52972 2.04859
1.54498 2.06285
1.55941 2.07464
1.5745 2.08913
1.59402 2.10848
1.60891 2.12324
1.62198 2.13254
1.63672 2.14754
1.65316 2.16361
1.66768 2.17892
1.68164 2.19193
1.6962 2.20776
1.70555 2.22542
1.7203 2.24159
1.73968 2.25909
1.75422 2.27539
1.76266 2.29318
1.77718 2.30943
1.79406 2.32082
1.80839 2.33724
1.82426 2.35282
1.83847 2.36925
1.85526 2.38517
1.86928 2.40157
1.8796 2.4129
1.89347 2.42945
1.90608 2.45306
1.9196 2.46964
1.9328 2.48013
1.9462 2.4969
1.95747 2.51423
1.97076 2.53113
1.98491 2.55587
1.99812 2.57298
2.02282 2.58805
2.03598 2.60525
2.04601 2.62498
2.05895 2.64235
2.06952 2.65568
2.0823 2.67324
2.09267 2.69114
2.10541 2.70878
2.12179 2.72966
2.13438 2.74744
2.14523 2.76339
2.1577 2.78129
2.17024 2.79317
2.18272 2.8111
2.19475 2.82912
2.20708 2.84715
2.21812 2.86619
2.23039 2.8843
2.23972 2.90912
2.25191 2.9273
2.26887 2.94518
2.28091 2.96349
2.29291 2.97774
2.30496 2.99608
2.3169 3.00926
2.32888 3.02765
2.34333 3.05457
2.35532 3.07295
2.35707 3.0869
2.36897 3.10536
2.38763 3.11931
2.3995 3.1378
2.41321 3.16567
2.42505 3.18419
2.43308 3.19839
2.44492 3.21692
2.46249 3.24009
2.4743 3.25865
2.48033 3.27328
2.49117 3.28987
2.50374 3.30331
2.51601 3.32158
2.52608 3.33546
2.53867 3.3535
2.55446 3.37344
2.56747 3.39118
2.57355 3.41036
2.58647 3.42815
2.60067 3.44522
2.61359 3.46302
2.63264 3.47947
2.64425 3.4947
2.64916 3.51633
2.66173 3.53167
2.68158 3.54279
2.6919 3.55423
2.70254 3.57033
2.71452 3.58224
2.7228 3.59652
2.73834 3.60958
2.74498 3.62006
2.75834 3.63003
2.77227 3.64229
2.78683 3.65157
2.80271 3.66368
2.82093 3.67348
2.83145 3.68257
2.84676 3.68941
2.86449 3.69902
2.88485 3.7065
2.89627 3.71017
2.90826 3.71417
2.93223 3.72323
2.9524 3.73013
2.97359 3.73359
2.99324 3.73989
3.00335 3.74627
3.0176 3.75137
3.03842 3.75354
3.05288 3.7593
3.06819 3.77525
3.08267 3.78154
3.09623 3.77618
3.11075 3.78303
3.12784 3.79109
3.14252 3.79859
3.15398 3.80623
3.16849 3.81438
3.18734 3.82501
3.20218 3.83375
3.21409 3.84026
3.2288 3.84956
3.24721 3.85512
3.26192 3.86497
3.26879 3.86929
3.28305 3.87941
3.30089 3.90233
3.31513 3.9131
3.32735 3.91382
3.3435 3.9266
3.3688 3.94005
3.38505 3.95303
3.39258 3.96695
3.40842 3.98001
3.42728 3.9876
3.44307 4.00099
3.45946 4.02108
3.47476 4.03464
3.48812 4.04397
3.50294 4.05752
3.52048 4.0649
3.53515 4.07879
3.54824 4.09967
3.562 4.11332
3.57604 4.12049
3.59021 4.13508
3.60193 4.15539
3.61563 4.17011
3.63355 4.17954
3.64753 4.19508
3.65947 4.21725
3.6734 4.23306
3.68775 4.24731
3.70158 4.26348
3.71685 4.28013
3.73056 4.29664
3.74432 4.30636
3.75805 4.32308
3.7672 4.34488
3.78074 4.36182
3.79636 4.37301
3.80994 4.39014
3.82171 4.40675
3.83525 4.42397
3.84438 4.45113
3.85786 4.46848
3.88015 4.47521
3.89358 4.49252
3.90288 4.51536
3.91637 4.53261
3.92842 4.55032
3.942 4.56738
3.9564 4.58192
3.96988 4.59857
3.98294 4.6134
3.9964 4.62958
4.01375 4.65069
4.02751 4.66659
4.04021 4.68238
4.0541 4.69817
4.06597 4.70994
4.07866 4.72374
4.09401 4.73564
4.10711 4.74928
4.12011 4.76215
4.13175 4.77341
4.14072 4.79486
4.15299 4.80651
4.16618 4.8184
4.17864 4.82944
4.18257 4.84194
4.19579 4.85312
4.21775 4.86259
4.2316 4.87347
4.24449 4.87954
4.25922 4.89066
4.2727 4.90946
4.28803 4.92036
4.30097 4.92862
4.31687 4.93936
4.32692 4.94449
4.34344 4.95515
4.37198 4.97235
4.38928 4.98255
4.39183 4.99585
4.40984 5.00638
4.43393 5.01401
4.45187 5.02416
4.47787 5.02918
4.49626 5.03917
4.51103 5.05638
4.52994 5.06626
4.54731 5.06805
4.56644 5.07763
4.57764 5.10115
4.59702 5.111
4.6265 5.11165
4.64562 5.12084
4.66411 5.13429
4.68384 5.14362
4.69813 5.14859
4.71797 5.15762
4.74264 5.17122
4.76262 5.18033
4.77874 5.18706
4.79868 5.19611
4.81914 5.19949
4.83912 5.20849
4.85772 5.22002
4.87784 5.22888
4.90452 5.24571
4.92462 5.25463
4.94302 5.26414
4.96307 5.27293
4.98241 5.27957
5.00245 5.28843
5.01731 5.29308
5.03737 5.30184
5.0594 5.3107
5.07964 5.31924
5.09729 5.33409
5.11741 5.34286
5.14017 5.345
5.16 5.35325
5.17747 5.36546
5.19744 5.37388
5.21568 5.3786
5.23592 5.38707
5.25471 5.39473
5.27483 5.40323
5.30826 5.40551
5.32843 5.41415
5.33869 5.43285
5.35539 5.44044
5.37426 5.43178
5.38568 5.43699
5.39916 5.44405
5.40211 5.44526
5.42697 5.43525
5.42956 5.43649
5.47758 5.43531
5.48138 5.43777
5.51129 5.43365
5.51466 5.43615
5.53901 5.43581
5.54229 5.43831
5.48472 5.52399
5.48783 5.52674
5.48686 5.51944
5.4918 5.523
5.50462 5.5286
5.50975 5.53283
5.49655 5.54216
5.50207 5.54673
5.49664 5.55462
5.50115 5.55797
5.51511 5.55356
5.52042 5.55824
5.53476 5.559
5.54014 5.56384
5.53979 5.57392
5.54467 5.57969
5.56023 5.56853
5.56483 5.5753
5.56612 5.59125
5.57002 5.59915
5.58643 5.60374
5.58846 5.6081
5.58591 5.61125
5.58694 5.61518
5.58983 5.62906
5.5919 5.63936
5.5969 5.62854
5.59856 5.63929
5.60545 5.65501
5.60554 5.66749
5.61232 5.67424
5.61038 5.687
5.6019 5.69995
5.59733 5.7142
5.60591 5.72842
5.59832 5.74268
5.59382 5.76102
5.58037 5.77731
5.56302 5.79868
5.54759 5.81186
5.53925 5.82612
5.52262 5.83596
5.52064 5.83944
5.50269 5.84766
5.47933 5.8673
5.46026 5.8748
5.43962 5.88358
5.42009 5.89044
5.41007 5.88351
5.39044 5.89038
5.3791 5.89237
5.35942 5.89905
5.33135 5.91105
5.31149 5.91718
5.28986 5.92
5.26985 5.92579
5.25003 5.94092
5.22999 5.94668
5.19586 5.95188
5.17567 5.95702
5.16887 5.9605
5.14855 5.96542
5.12583 5.9773
5.10542 5.98189
5.08587 5.97966
5.06539 5.98398
5.05343 5.98011
5.03314 5.98246
5.00802 5.99376
4.98927 5.99471
4.97851 6.00167
4.95811 6.00041
4.95438 5.98474
4.93559 5.98171
4.89389 5.99877
4.87342 5.99311
4.85441 5.99149
4.83629 5.98433
4.82301 5.97974
4.80758 5.97176
4.78703 5.96606
4.77225 5.95662
4.75745 5.9391
4.74147 5.92635
4.73277 5.92705
4.72135 5.91636
4.69485 5.90626
4.68299 5.89288
4.68504 5.87872
4.67308 5.86305
4.65154 5.8484
4.6452 5.83896
4.64443 5.82625
4.63777 5.81546
4.6294 5.80355
4.62306 5.79211
4.61483 5.78295
4.60825 5.77005
4.59865 5.75295
4.59176 5.73854
4.583 5.73125
4.57621 5.71557
4.5697 5.69888
4.56303 5.68253
4.56264 5.6692
4.55631 5.65187
4.54644 5.63155
4.53984 5.61293
4.53714 5.59386
4.53084 5.57479
4.50851 5.55713
4.50228 5.53687
4.50573 5.52492
4.49966 5.50461
4.49999 5.47451
4.49377 5.45346
4.48529 5.43718
4.47902 5.41624
4.47155 5.39646
4.46536 5.37582
4.45935 5.34827
4.45305 5.32824
4.4488 5.31818
4.44239 5.29924
4.4311 5.27413
4.42438 5.25518
4.41726 5.24115
4.41118 5.22525
4.4064 5.21135
4.39997 5.19563
4.3963 5.17352
4.38938 5.15805
4.38112 5.14363
4.37438 5.12974
4.36711 5.11662
4.36028 5.10378
4.34965 5.08272
4.34098 5.06735
4.33605 5.05642
4.32578 5.03944
4.31135 5.02009
4.30079 5.00315
4.29998 4.98919
4.28903 4.97239
4.2791 4.95394
4.26762 4.93748
4.25305 4.91966
4.24116 4.90326
4.23222 4.89128
4.22005 4.87495
4.2111 4.85189
4.19849 4.83589
4.18199 4.82524
4.16918 4.80926
4.15636 4.78641
4.14316 4.77071
4.12898 4.7591
4.11545 4.74358
4.1027 4.72492
4.08886 4.7096
4.07401 4.69576
4.05986 4.68058
4.05038 4.6683
4.03605 4.65322
4.01884 4.64392
4.00413 4.62915
3.98313 4.60695
3.96825 4.59223
3.95963 4.57768
3.94439 4.56326
3.92531 4.54758
3.90978 4.53336
3.89544 4.51601
3.8797 4.5019
3.86717 4.49128
3.85115 4.47746
3.83556 4.46646
3.81938 4.45269
3.80372 4.43661
3.78731 4.42305
3.77339 4.41043
3.7568 4.39705
3.7396 4.37853
3.72287 4.36525
3.70245 4.35976
3.68552 4.34666
3.67305 4.32939
3.65598 4.3164
3.63234 4.30367
3.61509 4.29088
3.60293 4.27487
3.58554 4.26217
3.57054 4.24757
3.55302 4.23501
3.53357 4.22538
3.51588 4.21302
3.49164 4.19982
3.47376 4.18765
3.46327 4.17464
3.4453 4.16252
3.42537 4.15242
3.40727 4.14044
3.38706 4.12465
3.3718 4.11446
3.34994 4.10573
3.33278 4.09439
3.31891 4.08276
3.30076 4.07074
3.29101 4.05621
3.28241 4.04873
3.25754 4.03918
3.24548 4.02753
3.24016 4.02837
3.23426 4.0214
3.22196 4.02122
3.2206 4.01895
3.20862 4.00429
3.20747 4.00159
3.2102 4.00131
3.20919 3.99819
3.20384 3.99774
3.20278 3.99321
3.19806 3.99366
3.19759 3.99048
3.19224 3.98328
3.19151 3.97343
3.18622 3.96735
3.18604 3.94867
3.19878 3.95111
3.19692 3.93125
3.18966 3.9211
3.18921 3.91019
3.19073 3.88753
3.18718 3.87041
3.18693 3.85768
3.18381 3.84249
3.18455 3.8237
3.17947 3.8094
3.1692 3.78779
3.16293 3.77254
3.15517 3.75813
3.14827 3.74279
3.14599 3.72597
3.13853 3.71065
3.12431 3.6924
3.11625 3.67709
3.11048 3.66073
3.10193 3.64554
3.09866 3.62941
3.08949 3.61424
3.07902 3.60386
3.06936 3.58874
3.06465 3.57233
3.05454 3.5574
3.03953 3.54066
3.02892 3.52585
3.02206 3.51658
3.01094 3.50189
2.99541 3.48391
2.98371 3.46942
2.97429 3.45354
2.96213 3.4391
2.94902 3.42305
2.93639 3.40882
2.92031 3.39681
2.90726 3.38269
2.9017 3.36458
2.88815 3.35072
2.86952 3.33785
2.85555 3.32411
2.8437 3.31028
2.82924 3.29667
2.81801 3.28499
2.80316 3.27168
2.78299 3.25411
2.76779 3.2409
2.75652 3.22696
2.74093 3.21402
2.72671 3.20619
2.71074 3.19345
2.69333 3.17944
2.67698 3.1669
2.66146 3.14913
2.64476 3.13679
2.6258 3.13099
2.6088 3.11885
2.59231 3.09742
2.57498 3.08537
2.55742 3.07474
2.53986 3.06299
2.52822 3.05193
2.51045 3.04022
2.48801 3.03053
2.46999 3.01902
2.45027 3.00386
2.43202 2.99249
2.41694 2.98529
2.39855 2.97407
2.37896 2.95649
2.36038 2.94546
2.34092 2.93887
2.32218 2.92794
2.30578 2.91719
2.28688 2.90639
2.26561 2.89197
2.24661 2.8812
2.22942 2.87715
2.21029 2.86655
2.19367 2.85607
2.17444 2.84553
2.15609 2.83351
2.13679 2.82306
2.11315 2.80953
2.09384 2.79904
2.08212 2.79349
2.06423 2.78384
2.04652 2.7734
2.03042 2.76428
2.00351 2.74958
1.98742 2.74048
1.97978 2.73962
1.96413 2.73029
1.94114 2.71383
1.92247 2.70248
1.90902 2.69513
1.89151 2.68341
1.87255 2.67119
1.85494 2.65907
1.83875 2.64525
1.82171 2.63318
1.80257 2.61995
1.78568 2.60771
1.77414 2.60041
1.75827 2.58836
1.74143 2.57863
1.72569 2.56616
1.70419 2.55573
1.68873 2.54296
1.67259 2.52751
1.65857 2.51559
1.64856 2.50348
1.635 2.49133
1.61803 2.47968
1.60443 2.46675
1.59018 2.45337
1.57676 2.44005
1.56899 2.42799
1.55581 2.41442
1.53582 2.40413
1.52276 2.3899
1.50934 2.37619
1.49646 2.36148
1.48382 2.34753
1.4711 2.33235
1.4616 2.31312
1.44901 2.29753
1.4353 2.28287
1.42304 2.26676
1.40924 2.24996
1.39702 2.23338
1.386 2.21235
1.37389 2.19554
1.35875 2.18454
1.34678 2.16747
1.33726 2.15109
1.3256 2.13378
1.31042 2.12215
1.29876 2.1046
1.29201 2.08265
1.28074 2.06488
1.26761 2.05593
1.25642 2.0378
1.24701 2.00954
1.23597 1.99124
1.21834 1.97467
1.2075 1.95613
1.20278 1.93117
1.19212 1.91245
1.18154 1.89781
1.17093 1.8789
1.15923 1.8647
1.14878 1.84569
1.14263 1.82388
1.13232 1.80474
1.12391 1.78481
1.1136 1.76557
1.09538 1.74068
1.08533 1.72129
1.07536 1.70381
1.06533 1.68435
1.05784 1.67341
1.0478 1.65396
1.04052 1.63783
1.03057 1.61836
1.01762 1.59047
1.00792 1.57085
0.992852 1.5625
0.98297 1.54288
0.97626 1.51749
0.96668 1.49787
0.957602 1.47769
0.947924 1.45798
0.943497 1.43397
0.934042 1.41418
0.917452 1.39717
0.907934 1.37734
0.90109 1.35427
0.89172 1.3344
0.88113 1.32198
0.871681 1.30212
0.860319 1.27581
0.850969 1.25592
0.839756 1.24051
0.830354 1.22063
0.823311 1.20133
0.813833 1.18153
0.812192 1.16001
0.802721 1.14024
0.784427 1.12199
0.775143 1.10205
0.76254 1.08413
0.753133 1.06426
0.750678 1.03253
0.741734 1.01266
0.741391 0.999691
0.732374 0.979831
0.716525 0.965096
0.707361 0.945518
0.703986 0.916646
0.694758 0.896685
0.678719 0.883574
0.669465 0.864166
0.663248 0.841873
0.653824 0.822125
0.643231 0.805558
0.63371 0.785728
0.623311 0.766868
0.613799 0.747217
0.612429 0.718987
0.603616 0.699646
0.581906 0.694414
0.575406 0.681153
0.573542 0.655211
0.566846 0.639226
0.561584 0.631313
0.560947 0.629663
0.54992 0.600308
0.549257 0.598517
0.545751 0.59618
0.545084 0.594193
0.536585 0.594537
0.536005 0.592435
0.530233 0.592018
0.529804 0.589826
0.540204 0.588248
0.539917 0.585914
0.541282 0.581389
0.541148 0.579036
0.535501 0.577319
0.535503 0.574894
0.535001 0.568495
0.535221 0.566016
0.527925 0.562925
0.528325 0.560342
0.528991 0.554724
0.52961 0.552034
0.524255 0.560187
0.52512 0.557456
0.522708 0.553926
0.523782 0.551241
0.525155 0.558593
0.526521 0.555873
0.535606 0.543684
0.537236 0.541016
0.525506 0.536686
0.527421 0.534054
0.527717 0.529026
0.530008 0.526366
0.532144 0.512413
0.534745 0.509873
0.523081 0.526645
0.526035 0.524165
0.529499 0.50934
0.532899 0.50704
0.542403 0.508955
0.546203 0.506882
0.535309 0.505412
0.539422 0.503654
0.550404 0.493046
0.55524 0.491497
0.568814 0.484231
0.574078 0.483126
0.579512 0.477364
0.598697 0.475744
0.604744 0.471038
0.623327 0.469704
0.644314 0.466186
0.661938 0.46493
0.6592 0.471751
0.680249 0.470749
0.701117 0.462538
0.72072 0.46313
0.731642 0.462039
0.748364 0.463454
0.770011 0.452589
0.781639 0.454303
0.798147 0.462268
0.819478 0.466264
0.826095 0.481091
0.8474 0.485849
0.872273 0.493022
0.89367 0.497582
0.919913 0.497602
0.941126 0.502853
0.96843 0.506096
0.989654 0.511446
1.01548 0.514257
1.03663 0.519853
1.04263 0.530957
1.06378 0.536595
1.08596 0.548348
1.10716 0.553825
1.11888 0.55387
1.14002 0.55948
1.17027 0.562412
1.19131 0.56838
1.21512 0.569302
1.2361 0.575521
1.2575 0.581822
1.2785 0.587987
1.29783 0.595279
1.3188 0.60152
1.33211 0.61275
1.35307 0.618919
1.38032 0.626233
1.40115 0.63276
1.42662 0.632906
1.44742 0.639533
1.46352 0.646675
1.48412 0.653543
1.50477 0.657147
1.52352 0.665591
1.54184 0.666624
1.55931 0.677979
1.57841 0.689778
1.59321 0.703083
1.61099 0.715447
1.62365 0.731325
1.63118 0.734473
1.64115 0.751882
1.65556 0.776455
1.66379 0.796502
1.67009 0.802086
1.67495 0.817664
1.6816 0.839314
1.6843 0.851533
1.69993 0.878058
1.70308 0.899191
1.69914 0.911241
1.70117 0.924171
1.71039 0.936503
1.71322 0.952288
1.71079 0.976835
1.71477 0.994812
1.71146 1.02009
1.71676 1.03779
1.72036 1.04956
1.72657 1.06718
1.73628 1.08984
1.74301 1.10762
1.74611 1.12519
1.75328 1.1429
1.75918 1.15618
1.76674 1.17376
1.78226 1.19567
1.7903 1.21311
1.79372 1.22776
1.8022 1.24505
1.81647 1.26671
1.82537 1.28395
1.82789 1.29812
1.83725 1.31514
1.84674 1.33544
1.85661 1.35234
1.85796 1.36697
1.86831 1.38371
1.88106 1.40278
1.89168 1.41948
1.90376 1.43579
1.91476 1.45231
1.91973 1.46327
1.93112 1.47967
1.94898 1.50451
1.96081 1.5207
1.97238 1.53321
1.98468 1.54919
1.99669 1.56209
2.00933 1.57798
2.02325 1.59622
2.03618 1.61196
2.05422 1.62921
2.06749 1.64475
2.07274 1.66136
2.08638 1.67673
2.102 1.69331
2.11597 1.70843
2.12993 1.72138
2.14424 1.73631
2.15092 1.75591
2.16551 1.7707
2.18341 1.78363
2.19822 1.79827
2.21375 1.81224
2.22891 1.82661
2.24654 1.84904
2.26198 1.8633
2.27321 1.86827
2.28888 1.88233
2.30864 1.90034
2.32463 1.91417
2.34109 1.92492
2.35729 1.93858
2.36643 1.95498
2.3828 1.96857
2.40264 1.97824
2.41921 1.99164
2.43506 2.00656
2.45184 2.01979
2.47255 2.03714
2.48955 2.05015
2.50734 2.06206
2.52448 2.07498
2.54518 2.0913
2.56259 2.10395
2.57362 2.10939
2.59115 2.12197
2.60814 2.13974
2.62583 2.15218
2.64949 2.16542
2.66732 2.17772
2.68397 2.18829
2.70193 2.20044
2.71568 2.21358
2.73373 2.2257
2.75379 2.23434
2.77196 2.24628
2.78766 2.26001
2.80599 2.2718
2.82495 2.28799
2.84341 2.29975
2.86399 2.31045
2.88253 2.32211
2.89629 2.33242
2.91495 2.3439
2.93561 2.35227
2.95432 2.36374
2.97834 2.37974
2.99708 2.39117
3.00619 2.40396
3.02495 2.41538
3.04699 2.42305
3.06581 2.43438
3.08791 2.44117
3.10674 2.45251
3.12447 2.46691
3.14339 2.47812
3.15856 2.49259
3.1775 2.50378
3.19732 2.51441
3.21622 2.52567
3.23683 2.53528
3.25575 2.54651
3.27402 2.55789
3.29295 2.56909
3.30915 2.58413
3.32809 2.59532
3.34856 2.60829
3.36749 2.61952
3.3887 2.62057
3.40379 2.62974
3.42434 2.64774
3.44244 2.65892
3.45391 2.6632
3.47088 2.67454
3.49274 2.68592
3.50829 2.69646
3.52359 2.7189
3.54174 2.73133
3.5631 2.74184
3.58125 2.75426
3.60203 2.75795
3.61938 2.76999
3.6358 2.78104
3.65163 2.79488
3.65925 2.81047
3.66924 2.82208
3.68998 2.83991
3.69977 2.85698
3.71068 2.86237
3.71778 2.88133
3.7273 2.89358
3.73051 2.90987
3.73105 2.93289
3.73273 2.94791
3.7398 2.95794
3.74139 2.97431
3.73879 3.0043
3.74036 3.02371
3.74205 3.02813
3.74328 3.03974
3.74448 3.06093
3.74615 3.07288
3.75027 3.08901
3.75276 3.10101
3.75064 3.11929
3.7536 3.13186
3.7516 3.12709
3.75518 3.13939
3.75994 3.16082
3.76405 3.17337
3.76833 3.18477
3.77293 3.19742
3.77422 3.2106
3.77934 3.22337
3.79004 3.23548
3.79611 3.24892
3.7962 3.26408
3.80325 3.27853
3.81583 3.2923
3.82333 3.30673
3.82466 3.31853
3.83272 3.33288
3.83728 3.34771
3.84616 3.36237
3.86477 3.38169
3.87432 3.39656
3.87361 3.41027
3.88362 3.42481
3.89857 3.4401
3.90901 3.45456
3.92237 3.47256
3.93333 3.48678
3.93514 3.50128
3.94649 3.5151
3.95951 3.52794
3.97163 3.54199
3.98404 3.55385
3.99681 3.56787
4.00985 3.58654
4.02307 3.60043
4.03557 3.6142
4.04891 3.62755
4.06737 3.6409
4.08176 3.65453
4.09139 3.66613
4.10598 3.67954
4.11495 3.69689
4.12964 3.70975
4.14772 3.71931
4.16288 3.73211
4.17909 3.74346
4.1948 3.75601
4.21315 3.77033
4.22938 3.78298
4.24388 3.79683
4.26049 3.80946
4.27394 3.82479
4.29092 3.83725
4.31188 3.84952
4.32925 3.86183
4.3397 3.87514
4.3574 3.88745
4.37517 3.8947
4.39314 3.90679
4.41349 3.92488
4.4318 3.93706
4.45469 3.94561
4.473 3.9578
4.48576 3.97216
4.50403 3.98435
4.53129 3.99599
4.54953 4.00818
4.56208 4.02208
4.58014 4.03429
4.59301 4.04519
4.61053 4.05724
4.63302 4.06853
4.65026 4.08083
4.66357 4.08797
4.68064 4.10036
4.69645 4.11996
4.71217 4.13184
4.73317 4.13347
4.74883 4.14563
4.7607 4.16371
4.77353 4.17429
4.79385 4.19171
4.80665 4.20292
4.82037 4.2075
4.83063 4.21698
4.84517 4.23111
4.85522 4.24115
4.86185 4.24757
4.87205 4.25844
4.88403 4.26706
4.89439 4.27874
4.90426 4.28757
4.91448 4.29993
4.91949 4.30991
4.92986 4.32313
4.94136 4.34035
4.95167 4.35439
4.96228 4.3632
4.97263 4.3781
4.98459 4.39899
4.99482 4.4146
5.00341 4.42731
5.01357 4.44366
5.02741 4.46138
5.03752 4.47836
5.04482 4.4927
5.05466 4.51016
5.06095 4.53505
5.07071 4.55317
5.08503 4.56294
5.09492 4.58157
5.10707 4.59722
5.11653 4.61591
5.11691 4.63457
5.12615 4.65366
5.14472 4.6713
5.15407 4.69087
5.1632 4.71123
5.17232 4.73075
5.17823 4.75933
5.18715 4.77905
5.19835 4.79819
5.20718 4.81824
5.2155 4.82856
5.22437 4.84866
5.24026 4.87358
5.24909 4.89363
5.24634 4.91091
5.25488 4.93093
5.2647 4.95423
5.27332 4.97447
5.28741 4.9881
5.29619 5.00825
5.30118 5.03079
5.3097 5.05087
5.31856 5.07506
5.32705 5.09536
5.33737 5.11738
5.34587 5.13762
5.36326 5.14895
5.37214 5.16905
5.37265 5.19255
5.38028 5.21067
5.3846 5.23475
5.3932 5.25476
5.39903 5.26364
5.40815 5.28365
5.41508 5.32067
5.42354 5.33949
5.44118 5.34547
5.44989 5.36506
5.45285 5.37351
5.45353 5.37518
5.45699 5.41108
5.45768 5.41293
5.45364 5.44352
5.45458 5.44553
5.45132 5.47316
5.45295 5.47569
5.48267 5.45894
5.48531 5.46218
5.50291 5.45916
5.50588 5.462
5.50355 5.4856
5.50686 5.48836
5.49494 5.48202
5.49878 5.48466
5.50034 5.49766
5.5046 5.50002
5.52656 5.50175
5.53131 5.50373
5.5315 5.51018
5.53683 5.51173
5.53534 5.5183
5.54104 5.51936
5.55089 5.52348
5.55726 5.52399
5.55155 5.52688
5.55825 5.52662
5.57764 5.52956
5.58468 5.52838
5.59406 5.5268
5.60167 5.52447
5.6072 5.52292
5.61591 5.51902
5.62943 5.51706
5.638 5.5117
5.64593 5.51322
5.65452 5.5059
5.67368 5.5048
5.68165 5.49529
5.69169 5.47885
5.69946 5.46477
5.7146 5.44916
5.72029 5.43148
5.72682 5.42313
5.72933 5.40309
5.73917 5.37693
5.74184 5.35568
5.73229 5.35019
5.73373 5.32884
5.74409 5.30486
5.74531 5.28338
5.743 5.26218
5.74405 5.24068
5.74746 5.22405
5.74821 5.20254
5.74756 5.17947
5.74817 5.15794
5.74644 5.12711
5.74669 5.10559
5.74359 5.08761
5.74374 5.06607
5.75389 5.04519
5.7538 5.02365
5.74368 5.00014
5.74347 4.97859
5.74911 4.95764
5.74878 4.93609
5.74845 4.91095
5.74765 4.88943
5.74898 4.88262
5.74815 4.86675
5.74921 4.833
5.74726 4.81755
5.73979 4.79986
5.73594 4.78082
5.73422 4.75933
5.7282 4.73886
5.72812 4.72544
5.72102 4.70807
5.71779 4.69749
5.70983 4.68263
5.69835 4.64979
5.68657 4.63266
5.6874 4.62805
5.67675 4.61487
5.6537 4.58235
5.64272 4.57165
5.63614 4.57283
5.62348 4.56215
5.60163 4.55417
5.58549 4.54202
5.58338 4.51732
5.56572 4.50627
5.5532 4.49307
5.54313 4.48748
5.52945 4.48343
5.51883 4.47849
5.49623 4.47119
5.48303 4.46651
5.46815 4.4558
5.45091 4.45027
5.43703 4.44484
5.41718 4.43899
5.39541 4.43851
5.37464 4.43288
5.36691 4.42259
5.34562 4.41711
5.32034 4.41554
5.29911 4.41011
5.27798 4.40379
5.25788 4.39827
5.24133 4.38689
5.22352 4.38174
5.20064 4.374
5.18282 4.36851
5.16896 4.37372
5.15204 4.36798
5.1292 4.36514
5.11523 4.35988
5.10301 4.35155
5.09096 4.34669
5.08042 4.33853
5.06864 4.33331
5.05454 4.33471
5.04163 4.32838
5.02104 4.3142
5.0037 4.30532
4.9958 4.30238
4.97913 4.29224
4.96296 4.28418
4.94623 4.27343
4.92811 4.26055
4.9115 4.24933
4.89364 4.23796
4.87709 4.22647
4.85874 4.22358
4.84247 4.21163
4.82663 4.19531
4.81041 4.18303
4.80124 4.17356
4.78532 4.1609
4.76726 4.14439
4.75146 4.13144
4.74259 4.11954
4.72701 4.1062
4.6986 4.09456
4.68316 4.08092
4.67568 4.06519
4.66039 4.05133
4.63946 4.04073
4.62427 4.02662
4.6069 4.00865
4.59205 3.99416
4.58356 3.98432
4.56878 3.96961
4.55428 3.95365
4.53981 3.93855
4.52452 3.92541
4.51015 3.91012
4.49887 3.89316
4.48469 3.87759
4.46211 3.85799
4.44805 3.84224
4.44285 3.83214
4.42905 3.81613
4.41194 3.8032
4.39831 3.78694
4.38218 3.77003
4.36875 3.75354
4.35977 3.73871
4.34638 3.72212
4.33022 3.70589
4.317 3.68913
4.30508 3.67079
4.29208 3.65381
4.27685 3.63604
4.26403 3.61884
4.2507 3.6061
4.23804 3.58873
4.23215 3.57178
4.21965 3.55424
4.20179 3.53229
4.18942 3.5146
4.18269 3.49979
4.17045 3.48196
4.14881 3.46309
4.13675 3.4451
4.13173 3.42551
4.11972 3.40745
4.10619 3.39142
4.09433 3.37323
4.08088 3.35525
4.06924 3.33688
4.05707 3.3191
4.04538 3.30071
4.03843 3.28232
4.02694 3.26382
4.0105 3.24674
4 3.23154
3.98927 3.2164
3.97977 3.20479
3.98111 3.19046
3.97751 3.1868
3.9732 3.17496
3.96791 3.17104
3.94953 3.15964
3.93188 3.15161
3.95957 3.15539
3.94326 3.14894
3.94788 3.15032
3.92755 3.14504
3.86879 3.12185
3.84843 3.11821
3.83447 3.12083
3.81971 3.1178
3.80552 3.11648
3.79066 3.11303
3.77458 3.11096
3.75969 3.10705
3.74352 3.1081
3.72872 3.10369
3.71514 3.09342
3.70017 3.0885
3.68697 3.09368
3.672 3.08816
3.65466 3.07492
3.63969 3.06887
3.62191 3.06751
3.60689 3.061
3.59898 3.05741
3.58405 3.05026
3.56411 3.04239
3.54911 3.03466
3.53624 3.02558
3.52129 3.01736
3.50533 3.00611
3.49045 2.99735
3.47637 2.99397
3.46156 2.98469
3.44849 2.97791
3.43373 2.96815
3.41538 2.95942
3.40075 2.94915
3.38758 2.93471
3.37323 2.92394
3.36131 2.92195
3.347 2.91066
3.32707 2.89651
3.31292 2.88472
3.29699 2.8689
3.28301 2.8566
3.27447 2.84456
3.26059 2.83181
3.2478 2.82384
3.23411 2.8106
3.21771 2.79274
3.2043 2.77906
3.19005 2.7685
3.17673 2.75434
3.16028 2.74066
3.14715 2.72607
3.13422 2.71245
3.12133 2.6975
3.11061 2.68071
3.09792 2.66536
3.08624 2.65368
3.07369 2.63795
3.06203 2.62066
3.04965 2.60448
3.04204 2.5873
3.02973 2.57071
3.01567 2.55473
3.00368 2.53783
2.99001 2.52412
2.97816 2.50691
2.96332 2.49147
2.9516 2.47403
2.9332 2.4557
2.92176 2.43795
2.91751 2.42029
2.90612 2.40234
2.89335 2.38221
2.88217 2.36402
2.86562 2.34548
2.85451 2.32711
2.84673 2.30865
2.83586 2.29005
2.82822 2.27141
2.81742 2.25264
2.80397 2.23913
2.79329 2.2202
2.78089 2.1982
2.77024 2.17917
2.75743 2.16355
2.7469 2.14441
2.74507 2.12494
2.73466 2.10568
2.72353 2.08432
2.71322 2.06495
2.70386 2.04466
2.69482 2.02799
2.68329 2.00458
2.67429 1.98831
2.66306 1.9813
2.65374 1.96545
2.64923 1.94398
2.63935 1.92811
2.62864 1.91584
2.61814 1.89967
2.60613 1.88354
2.59489 1.86718
2.58762 1.84945
2.57596 1.83318
2.55747 1.81203
2.54535 1.79577
2.53805 1.78372
2.5256 1.76763
2.51131 1.75137
2.49836 1.73509
2.48262 1.71849
2.46937 1.70242
2.46259 1.69172
2.44848 1.67495
2.43398 1.6536
2.4206 1.63752
2.40588 1.62043
2.39266 1.60459
2.37283 1.59261
2.35908 1.57602
2.3488 1.55273
2.33559 1.53616
2.32224 1.52079
2.30878 1.50362
2.29964 1.49033
2.28677 1.47417
2.2726 1.45624
2.26061 1.44187
2.25022 1.42717
2.23941 1.41498
2.23371 1.39501
2.22245 1.38272
2.20493 1.3775
2.19326 1.3656
2.18256 1.35406
2.17009 1.3421
2.15374 1.3272
2.1406 1.31528
2.12882 1.30711
2.11501 1.29538
2.09863 1.28353
2.08407 1.27182
2.07296 1.24831
2.05784 1.23667
2.04278 1.23474
2.03141 1.2276
2.01865 1.21558
2.00756 1.20947
2.00671 1.19903
2.00209 1.19714
1.98447 1.18094
1.98035 1.17969
1.97116 1.17715
1.95798 1.17431
1.94244 1.1736
1.92597 1.17019
1.92925 1.1676
1.91089 1.16568
1.91232 1.17196
1.89679 1.17093
1.87988 1.17363
1.86567 1.17228
1.85207 1.16346
1.83789 1.16155
1.82292 1.16453
1.80797 1.16199
1.79217 1.15559
1.77675 1.15237
1.76722 1.15179
1.75108 1.14793
1.73208 1.15175
1.71548 1.14734
1.69274 1.14048
1.67606 1.1354
1.66228 1.13157
1.64506 1.1257
1.63018 1.11592
1.61234 1.10941
1.59557 1.10322
1.57791 1.0947
1.56426 1.09553
1.54683 1.08588
1.53088 1.07581
1.51434 1.06422
1.50817 1.06255
1.49545 1.05191
1.47256 1.03474
1.45852 1.02062
1.43501 1.01317
1.42577 1.00267
1.41756 0.992706
1.40538 0.977948
1.39227 0.963453
1.37906 0.949145
1.37079 0.939789
1.35687 0.924382
1.35478 0.904039
1.34174 0.890749
1.33016 0.87393
1.31559 0.861867
1.29649 0.859383
1.28702 0.852369
1.2714 0.833153
1.25954 0.825968
1.24896 0.816219
1.23355 0.807984
1.2153 0.805918
1.19762 0.797527
1.17671 0.785976
1.15716 0.777085
1.14013 0.763475
1.1202 0.754871
1.09664 0.748343
1.07649 0.739848
1.06906 0.732076
1.04875 0.723646
1.02318 0.71747
1.00287 0.709071
0.982842 0.703929
0.962537 0.695469
0.948125 0.680844
0.927926 0.672173
0.896887 0.662705
0.876967 0.654468
0.864712 0.643688
0.844427 0.635206
0.819583 0.631851
0.799674 0.623997
0.768524 0.618608
0.748545 0.61064
0.746112 0.60219
0.728388 0.594869
0.70133 0.580372
0.681162 0.571784
0.660303 0.566098
0.640749 0.558033
0.627894 0.547148
0.616269 0.542334
0.60523 0.537798
0.602031 0.536728
0.576736 0.534065
0.573351 0.53293
0.572342 0.531693
0.568611 0.530785
0.567892 0.523908
0.564657 0.523408
0.55922 0.515887
0.555789 0.515669
0.558011 0.51305
0.554036 0.513108
0.543821 0.518622
0.539469 0.519118
0.530722 0.507797
0.526164 0.508718
0.513173 0.513541
0.505611 0.516091
0.507957 0.51139
0.50036 0.514904
0.485583 0.524026
0.477677 0.529218
0.472757 0.529377
0.465165 0.535995
0.455933 0.539072
0.44829 0.547864
0.431209 0.558718
0.423815 0.570521
0.414123 0.580268
0.408079 0.595039
0.392256 0.604085
0.388398 0.623652
0.395347 0.61687
0.394244 0.638205
0.393533 0.667411
0.395131 0.686805
0.380589 0.721869
0.38535 0.741215
0.389739 0.764509
0.395974 0.785546
0.401123 0.778882
0.408494 0.799558
0.424245 0.82832
0.431778 0.848976
0.437707 0.867072
0.445177 0.887753
0.444667 0.923398
0.452436 0.943964
0.467799 0.957465
0.475633 0.97801
0.486437 1.00288
0.494227 1.02344
0.497887 1.04049
0.505701 1.06103
0.516849 1.0794
0.524673 1.09994
0.526661 1.12384
0.534632 1.14432
0.540124 1.16117
0.54817 1.18162
0.548552 1.21074
0.5568 1.23111
0.57164 1.24924
0.579851 1.26963
0.581815 1.28288
0.590007 1.30327
0.608021 1.32432
0.6162 1.3447
0.630908 1.36448
0.63922 1.38481
0.640007 1.4034
0.648323 1.42373
0.659469 1.4484
0.667931 1.46866
0.675696 1.47859
0.681099 1.49083
0.688683 1.5228
0.69689 1.54009
0.693559 1.55627
0.703762 1.57456
0.720572 1.58296
0.731983 1.59948
0.732648 1.62864
0.746749 1.64385
0.765863 1.65383
0.782234 1.66691
0.792529 1.68132
0.810274 1.69142
0.824878 1.71076
0.842444 1.71808
0.865996 1.7228
0.881596 1.7274
0.897881 1.73458
0.908934 1.73702
0.924065 1.74295
0.93912 1.74525
0.95689 1.75489
0.978277 1.75702
0.994328 1.75292
1.01146 1.75459
1.02266 1.76268
1.04405 1.76615
1.0627 1.75858
1.08271 1.76341
1.1009 1.76611
1.11861 1.77143
1.13389 1.77547
1.15133 1.78189
1.17303 1.79548
1.19067 1.80236
1.20965 1.80506
1.22721 1.81247
1.24037 1.82189
1.25774 1.82965
1.27961 1.83231
1.29683 1.84062
1.31299 1.85144
1.33022 1.86005
1.34552 1.86368
1.36255 1.87277
1.38162 1.87775
1.39847 1.88739
1.40942 1.89568
1.42621 1.90572
1.4516 1.92283
1.4683 1.93327
1.47707 1.94168
1.49362 1.95251
1.51449 1.96037
1.53098 1.9715
1.54954 1.98078
1.56577 1.99236
1.57962 2.00902
1.5956 2.02111
1.60816 2.02959
1.62402 2.0421
1.64517 2.05823
1.66099 2.07098
1.67596 2.0781
1.69155 2.09118
1.70562 2.11008
1.72094 2.1236
1.73617 2.13352
1.75139 2.14737
1.77094 2.16611
1.78602 2.18017
1.80115 2.19806
1.81608 2.21236
1.82298 2.21487
1.83754 2.22959
1.85945 2.24575
1.87394 2.26075
1.89192 2.28201
1.90621 2.29728
1.91631 2.30274
1.93042 2.3183
1.94523 2.33698
1.9592 2.35271
1.97551 2.36748
1.9893 2.38343
1.99634 2.39802
2.00996 2.4142
2.0231 2.42875
2.03649 2.44522
2.05053 2.46485
2.06385 2.48148
2.07853 2.49585
2.09163 2.51269
2.11039 2.53052
2.12333 2.54756
2.12757 2.56102
2.14041 2.5782
2.15558 2.60583
2.16818 2.62327
2.18156 2.63002
2.19398 2.64766
2.20619 2.66372
2.21858 2.68143
2.23957 2.69924
2.25174 2.71712
2.2591 2.73614
2.27116 2.75415
2.27751 2.77507
2.28942 2.79322
2.3085 2.8101
2.3203 2.82838
2.32844 2.84842
2.34019 2.86677
2.35298 2.88367
2.36472 2.90212
2.3757 2.91569
2.3873 2.93425
2.39878 2.96226
2.41038 2.98085
2.42541 2.99375
2.43686 3.01244
2.44657 3.03289
2.45799 3.05162
2.46696 3.06884
2.47831 3.08763
2.49367 3.10616
2.50501 3.12498
2.51351 3.14442
2.52468 3.16334
2.53528 3.18366
2.54656 3.20254
2.5571 3.21759
2.56834 3.23649
2.58242 3.25678
2.59361 3.27571
2.60207 3.29606
2.61331 3.31498
2.62594 3.32929
2.63715 3.34822
2.64354 3.36941
2.65472 3.38835
2.66431 3.40833
2.67554 3.42725
2.68645 3.44522
2.69768 3.4641
2.70705 3.48346
2.71631 3.49841
2.72938 3.51702
2.74094 3.53568
2.75323 3.54775
2.76519 3.56616
2.77736 3.57681
2.78942 3.59517
2.79623 3.62205
2.80839 3.64035
2.82229 3.65792
2.83367 3.67329
2.85031 3.68947
2.86426 3.70395
2.86651 3.71988
2.87938 3.72986
2.90047 3.74337
2.91801 3.75292
2.93094 3.77371
2.94592 3.77925
2.96176 3.77895
2.97361 3.78094
3.00239 3.79059
3.02309 3.78935
3.04387 3.79507
3.06048 3.79255
3.0743 3.78955
3.09334 3.78665
3.11083 3.78361
3.12895 3.77984
3.14761 3.7773
3.16463 3.77495
3.17714 3.76263
3.19424 3.76141
3.21071 3.75892
3.22861 3.7589
3.24927 3.75955
3.26801 3.76072
3.2875 3.76499
3.30695 3.76758
3.32723 3.76869
3.34767 3.77295
3.36683 3.77441
3.37745 3.77729
3.39286 3.77823
3.40377 3.7818
3.41628 3.78739
3.42753 3.79168
3.44658 3.79181
3.45817 3.79672
3.47098 3.80646
3.48269 3.8119
3.48653 3.81272
3.49842 3.81879
3.50836 3.81999
3.52061 3.82679
3.53489 3.83694
3.54716 3.84425
3.55422 3.84701
3.56655 3.85492
3.58743 3.86623
3.59969 3.87474
3.61371 3.88137
3.62542 3.89
3.63682 3.89941
3.65256 3.91214
3.66047 3.91085
3.67229 3.92188
3.68921 3.94147
3.70176 3.95586
3.71599 3.96521
3.72837 3.98197
3.73181 3.98144
3.74163 3.99677
3.74916 4.01631
3.75726 4.03229
3.77466 4.05002
3.7814 4.06513
3.78561 4.07556
3.79477 4.09545
3.80111 4.11119
3.80994 4.13125
3.8191 4.15104
3.82859 4.17088
3.83771 4.19351
3.84705 4.21335
3.85059 4.22836
3.86001 4.24823
3.87582 4.26981
3.8852 4.28966
3.89158 4.31187
3.90095 4.33166
3.9093 4.35019
3.91877 4.36982
3.92798 4.38554
3.93756 4.40503
3.94592 4.42555
3.95562 4.44492
3.96757 4.46617
3.97732 4.48484
3.98721 4.50616
3.99708 4.52471
4.00452 4.53938
4.01465 4.55753
4.02926 4.577
4.03938 4.59468
4.04474 4.61339
4.05497 4.6303
4.07124 4.64821
4.08181 4.66487
4.09096 4.68246
4.10113 4.69774
4.10779 4.71292
4.11823 4.72794
4.12829 4.73813
4.13828 4.75163
4.14738 4.76772
4.15707 4.78021
4.16153 4.79258
4.16965 4.80269
4.18035 4.81446
4.1888 4.82438
4.20129 4.84331
4.2104 4.85317
4.21853 4.85742
4.22836 4.86739
4.22741 4.87685
4.23802 4.88704
4.26389 4.90497
4.27518 4.91504
4.27689 4.91824
4.28901 4.92833
4.29981 4.93574
4.31282 4.94609
4.33244 4.96837
4.34621 4.97837
4.35823 4.98772
4.3729 4.99792
4.3795 5.003
4.3947 5.01303
4.41512 5.02143
4.43115 5.03119
4.44907 5.04733
4.46613 5.05728
4.47934 5.06865
4.4967 5.07838
4.51508 5.08513
4.53286 5.09452
4.55446 5.10939
4.57292 5.11884
4.5848 5.12482
4.60349 5.13388
4.61969 5.1385
4.63889 5.14755
4.65757 5.16102
4.67705 5.17
4.69753 5.18008
4.71709 5.18878
4.73434 5.20095
4.75415 5.20957
4.77768 5.21475
4.7976 5.22302
4.81527 5.23178
4.83554 5.24012
4.85409 5.24873
4.87432 5.2571
4.90458 5.26182
4.92484 5.26989
4.94671 5.27793
4.96722 5.28585
4.98157 5.2964
5.00187 5.30461
5.01633 5.31805
5.0366 5.32636
5.05819 5.3292
5.07801 5.33709
5.09197 5.34349
5.11243 5.35144
5.14907 5.36066
5.16962 5.36848
5.17724 5.37806
5.19737 5.38597
5.22676 5.385
5.24689 5.39273
5.26582 5.39971
5.28369 5.40687
5.30247 5.41856
5.32182 5.4263
5.33396 5.4351
5.35433 5.44303
5.37815 5.45313
5.38097 5.4542
5.39921 5.45943
5.40249 5.46047
5.41711 5.47327
5.42061 5.47396
5.41621 5.47285
5.42008 5.47331
5.42625 5.48383
5.43028 5.48394
5.45538 5.46908
5.45965 5.46873
5.46426 5.46966
5.46859 5.46882
5.46928 5.48189
5.47631 5.47979
5.47778 5.46853
5.48545 5.46539
5.49143 5.48729
5.49891 5.48316
5.5029 5.4722
5.51105 5.46609
5.53197 5.45942
5.53958 5.45176
5.55024 5.44902
5.55752 5.43903
5.55978 5.42569
5.56652 5.41199
5.5723 5.40614
5.57722 5.3895
5.59072 5.37486
5.59305 5.35507
5.60668 5.33391
5.60535 5.31327
5.60497 5.29944
5.60134 5.28011
5.59588 5.25264
5.59073 5.23131
5.58762 5.21275
5.58097 5.1918
5.57417 5.15823
5.5674 5.1373
5.5667 5.12611
5.55993 5.10518
5.54772 5.08245
5.5409 5.06154
5.54066 5.04058
5.53371 5.01971
5.52586 5.01199
5.51899 4.9911
5.5134 4.96232
5.50646 4.94144
5.49774 4.91279
5.49053 4.892
5.48565 4.86947
5.47862 4.84862
5.46072 4.83498
5.45373 4.81413
5.45381 4.7951
5.44683 4.77424
5.43777 4.75291
5.43066 4.7321
5.42082 4.71331
5.4137 4.6925
5.40369 4.66761
5.39661 4.64679
5.40905 4.63498
5.40181 4.61422
5.38489 4.59079
5.37782 4.56997
5.36788 4.54951
5.36295 4.53729
5.35979 4.52009
5.35132 4.50353
5.34082 4.47786
5.33105 4.46208
5.3216 4.44787
5.31148 4.43411
5.31316 4.41338
5.30135 4.40074
5.28208 4.38882
5.26625 4.37546
5.2505 4.35867
5.2347 4.3477
5.22197 4.33693
5.2052 4.32806
5.18791 4.31461
5.17131 4.30774
5.15313 4.29397
5.13502 4.28815
5.11833 4.28585
5.10567 4.28266
5.09167 4.27692
5.07193 4.27308
5.05794 4.26861
5.03717 4.2644
5.0193 4.25642
5.00619 4.25332
4.98351 4.25558
4.9659 4.25124
4.95021 4.25206
4.93267 4.24808
4.90894 4.24343
4.89155 4.23882
4.88301 4.23532
4.8658 4.23037
4.84752 4.23171
4.83032 4.22619
4.8096 4.21659
4.79243 4.21055
4.77819 4.20366
4.76108 4.19716
4.74245 4.19177
4.72543 4.18481
4.71255 4.18169
4.69568 4.17408
4.67782 4.17365
4.66097 4.1656
4.64218 4.14758
4.62542 4.1392
4.61215 4.13259
4.59556 4.12373
4.57673 4.11302
4.56021 4.10372
4.543 4.09306
4.52667 4.08325
4.51166 4.07798
4.49545 4.06769
4.48038 4.05713
4.46424 4.04646
4.44673 4.03704
4.43071 4.02604
4.41332 4.01273
4.3976 4.00118
4.37886 3.99468
4.36321 3.98274
4.34934 3.96715
4.33393 3.95478
4.31768 3.94343
4.30246 3.93061
4.29305 3.91719
4.27793 3.90404
4.26117 3.89624
4.24625 3.88275
4.22894 3.86526
4.21421 3.85146
4.19726 3.83762
4.18276 3.82345
4.1626 3.80607
4.14834 3.79149
4.14096 3.78271
4.12679 3.76789
4.11381 3.75361
4.09987 3.73851
4.08686 3.72261
4.07315 3.70717
4.06067 3.69301
4.04713 3.67733
4.03015 3.66184
4.01683 3.64584
4.00111 3.63476
3.98792 3.61857
3.97741 3.59937
3.96447 3.58289
3.94975 3.57089
3.93701 3.55413
3.92847 3.5345
3.91596 3.5175
3.89951 3.49546
3.88715 3.47823
3.87666 3.46421
3.86447 3.44678
3.85584 3.43138
3.84388 3.41373
3.83227 3.39581
3.82041 3.37802
3.80587 3.36625
3.7942 3.34827
3.78706 3.32884
3.77552 3.31071
3.76162 3.2883
3.75026 3.27
3.73414 3.25541
3.72297 3.23693
3.71411 3.21442
3.70301 3.19585
3.69233 3.17837
3.68145 3.15961
3.66926 3.14473
3.65843 3.12588
3.64489 3.10553
3.63414 3.08661
3.62457 3.06891
3.61405 3.04984
3.6085 3.02959
3.59798 3.01045
3.58392 2.99238
3.57347 2.97318
3.55783 2.95458
3.54746 2.93532
3.53958 2.91798
3.52925 2.89868
3.51847 2.88222
3.50827 2.86283
3.50063 2.83805
3.4905 2.81859
3.47866 2.79797
3.46864 2.77844
3.45835 2.75618
3.44838 2.7366
3.44188 2.71395
3.4319 2.69436
3.41896 2.68245
3.40898 2.66286
3.40523 2.64303
3.39536 2.62338
3.38081 2.60531
3.37289 2.58983
3.3598 2.56984
3.35284 2.55704
3.35441 2.54416
3.34591 2.52964
3.32714 2.51753
3.31645 2.50011
3.32335 2.48596
3.31201 2.47055
3.29384 2.45032
3.28401 2.43765
3.27351 2.42475
3.26019 2.41022
3.24843 2.40227
3.23778 2.39197
3.22613 2.37118
3.21053 2.3586
3.19867 2.34968
3.18606 2.34099
3.16717 2.32484
3.15002 2.31547
3.13109 2.31251
3.12033 2.30757
3.1101 2.29054
3.09258 2.28383
3.07605 2.27379
3.05982 2.26912
3.03754 2.2719
3.01858 2.26716
3.00249 2.26134
2.98911 2.25763
2.97502 2.25118
2.96225 2.24711
2.94403 2.24303
2.92766 2.23695
2.91988 2.2368
2.90697 2.23157
2.8938 2.22183
2.88083 2.21599
2.8671 2.2165
2.85394 2.21012
2.84021 2.20341
2.82705 2.19652
2.8135 2.19829
2.80034 2.19076
2.79165 2.17694
2.77841 2.1688
2.76311 2.16443
2.74979 2.1557
2.73443 2.14117
2.72104 2.1318
2.70659 2.12869
2.69324 2.11885
2.67853 2.10546
2.66544 2.09492
2.65511 2.08812
2.63959 2.07488
2.62679 2.06041
2.6107 2.04677
2.58823 2.03109
2.57244 2.01725
2.56482 2.00685
2.54954 1.99295
2.5266 1.9799
2.5113 1.96567
2.49934 1.95197
2.48484 1.9378
2.47247 1.92079
2.45861 1.90689
2.43992 1.89995
2.42631 1.88555
2.41041 1.86572
2.39768 1.8517
2.39145 1.84071
2.3788 1.82622
2.36485 1.81592
2.35234 1.80086
2.33971 1.78253
2.32726 1.76696
2.30823 1.75106
2.29579 1.73487
2.28837 1.72311
2.27621 1.70655
2.26259 1.69164
2.25034 1.67462
2.23864 1.65343
2.22658 1.63601
2.21371 1.61818
2.20172 1.60049
2.18799 1.58247
2.17614 1.56443
2.16457 1.54863
2.15283 1.5303
2.14369 1.51453
2.13198 1.49615
2.11835 1.47528
2.1068 1.45685
2.0973 1.43798
2.08577 1.41935
2.07351 1.40253
2.06239 1.38434
2.05132 1.36809
2.0405 1.35019
2.02429 1.32377
2.01375 1.30559
2.01188 1.29731
2.00335 1.283
1.99885 1.26845
1.99305 1.25893
1.9812 1.24884
1.97219 1.23501
1.97015 1.22943
1.96391 1.22015
1.95903 1.20919
1.95247 1.20007
1.94218 1.18848
1.93515 1.17923
1.92828 1.17161
1.92082 1.1626
1.92147 1.1604
1.91334 1.15117
1.90029 1.13591
1.89144 1.12656
1.86826 1.10631
1.8582 1.09673
1.88526 1.11345
1.87473 1.1035
1.84044 1.07348
1.82957 1.06417
1.82149 1.04763
1.80987 1.03823
1.80671 1.03909
1.79401 1.02962
1.78051 1.01651
1.76671 1.00682
1.74729 1.00691
1.73287 0.997357
1.72085 0.981304
1.70538 0.971903
1.69348 0.963219
1.6772 0.953703
1.65752 0.939105
1.64079 0.929889
1.61903 0.918686
1.60169 0.909761
1.5959 0.900524
1.57793 0.891539
1.55949 0.885757
1.54134 0.877064
1.51863 0.86301
1.49995 0.854606
1.47277 0.852666
1.45357 0.844497
1.43845 0.828762
1.41866 0.820581
1.40167 0.81814
1.38183 0.810258
1.35926 0.800144
1.33905 0.792388
1.32974 0.784063
1.30948 0.776114
1.2799 0.767389
1.25979 0.759862
1.24246 0.753586
1.22201 0.746159
1.19808 0.740818
1.17746 0.733521
1.15564 0.721439
1.13489 0.714213
1.12094 0.710873
1.10019 0.703705
1.07844 0.690866
1.05769 0.683605
1.03568 0.682321
1.01507 0.675156
0.991454 0.668771
0.970587 0.661893
0.953047 0.658999
0.93226 0.652185
0.911728 0.624888
0.891326 0.617765
0.867987 0.621382
0.848912 0.615008
0.838352 0.605898
0.817568 0.598797
0.797414 0.597024
0.777615 0.590401
0.756842 0.576893
0.736052 0.570035
0.722723 0.563117
0.703766 0.557145
0.671029 0.558674
0.652513 0.553312
0.633658 0.541403
0.612618 0.535511
0.608032 0.538779
0.604636 0.537992
0.569052 0.524496
0.565424 0.523849
0.561464 0.510036
0.557524 0.509719
0.529591 0.522904
0.525238 0.523046
0.518167 0.515892
0.513595 0.516519
0.519634 0.51814
0.512588 0.519879
0.505854 0.502863
0.498517 0.505569
0.491573 0.505356
0.483929 0.509311
0.468416 0.525571
0.460589 0.531212
0.463824 0.529969
0.456687 0.536857
0.443287 0.538479
0.436332 0.548112
0.417131 0.552183
0.410165 0.565747
0.409518 0.587897
0.404142 0.605481
0.380111 0.615897
0.376858 0.637295
0.376186 0.639639
0.375302 0.661317
0.362102 0.69411
0.364088 0.712569
0.361834 0.733836
0.365289 0.755204
0.375396 0.779427
0.37995 0.80073
0.381305 0.822827
0.385824 0.844211
0.392864 0.857321
0.397416 0.878682
0.408281 0.894845
0.412929 0.916182
0.414942 0.942509
0.419661 0.963828
0.417845 0.985632
0.422961 1.00685
0.433954 1.02882
0.439196 1.05003
0.449651 1.07221
0.455045 1.09338
0.449942 1.12016
0.455484 1.14129
0.46229 1.15946
0.467981 1.18055
0.479206 1.19718
0.484889 1.21824
0.489171 1.24066
0.495024 1.26167
0.497668 1.28602
0.503721 1.30698
0.503576 1.31892
0.509507 1.33865
0.522939 1.35903
0.528643 1.37504
0.531664 1.39957
0.539534 1.41781
0.546314 1.44018
0.554836 1.45566
0.557677 1.46839
0.567375 1.48367
0.581793 1.5055
0.593086 1.52129
0.601088 1.53001
0.612963 1.54432
0.620824 1.56378
0.635512 1.57782
0.638895 1.5954
0.652556 1.60762
0.667556 1.61965
0.68342 1.63231
0.694199 1.64191
0.711413 1.65305
0.731886 1.6614
0.748084 1.66928
0.766236 1.67729
0.785936 1.68432
0.799871 1.70117
0.811236 1.70427
0.828013 1.70661
0.841364 1.70929
0.864627 1.71376
0.884941 1.71691
0.894442 1.71882
0.915662 1.72266
0.938041 1.73449
0.959182 1.7387
0.975271 1.73937
0.990095 1.74264
1.01847 1.74134
1.03424 1.7455
1.04483 1.75273
1.06269 1.75768
1.07881 1.7634
1.09656 1.76877
1.10709 1.77012
1.12478 1.77611
1.1521 1.77657
1.16971 1.78314
1.18995 1.79734
1.20761 1.8043
1.21777 1.80834
1.23517 1.81576
1.25427 1.82179
1.27162 1.82962
1.28879 1.83216
1.306 1.84048
1.32308 1.85669
1.3402 1.8655
1.35255 1.86775
1.36958 1.87699
1.38866 1.88357
1.40559 1.89321
1.42386 1.90607
1.44066 1.91614
1.45836 1.92485
1.47503 1.93533
1.48851 1.95038
1.50501 1.96122
1.52524 1.96654
1.54163 1.97777
1.56416 1.9971
1.58031 2.0088
1.59177 2.01195
1.60784 2.02402
1.61811 2.03911
1.63394 2.05158
1.64947 2.06422
1.66521 2.07705
1.68513 2.08129
1.70066 2.09449
1.7142 2.11437
1.72963 2.12781
1.75329 2.14249
1.76842 2.15636
1.77808 2.16672
1.79313 2.18078
1.80626 2.20104
1.82103 2.21548
1.83859 2.22541
1.85313 2.24027
1.8673 2.2542
1.8818 2.26926
1.89638 2.27894
1.91065 2.29426
1.92473 2.31124
1.93882 2.32677
1.94606 2.34361
1.95994 2.35942
1.9771 2.38015
1.99097 2.39613
2.00416 2.4051
2.01779 2.42127
2.03075 2.44237
2.04415 2.45885
2.06137 2.47135
2.07464 2.48806
2.08682 2.5033
2.0999 2.52022
2.11202 2.53561
2.12488 2.55274
2.1435 2.57807
2.15634 2.59529
2.16565 2.60687
2.17827 2.62428
2.19295 2.64053
2.20542 2.65813
2.21541 2.67918
2.22771 2.69692
2.24129 2.71369
2.25362 2.73148
2.26621 2.74988
2.27832 2.76785
2.29453 2.78334
2.30651 2.80145
2.31558 2.82357
2.32749 2.84177
2.33662 2.85815
2.34842 2.87645
2.36239 2.89178
2.3741 2.91023
2.38462 2.92702
2.39622 2.94559
2.40553 2.96997
2.41707 2.9886
2.42834 2.99721
2.43982 3.0159
2.4551 3.04073
2.46651 3.05947
2.47156 3.0656
2.47156 3.0656
2.47156 3.0656
2.47156 3.0656
2.47156 3.0656
2.47156 3.0656
2.47156 3.0656
2.47156 3.0656
2.47156 3.0656
2.47156 3.0656
2.47156 3.0656
2.47156 3.0656
2.47156 3.0656
2.47156 3.0656
2.47156 3.0656
