0
0
0.000212285
0.000212285
0.000214447
0.000216609
0.000218058
0.000220934
0.000223097
0.000225261
0.000227424
0.000229588
0.000231752
0.000233917
0.000236081
0.000237532
0.000240411
0.000241862
0.000244742
0.000246908
0.000249075
0.000251241
0.000252693
0.000255575
0.000257027
0.00025991
0.000262078
0.000264246
0.000266414
0.000267867
0.000270752
0.000272205
0.00027509
0.000276544
0.00027943
0.0002816
0.000283771
0.000285941
0.000288112
0.000290283
0.000291738
0.000294627
0.000296082
0.000298971
0.000301144
0.000303316
0.000305489
0.000307663
0.000309836
0.000311293
0.000314184
0.000315641
0.000318533
0.000320708
0.000322883
0.000325058
0.000327234
0.00032941
0.000330868
0.000333762
0.000335221
0.000337398
0.000340293
0.000342471
0.000344648
0.000346826
0.000349004
0.000350464
0.000353361
0.000354821
0.00035772
0.00035918
0.000362079
0.000363539
0.000366439
0.0003679
0.0003708
0.000372981
0.000375162
0.000377344
0.000379525
0.000381707
0.00038317
0.000386072
0.000387535
0.000390438
0.000391901
0.000394805
0.000396268
0.000399173
0.000401357
0.000403541
0.000405726
0.000407911
0.000410097
0.000412282
0.000414468
0.000415933
0.00041884
0.000420305
0.000423214
0.000425401
0.000427588
0.000429776
0.000431963
0.000434152
0.00043634
0.000438528
0.000440717
0.000442906
0.000445096
0.000447285
0.000448753
0.000451665
0.000453133
0.000456046
0.000458237
0.000460428
0.00046262
0.000464088
0.000467003
0.000468472
0.000471388
0.00047358
0.000475773
0.000477966
0.00048016
0.000482354
0.000484547
0.000486742
0.000488212
0.000491131
0.000492601
0.000495521
0.000497716
0.000499912
0.000502108
0.000504304
0.0005065
0.000508697
0.000510894
0.000513091
0.000515289
0.000517486
0.000519684
0.000521157
0.000524081
0.000525554
0.000528479
0.000529952
0.000532151
0.000535077
0.000537277
0.000539477
0.000540952
0.000543878
0.000545353
0.000548281
0.000549756
0.000552684
0.000554886
0.000557088
0.000559291
0.000560767
0.000563697
0.000565173
0.000568103
0.00056958
0.000572511
0.000573988
0.00057692
0.000579125
0.00058133
0.000583535
0.000585013
0.000587946
0.000589425
0.000592359
0.000593837
0.000596772
0.000598251
0.000601187
0.000603394
0.000605602
0.00060781
0.00060929
0.000612227
0.000613707
0.000616645
0.000618854
0.000621064
0.000623274
0.000625484
0.000627694
0.000629905
0.000632116
0.000634327
0.000636539
0.00063875
0.000640962
0.000642444
0.000645387
0.000646869
0.000649812
0.000651295
0.000654239
0.000655722
0.000658667
0.00066015
0.000663095
0.000664579
0.000667525
0.00066974
0.000671956
0.000674171
0.000675656
0.000678603
0.000680088
0.000683037
0.000685254
0.000687471
0.000689688
0.000691906
0.000694124
0.00069561
0.000698561
0.000700048
0.000702999
0.000705218
0.000707438
0.000709657
0.000711145
0.000714098
0.000715586
0.000718539
0.00072076
0.000722982
0.000725203
0.000727425
0.000729647
0.00073187
0.000734092
0.000735582
0.000738538
0.000740028
0.000742985
0.000745209
0.000747433
0.000749658
0.000751882
0.000754107
0.000756333
0.000758558
0.000760049
0.00076301
0.000764501
0.000767462
0.000768954
0.000771916
0.000773408
0.000776371
0.000777863
0.000780827
0.000783055
0.000785283
0.000787512
0.000789006
0.00079197
0.000793464
0.00079643
0.00079866
0.00080089
0.000803121
0.000804615
0.000807583
0.000809078
0.000812046
0.000813541
0.00081651
0.000818742
0.000820975
0.000823208
0.000825441
0.000827674
0.000829171
0.000832142
0.000833639
0.000836611
0.000838845
0.00084108
0.000843315
0.000844813
0.000847787
0.000849285
0.000852259
0.000854495
0.000856732
0.000858969
0.000860468
0.000863444
0.000864943
0.00086792
0.00086942
0.000872397
0.000873897
0.000876136
0.000879114
0.000881354
0.000883594
0.000885834
0.000888074
0.000889575
0.000892556
0.000894057
0.000897038
0.00089928
0.000901522
0.000903764
0.000905267
0.000908249
0.000909752
0.000911995
0.000914239
0.000917223
0.000919467
0.000921711
0.000923956
0.000926201
0.000928446
0.000930691
0.000932196
0.000935183
0.000936687
0.000940416
0.000941922
0.000944169
0.000946416
0.000948663
0.000950911
0.000953159
0.000955407
0.000957655
0.000959904
0.000962153
0.000964402
0.000965909
0.000968902
0.000970409
0.000973402
0.00097491
0.000977903
0.000979411
0.000982406
0.000983914
0.000986909
0.000988418
0.000991414
0.000992923
0.000995919
0.000998172
0.00100043
0.00100268
0.00100493
0.00100719
0.00100944
0.0010117
0.00101395
0.00101621
0.00101772
0.00102072
0.00102223
0.00102523
0.00102749
0.00102974
0.001032
0.00103426
0.00103652
0.00103877
0.00104103
0.00104329
0.00104555
0.00104781
0.00105007
0.00105233
0.00105459
0.00105685
0.00105911
0.00106137
0.00106363
0.00106589
0.00106815
0.00107041
0.00107267
0.00107494
0.0010772
0.00107946
0.00108172
0.00108399
0.00108625
0.00108851
0.00109078
0.00109304
0.00109531
0.00109682
0.00109984
0.00110135
0.00110437
0.00110588
0.0011089
0.00111042
0.00111343
0.00111495
0.00111796
0.00111948
0.0011225
0.00112402
0.00112704
0.00112855
0.00113157
0.00113309
0.00113611
0.00113763
0.00114065
0.00114217
0.00114519
0.00114671
0.00114973
0.00115125
0.00115427
0.0011558
0.00115882
0.00116034
0.00116336
0.00116638
0.00116791
0.00116943
0.00117245
0.00117398
0.001177
0.00117852
0.00118155
0.00118307
0.0011861
0.00118762
0.00119065
0.00119217
0.0011952
0.00119673
0.00119975
0.00120203
0.00120431
0.00120659
0.00120886
0.00121114
0.00121342
0.0012157
0.00121798
0.00122026
0.00122254
0.00122482
0.00122709
0.00122937
0.0012309
0.00123394
0.00123546
0.0012385
0.00124003
0.00124306
0.00124459
0.00124762
0.00124915
0.00125219
0.00125372
0.00125676
0.00125829
0.00126132
0.00126285
0.00126589
0.00126742
0.00127046
0.00127199
0.00127503
0.00127656
0.0012796
0.00128114
0.00128418
0.00128646
0.00128875
0.00129104
0.00129332
0.00129561
0.0012979
0.00130019
0.00130172
0.00130477
0.0013063
0.00130935
0.00131088
0.00131393
0.00131546
0.00131851
0.00132004
0.00132309
0.00132462
0.00132767
0.00132921
0.00133225
0.00133379
0.00133684
0.00133838
0.00134143
0.00134296
0.00134601
0.00134755
0.0013506
0.0013529
0.00135519
0.00135749
0.00135978
0.00136208
0.00136437
0.00136667
0.00136896
0.00137126
0.0013728
0.00137586
0.0013774
0.00138045
0.00138199
0.00138505
0.00138659
0.00138965
0.00139119
0.00139424
0.00139578
0.00139884
0.00140038
0.00140344
0.00140499
0.00140805
0.00140959
0.00141265
0.00141419
0.00141725
0.0014188
0.00142186
0.0014234
0.00142646
0.00142801
0.00143107
0.00143261
0.00143568
0.00143722
0.00144029
0.00144183
0.0014449
0.00144644
0.00144951
0.00145106
0.00145412
0.00145567
0.00145874
0.00146028
0.00146335
0.00146566
0.00146797
0.00147028
0.00147258
0.00147489
0.0014772
0.00147951
0.00148182
0.00148413
0.00148644
0.00148799
0.00149106
0.00149337
0.00149569
0.00149723
0.00150031
0.00150262
0.00150493
0.00150725
0.00150956
0.00151187
0.00151419
0.00151574
0.00151881
0.00152113
0.00152344
0.00152499
0.00152807
0.00153039
0.0015327
0.00153502
0.00153734
0.00153889
0.00154197
0.00154429
0.00154661
0.00154892
0.00155124
0.00155356
0.00155588
0.0015582
0.00156052
0.00156283
0.00156515
0.00156747
0.00156903
0.00157211
0.00157367
0.00157676
0.00157831
0.0015814
0.00158295
0.00158604
0.0015876
0.00159069
0.00159224
0.00159533
0.00159766
0.00159998
0.0016023
0.00160463
0.00160695
0.00160928
0.0016116
0.00161393
0.00161625
0.00161858
0.00162091
0.00162323
0.00162556
0.00162789
0.00163021
0.00163177
0.00163487
0.00163643
0.00163953
0.00164185
0.00164418
0.00164651
0.00164884
0.00165117
0.0016535
0.00165583
0.00165816
0.00166049
0.00166283
0.00166516
0.00166749
0.00166982
0.00167215
0.00167449
0.00167682
0.00167915
0.00168071
0.00168382
0.00168538
0.00168849
0.00169005
0.00169316
0.00169472
0.00169783
0.00169939
0.0017025
0.00170406
0.00170717
0.00170874
0.00171184
0.00171341
0.00171652
0.00171886
0.00172119
0.00172353
0.00172587
0.00172744
0.00173055
0.00173212
0.00173523
0.00173757
0.00173991
0.00174225
0.00174459
0.00174693
0.00174927
0.00175162
0.00175396
0.0017563
0.00175864
0.00176099
0.00176333
0.0017649
0.00176802
0.00177036
0.0017727
0.00177428
0.00177739
0.00177974
0.00178208
0.00178443
0.00178678
0.00178912
0.00179147
0.00179382
0.00179616
0.00179851
0.00180008
0.00180321
0.00180478
0.0018079
0.00181025
0.0018126
0.00181495
0.0018173
0.00181965
0.001822
0.00182435
0.00182592
0.00182905
0.00183063
0.00183375
0.00183611
0.00183846
0.00184081
0.00184239
0.00184552
0.00184709
0.00185022
0.0018518
0.00185493
0.00185729
0.00185964
0.001862
0.00186357
0.00186671
0.00186828
0.00187142
0.00187377
0.00187613
0.00187849
0.00188007
0.0018832
0.00188478
0.00188792
0.00189028
0.00189264
0.00189499
0.00189658
0.00189971
0.00190129
0.00190443
0.00190679
0.00190915
0.00191152
0.0019131
0.00191624
0.00191782
0.00192096
0.00192332
0.00192569
0.00192805
0.00192963
0.00193278
0.00193436
0.0019375
0.00193909
0.00194223
0.00194382
0.00194696
0.00194933
0.00195169
0.00195406
0.00195643
0.00195879
0.00196116
0.00196353
0.00196511
0.00196826
0.00196985
0.001973
0.00197459
0.00197774
0.00197932
0.00198248
0.00198485
0.00198722
0.00198959
0.01473
0.00575102
0.0104975
0.00605755
0.00926993
0.0131149
0.0162963
0.021303
0.0083359
0.0126005
0.0237488
0.0233136
0.023965
0.0179453
0.0245402
0.018426
0.0174022
0.0170113
0.0189159
0.0183705
0.0215974
0.0207445
0.0134287
0.0193673
0.0145631
0.0210591
0.011916
0.0190118
0.0215844
0.0215078
0.0246245
0.0180421
0.0214963
0.0161095
0.0158299
0.0157456
0.0218855
0.0219263
0.0197058
0.0196428
0.0127545
0.0185594
0.00895395
0.0155271
0.0123109
0.0186667
0.0165161
0.0164393
0.0234719
0.0167905
0.0247043
0.0183512
0.0208581
0.0207377
0.0190295
0.020099
0.0101189
0.0156657
0.0132231
0.0189252
0.0228969
0.0227471
0.0235765
0.0232722
0.021414
0.0211114
0.0252882
0.018619
0.021906
0.0156502
0.0210913
0.0204235
0.021217
0.0212084
0.021087
0.0272288
0.013055
0.0197331
0.0246234
0.0245764
0.0240986
0.0240641
0.0210411
0.0151068
0.0206337
0.0141088
0.0221732
0.0226672
0.0220158
0.0208493
0.0241476
0.024176
0.0159689
0.0243585
0.0194004
0.0281101
0.0174167
0.0220269
0.0257401
0.0253994
0.0207324
0.0202223
0.0302134
0.0300005
0.0284978
0.0280637
0.0287641
0.022876
0.0238564
0.0181592
0.0263245
0.041899
0.0369412
0.0316025
0.0281862
0.0132064
0.0119382
0.0101325
0.0196659
0.0218745
0.0288936
0.0284808
0.0253928
0.0254916
0.0257613
0.0194397
0.0325152
0.0257146
0.0234744
0.0234685
0.0274001
0.0274677
0.0212467
0.0273814
0.0229589
0.0298565
0.0281451
0.028049
0.0301078
0.0237771
0.0238247
0.0167634
0.0216085
0.0144615
0.0295602
0.0228854
0.0257646
0.0255525
0.0279937
0.0280288
0.0142405
0.0213326
0.0219211
0.0289017
0.027874
0.0278956
0.0281246
0.0280133
0.0245402
0.0246036
0.0245841
0.0174794
0.0269286
0.0204439
0.0316182
0.0245277
0.0312988
0.0312468
0.0273238
0.0273457
0.0261743
0.0260893
0.0192098
0.0262562
0.0208751
0.0279923
0.0283565
0.0284529
0.0209489
0.0138421
0.0387041
0.0323453
0.0298343
0.0366842
0.0266614
0.0326454
0.0440883
0.0566202
0.0341224
0.0356439
0.0276974
0.0292158
0.0332046
0.0334992
0.0366647
0.0354918
0.0348218
0.0336974
0.0240314
0.0244098
0.0374069
0.0376218
0.0296181
0.0301128
0.021498
0.0234961
0.0192047
0.0212297
0.0248337
0.0252463
0.0195967
0.0183126
0.0301156
0.0283188
0.0212015
0.0216237
0.0195481
0.0192446
0.0108429
0.0138854
0.0221899
0.0258947
0.0144447
0.0142858
0.0133549
0.00824274
0.00862822
0.00584526
0.0158448
0.00881193
0.0109439
0.0126618
0.00333411
0.0105403
0.0145865
0.0214708
0.0221792
0.0223026
0.0133169
0.00655943
0.0297128
0.0231332
0.0256696
0.0187358
0.0192
0.0192571
0.0174212
0.0175341
0.00697027
0.00687771
0.00489258
0.011189
0.00710713
0.022023
0.0217245
0.0184087
0.0170819
0.0162254
0.0149384
0.0176685
0.0185122
0.0143262
0.0248047
0.020017
0.0218119
0.0234912
0.0234875
0.0220238
0.023112
0.0214353
0.020232
0.0264601
0.0221137
0.0276987
0.0222261
0.0292854
0.0185549
0.0280815
0.0302955
0.0289698
0.0283155
0.0363201
0.0383192
0.0351945
0.0336009
0.0285589
0.0295237
0.028761
0.0337672
0.0276863
0.0288509
0.0285383
0.0324008
0.0318747
0.0192937
0.0248993
0.0274976
0.0328306
0.0178772
0.0246121
0.0276029
0.0277724
0.0290057
0.0226239
0.0325812
0.026619
0.0313834
0.0311265
0.0289593
0.0298586
0.0325183
0.0400339
0.0183999
0.0225103
0.0281656
0.028077
0.0277812
0.0274337
0.0241251
0.0141322
0.0218152
0.0149606
0.030352
0.0303115
0.027525
0.0273839
0.0219003
0.0218131
0.0272423
0.0330031
0.0183913
0.0243108
0.0219269
0.0218691
0.0286779
0.0285025
0.0252779
0.018899
0.0303595
0.0240521
0.0285327
0.0219506
0.0285368
0.0284787
0.0271628
0.0270603
0.0272788
0.0271779
0.0273236
0.0272525
0.0261337
0.0259959
0.020449
0.0263041
0.0233356
0.0294893
0.0256831
0.0255041
0.0229333
0.022852
0.0253414
0.0252579
0.0287693
0.0227465
0.0269504
0.0191466
0.0238147
0.0237347
0.031734
0.0316477
0.0274983
0.0274864
0.0195017
0.0262596
0.0137645
0.0208956
0.0141875
0.0207915
0.0255556
0.0254565
0.030014
0.0299215
0.0210134
0.0145064
0.0227632
0.0167314
0.0223832
0.0156037
0.0238555
0.023787
0.0200029
0.0199613
0.0200144
0.0198455
0.0263262
0.0263595
0.0152254
0.0212298
0.0132538
0.0194523
0.0205346
0.0204551
0.0304157
0.0233458
0.0261319
0.0195022
0.0283806
0.0281891
0.0224478
0.0224589
0.0303956
0.0303382
0.0176797
0.0243507
0.0139872
0.0212342
0.0164598
0.0233596
0.0206255
0.0206347
0.0249156
0.0247419
0.0244205
0.025348
0.0243192
0.0249022
0.0206818
0.0133704
0.0242192
0.0183533
0.0230304
0.0229499
0.022054
0.0219874
0.020876
0.0224653
0.0331475
0.035057
0.0219011
0.0256016
0.0203864
0.027566
0.0199961
0.0205445
0.0244462
0.0266238
0.0240454
0.0168699
0.0280205
0.0260218
0.0241138
0.0216891
0.0242436
0.0258762
0.0284958
0.0227211
0.0231217
0.020646
0.0266512
0.0268276
0.0156296
0.0225951
0.0192426
0.029243
0.0269881
0.0268349
0.0321664
0.0284221
0.0289
0.023854
0.0272706
0.0202655
0.0327533
0.0324281
0.0277777
0.0274824
0.0234843
0.0287276
0.0228723
0.0279877
0.0291895
0.0289461
0.0249138
0.0189293
0.0280802
0.0227553
0.0242782
0.0156611
0.0249805
0.0179078
0.0262488
0.0261192
0.0260153
0.0259611
0.0268845
0.0269211
0.0249929
0.0249536
0.0283869
0.0282731
0.027827
0.0346078
0.0176449
0.0244881
0.0249466
0.0255417
0.0274455
0.0207465
0.0259142
0.0197974
0.0205428
0.0203815
0.0290431
0.0288356
0.027032
0.0269332
0.0191524
0.0254448
0.0211048
0.0273262
0.0231496
0.0233646
0.0302489
0.0232107
0.0286375
0.0222818
0.0246329
0.0243787
0.0312174
0.0310501
0.0210871
0.027472
0.0179713
0.0267975
0.03199
0.0347687
0.0251276
0.0214889
0.0237167
0.0200684
0.0292797
0.0289474
0.0292674
0.0292999
0.0234496
0.0233765
0.0269351
0.0393633
0.0423267
0.0463376
0.0322437
0.0142267
0.0187972
0.0104838
0.0161999
0.00813576
0.0134316
0.0168264
0.0162018
0.0158774
0.0317389
0.0316762
0.0239277
0.0311289
0.0216247
0.0281976
0.0316249
0.0316076
0.0268795
0.0268282
0.0318047
0.0246118
0.022384
0.0157825
0.0331638
0.0330619
0.032413
0.0324249
0.0213108
0.0282164
0.020424
0.0274374
0.019089
0.0255046
0.0308308
0.0307495
0.0212875
0.0150216
0.0298858
0.0227604
0.0255639
0.0255901
0.0276215
0.0275403
0.0186443
0.0250473
0.02265
0.0297872
0.0313742
0.031419
0.0286739
0.0287432
0.028246
0.0208421
0.0326864
0.0259106
0.0396582
0.0336198
0.0348075
0.0354795
0.0419879
0.0416654
0.0317805
0.0385497
0.0147372
0.0211514
0.0249494
0.0376994
0.0280581
0.0248346
0.0352411
0.0358231
0.0256311
0.0324327
0.0429771
0.0463032
0.0682095
0.0691577
0.0373787
0.0359876
0.0335688
0.0328091
0.0341346
0.0337631
0.0294706
0.0303502
0.0299333
0.0309622
0.0366537
0.0374248
0.0321405
0.0325157
0.0362941
0.0351671
0.0332458
0.0320947
0.0370706
0.0373337
0.0275827
0.0266392
0.0379297
0.0391348
0.0242825
0.0263371
0.0365012
0.0389222
0.0378435
0.0381685
0.0304535
0.0286484
0.0309084
0.0283649
0.0365955
0.0340139
0.0345912
0.0318835
0.0325589
0.032859
0.0275901
0.0273572
0.0235941
0.027922
0.0167358
0.0214354
0.0324414
0.0363886
0.0234054
0.0222701
0.035645
0.0341668
0.0265769
0.0214924
0.0331689
0.0265727
0.030657
0.030693
0.019696
0.0197601
0.0240509
0.0305555
0.0126619
0.0196944
0.0337481
0.0337107
0.0293907
0.0236173
0.0337641
0.0269019
0.0356243
0.0292491
0.0321703
0.032274
0.0392926
0.0391891
0.0301144
0.0329288
0.0323585
0.0336014
0.0385366
0.0379366
0.0240911
0.0245324
0.026512
0.0311434
0.0209102
0.029489
0.0262444
0.0256284
0.0237813
0.0183019
0.0320554
0.026213
0.0235459
0.0242051
0.0283814
0.0275145
0.0180406
0.0168978
0.0183326
0.0293718
0.0259415
0.0348135
0.0295491
0.0287378
0.0165739
0.0147314
0.0163252
0.00982028
0.0212241
0.0156724
0.0222884
0.022177
0.0186827
0.0185197
0.0138213
0.0206896
0.0183572
0.0241476
0.0184115
0.0187242
0.0211021
0.0206125
0.0168737
0.0176287
0.0201845
0.0161401
0.0150574
0.0103909
0.0183062
0.0191375
0.0146191
0.0134025
0.0205152
0.0198026
0.020868
0.0208416
0.0199524
0.0198147
0.013399
0.0133313
0.0137177
0.0200526
0.0217183
0.0273077
0.020107
0.0260558
0.0103598
0.0166355
0.0168805
0.023034
0.0156932
0.0218136
0.013726
0.018225
0.0170848
0.0233441
0.0253286
0.0251179
0.0279557
0.0224731
0.0226338
0.0171583
0.0241411
0.0187985
0.0220443
0.0154174
0.0227987
0.0162964
0.0251231
0.0250332
0.0188071
0.0186895
0.0244215
0.0242553
0.0227193
0.0226209
0.024919
0.0244777
0.0246161
0.0245752
0.0214246
0.0149398
0.0228097
0.0227679
0.0257997
0.0256844
0.0258149
0.0257089
0.0191717
0.0254302
0.0248156
0.0312688
0.0251081
0.0250048
0.030639
0.0304892
0.030852
0.0239514
0.0235243
0.0163698
0.021851
0.0218713
0.0197342
0.0196826
0.017666
0.0239691
0.0175772
0.0242729
0.013727
0.0199428
0.0154995
0.0221005
0.0278198
0.0277299
0.0277086
0.0277017
0.0270594
0.0269916
0.0217743
0.0217364
0.020209
0.0134269
0.0240178
0.0172431
0.0289255
0.0223551
0.0200542
0.0199982
0.0275835
0.0275825
0.0294339
0.0293817
0.0197303
0.0197024
0.017953
0.0249764
0.0128311
0.0189488
0.0171379
0.0245535
0.0269921
0.0243542
0.0273661
0.0267831
0.0241033
0.0179655
0.0247919
0.0176254
0.0248288
0.0178811
0.0245419
0.0272705
0.0251574
0.0249951
0.0267757
0.0306574
0.0224105
0.0255516
0.0189341
0.0210532
0.0255372
0.0251932
0.0225234
0.0166651
0.0189752
0.0119202
0.0217147
0.0228325
0.0197056
0.0176126
0.0192415
0.029777
0.0148164
0.0155428
0.0113328
0.0159755
0.0164749
0.0267314
0.0204458
0.0248544
0.0131557
0.0180963
0.0209119
0.025369
0.022705
0.0223422
0.0243117
0.0240401
0.0191166
0.0185682
0.022068
0.0218407
0.0228367
0.0178076
0.0315453
0.0260491
0.0192494
0.0131544
0.0278543
0.0199337
0.0211047
0.0159861
0.0235115
0.0171691
0.0270314
0.0267887
0.0202393
0.0200877
0.0248782
0.0251568
0.0244464
0.0297442
0.0176837
0.0231876
0.0236584
0.0286096
0.0241358
0.0239503
0.0275686
0.0273425
0.0215938
0.0214735
0.0227223
0.0162434
0.0217211
0.0153415
0.0281066
0.027954
0.0245522
0.0244515
0.0226344
0.0289982
0.0232969
0.0299564
0.0230884
0.0230474
0.0293573
0.0293616
0.0251451
0.0182517
0.0252197
0.0182941
0.0271945
0.0208028
0.0293287
0.0294422
0.0234662
0.0235995
0.0178471
0.0241153
0.0222663
0.0296741
0.0307281
0.0308184
0.0313767
0.0273984
0.0233282
0.0180531
0.0224623
0.0224797
0.0264048
0.0261435
0.0174217
0.022323
0.0222874
0.0272483
0.0154453
0.0208484
0.0185678
0.0242442
0.0263147
0.0323401
0.0204041
0.0204103
0.0278149
0.0209082
0.0251561
0.0188528
0.025309
0.0252823
0.0206087
0.0206605
0.0282542
0.0282769
0.0241829
0.0241918
0.017477
0.0228854
0.0137917
0.0196556
0.0200826
0.0265675
0.0138836
0.0199515
0.0242493
0.0242899
0.028382
0.0225388
0.0270764
0.0208819
0.0168455
0.0108263
0.0174399
0.0174387
0.0195264
0.0194903
0.0259747
0.0258706
0.0180559
0.0244239
0.0152556
0.0222878
0.024305
0.0244634
0.0236917
0.0169101
0.0274424
0.0207045
0.0290991
0.0291481
0.0265787
0.0265483
0.0170122
0.0215254
0.0288087
0.040274
0.0442783
0.0556689
0.0630036
0.0708881
0.0739383
0.0759736
0.0944199
0.096075
0.110147
0.110968
0.0243058
0.0244177
0.0350193
0.0339688
0.0283864
0.0256858
0.0311786
0.0304002
0.035885
0.0385649
0.0330517
0.034117
0.030141
0.0293498
0.028718
0.0257506
0.0363994
0.0355801
0.0276756
0.0266411
0.0268313
0.0304524
0.0324869
0.0376192
0.0277057
0.0256128
0.0441444
0.0432798
0.0379809
0.0328163
0.0423863
0.0368314
0.0387829
0.0374396
0.0404197
0.03928
0.0360183
0.0308638
0.0228792
0.0223587
0.0185548
0.0255349
0.0339535
0.0383802
0.0273122
0.0271193
0.0251331
0.0249715
0.0394592
0.0393196
0.0488454
0.0421227
0.0386168
0.0319292
0.038751
0.0387286
0.0340198
0.0338951
0.0218265
0.0218239
0.0272726
0.0338769
0.0220053
0.0286312
0.0321038
0.0321129
0.0436609
0.0438432
0.0343804
0.0358938
0.0402714
0.0384074
0.0576305
0.0566478
0.0273281
0.0198533
0.0252897
0.019405
0.0299763
0.0306132
0.0252551
0.0250517
0.0240928
0.0232212
0.0246185
0.0304842
0.0117849
0.016071
0.0268045
0.0255691
0.0164432
0.018218
0.0294718
0.0254518
0.0264518
0.0224824
0.0246038
0.0200329
0.0184358
0.014462
0.0197032
0.014112
0.0185104
0.0179137
0.0238776
0.0235779
0.0148199
0.0189048
0.0182292
0.0221899
0.0114041
0.011101
0.0232772
0.017205
0.022417
0.0183675
0.0226716
0.0227052
0.0224736
0.0225188
0.0186647
0.0188213
0.0264969
0.0268159
0.0135258
0.0189054
0.0161871
0.0237938
0.0264424
0.0265008
0.0237735
0.0238951
0.0237792
0.020091
0.0255789
0.0216209
0.0175817
0.0107502
0.0195463
0.0194233
0.0148221
0.0148065
0.0246371
0.0246895
0.0196935
0.0250641
0.0162985
0.0216412
0.0202848
0.0263654
0.0218656
0.0267031
0.0252148
0.0251333
0.0227282
0.0176658
0.0232393
0.0172459
0.0228867
0.0173936
0.0225073
0.0224719
0.028013
0.0280412
0.0285353
0.0284977
0.0127307
0.0192624
0.0189003
0.0251089
0.0211017
0.0210714
0.0213062
0.0213146
0.0254817
0.0253972
0.0269176
0.0269645
0.0266458
0.0265951
0.0292261
0.0226681
0.027542
0.0219338
0.0272358
0.0202335
0.02968
0.0231485
0.0237512
0.0168458
0.0275038
0.021147
0.029645
0.0235834
0.0218149
0.0283085
0.0218406
0.021882
0.0288252
0.0287439
0.0273547
0.027397
0.0246417
0.0276104
0.0227794
0.0236879
0.0197582
0.0261022
0.0274369
0.0426935
0.0301949
0.0257397
0.0334595
0.035946
0.0356424
0.0404364
0.0243443
0.0231253
0.0279892
0.0266589
0.0260794
0.023656
0.0268043
0.0271882
0.0241356
0.0169819
0.0120605
0.00133399
0.0223661
0.0179574
0.0144872
0.0257032
0.0149214
0.0186691
0.0207085
0.0305116
0.0273467
0.033052
0.0244096
0.0238489
0.0234186
0.0233087
0.0255573
0.0204461
0.0189067
0.0134591
0.0200454
0.0146297
0.0237766
0.0186977
0.0256222
0.0256188
0.0289547
0.0287548
0.0238301
0.0238487
0.0304151
0.0304905
0.0191634
0.024878
0.0200938
0.0259658
0.0185606
0.0245089
0.0231636
0.0230279
0.0273788
0.0274204
0.0235494
0.0172415
0.0253217
0.0189589
0.0291399
0.0291402
0.0225622
0.0225738
0.0259888
0.0260345
0.0229475
0.0294211
0.0210528
0.0275625
0.0265102
0.0264326
0.0270401
0.0270518
0.0241109
0.0240534
0.0241568
0.0176735
0.0301004
0.0235786
0.0262115
0.0261176
0.0235186
0.0235287
0.0277718
0.0277743
0.0188829
0.0250829
0.0183347
0.0251902
0.0206497
0.0273992
0.0243236
0.0243528
0.0279702
0.0207639
0.0302339
0.0230747
0.0306271
0.0305848
0.0254682
0.0254464
0.0270345
0.0358418
0.0300427
0.0374588
0.0254976
0.0254663
0.0359385
0.0299974
0.0265194
0.0179244
0.0295432
0.0298982
0.0282004
0.0278373
0.0219934
0.028601
0.0199491
0.0260592
0.0325135
0.0327525
0.032625
0.0324728
0.0283204
0.0217313
0.0261221
0.0212263
0.0307908
0.0249159
0.027778
0.0216795
0.0265676
0.0263676
0.031741
0.031721
0.0276824
0.0273832
0.0209441
0.0269918
0.0211955
0.0274248
0.027567
0.027349
0.0266532
0.0265342
0.0248384
0.0185109
0.0236308
0.0180139
0.023616
0.0234844
0.0258055
0.0257847
0.0201235
0.0267414
0.02064
0.0270838
0.0320237
0.0317011
0.0257745
0.0257075
0.0219802
0.0150266
0.0225928
0.0171104
0.0246707
0.0184649
0.0267096
0.0266094
0.0280926
0.0280962
0.0292778
0.0290658
0.0192505
0.0192737
0.014502
0.0203286
0.0208361
0.0274659
0.0317121
0.0317148
0.0237241
0.017509
0.0288169
0.0215343
0.0257212
0.0256895
0.0254848
0.0253675
0.0204285
0.0264367
0.0160076
0.0227915
0.0223645
0.0224371
0.0270115
0.026894
0.020665
0.0206881
0.0231407
0.0159071
0.0247963
0.0176772
0.0288164
0.0287557
0.0238768
0.0237628
0.0167107
0.0239976
0.0135151
0.0191413
0.0242738
0.0301678
0.0286809
0.0287439
0.0271931
0.021782
0.026173
0.0196389
0.0265918
0.0201483
0.0277612
0.0277187
0.027871
0.0278108
0.0290487
0.0293565
0.0298267
0.0353842
0.0305279
0.0303438
0.0319491
0.0547637
0.0326607
0.0365667
0.0341679
0.0338344
0.0316859
0.0307441
0.0309672
0.0296761
0.0338758
0.0334613
0.0322331
0.0319687
0.028691
0.0289965
0.0243914
0.0246946
0.0201531
0.0205122
0.0173943
0.017083
0.0265477
0.0262245
0.0252954
0.0249833
0.0346077
0.0333977
0.0245197
0.0235945
0.0226411
0.0222343
0.0202176
0.0197585
0.0101676
0.00967496
0.0331084
0.0326533
0.0238086
0.0233031
0.0197653
0.0203644
0.03024
0.0306655
0.0202496
0.0195266
0.00935961
0.00873932
0.00935774
0.00472381
0.0100607
0.00711797
0.00816814
0.0120157
0.0154579
0.0119969
0.00935504
0.00663112
0.00840069
0.0154394
0.0167712
0.0229998
0.0134616
0.0146346
0.0231907
0.023015
0.0192275
0.0121022
0.0149943
0.00788479
0.0106894
0.0106011
0.0102206
0.0100776
0.0188527
0.0187495
0.0174001
0.0172943
0.0268076
0.0268245
0.0184516
0.0183717
0.018407
0.018344
0.0178766
0.017743
0.0184103
0.0184032
0.0165865
0.0236832
0.0100137
0.0171247
0.00965103
0.0158733
0.0124359
0.01933
0.0144148
0.0178773
0.022752
0.0218763
0.0204798
0.0204785
0.01958
0.0178556
0.0308214
0.0238198
0.0212645
0.0132829
0.0322036
0.0353047
0.0316514
0.0358165
0.0215339
0.023142
0.0227452
0.0357306
0.0403052
0.0391903
0.0301336
0.0314616
0.0233995
0.0179147
0.029302
0.0234486
0.0242774
0.0187324
0.0246391
0.0247076
0.029343
0.0293033
0.0199332
0.0250019
0.02183
0.0276418
0.0237439
0.0236403
0.0262392
0.026298
0.0230767
0.0175384
0.0275399
0.0211045
0.0245167
0.0245622
0.0245868
0.0247011
0.0254682
0.0318731
0.0154157
0.0217704
0.025412
0.0253319
0.0283575
0.0223433
0.0258577
0.0199801
0.0234339
0.0233768
0.024333
0.0244097
0.0225343
0.0225783
0.0184893
0.0245845
0.0176175
0.0244543
0.024009
0.0239505
0.0241809
0.0242923
0.0161928
0.00942998
0.0261749
0.0195935
0.0207799
0.0144122
0.0233668
0.0173704
0.0250203
0.0181333
0.0261032
0.0196798
0.0251813
0.0185757
0.0195754
0.0195667
0.0201635
0.0201326
0.00999415
0.015503
0.0185657
0.0249165
0.0209029
0.0209288
0.016984
0.0169927
0.0190897
0.0190849
0.0204779
0.01376
0.0221537
0.0162
0.0219904
0.0219371
0.0181369
0.0181241
0.0175816
0.0175712
0.0216074
0.0216179
0.0228248
0.0228461
0.0162019
0.0161313
0.0142995
0.0215346
0.0150335
0.0216681
0.0236328
0.0236211
0.0215253
0.015381
0.021322
0.0143612
0.0211268
0.0211441
0.0212926
0.0211899
0.0214374
0.0214705
0.0135199
0.0205944
0.0110549
0.0181802
0.0186939
0.0274805
0.0177889
0.0160416
0.025396
0.0268901
0.0252087
0.0217416
0.0210037
0.0137797
0.0201424
0.0201045
0.0262378
0.0268598
0.0284413
0.0269089
0.0288254
0.0315614
0.0198638
0.0156186
0.0179676
0.0218909
0.0219724
0.032726
0.0220832
0.029743
0.0342041
0.0340208
0.0187598
0.0162287
0.0307652
0.0319366
0.0307687
0.0280115
0.0282911
0.0284094
0.0217005
0.0211502
0.0344533
0.0391316
0.0259261
0.0299529
0.0312307
0.0313283
0.0315186
0.0315165
0.0313739
0.0265226
0.029076
0.0237781
0.0290923
0.029311
0.0328852
0.032727
0.0279258
0.033209
0.0219894
0.0268406
0.0303477
0.0302333
0.027948
0.0280995
0.0240798
0.024178
0.0271211
0.0214363
0.0272147
0.0211646
0.0290324
0.0292729
0.0249468
0.0248342
0.0191911
0.025883
0.0186334
0.0232684
0.0270374
0.0274226
0.026532
0.0263567
0.0271482
0.0271133
0.0279824
0.0280198
0.0254418
0.0252627
0.0249417
0.0188911
0.0242115
0.0176045
0.0220012
0.0159015
0.0254259
0.0253421
0.0291096
0.0290043
0.0160536
0.0228639
0.0172853
0.0231963
0.0244681
0.0244806
0.0203199
0.0150809
0.0214461
0.0148835
0.0256342
0.0256406
0.0231775
0.0230379
0.0230871
0.0294811
0.0177645
0.025507
0.0309707
0.0308789
0.0274598
0.0296059
0.0198527
0.0144266
0.0250907
0.0227706
0.0216117
0.0212322
0.0256995
0.0252376
0.0268207
0.0263884
0.0291377
0.0288049
0.0275192
0.0320593
0.0226176
0.0276266
0.0323896
0.0316946
0.0253634
0.0250408
0.0283044
0.0219365
0.0256537
0.0193002
0.0283999
0.0219554
0.0226225
0.0155821
0.028421
0.0215697
0.0307944
0.0309527
0.0330815
0.032762
0.0319938
0.0317446
0.0310547
0.0311329
0.0225969
0.0224741
0.0226137
0.0224832
0.025305
0.0320139
0.0213642
0.0273342
0.0309022
0.0309136
0.0273325
0.0200281
0.0330472
0.0265114
0.031032
0.0310755
0.0269081
0.0267598
0.0247328
0.0247037
0.0283394
0.0342498
0.0237035
0.0322785
0.0266625
0.0241685
0.035559
0.0356196
0.0205384
0.0146231
0.030909
0.0234219
0.0417151
0.0603425
0.0420842
0.0528403
0.0385077
0.0487014
0.0440883
0.0482833
0.0385778
0.039313
0.0394211
0.0395447
0.0214745
0.0217807
0.0385706
0.0387563
0.0343597
0.0330059
0.022741
0.0215501
0.0231219
0.0217102
0.0268719
0.027222
0.0227993
0.0232279
0.035032
0.0354611
0.0231295
0.0236573
0.0219456
0.022079
0.024507
0.0245227
0.0203266
0.0210251
0.0239741
0.0240079
0.0158971
0.0187411
0.00791379
0.0114734
0.00782967
0.00589512
0.0126773
0.0115559
0.00981763
0.0104262
0.0216173
0.0216597
0.020105
0.0138443
0.0196168
0.0127356
0.0248642
0.0249128
0.0232066
0.0231709
0.0135982
0.0135968
0.0170974
0.0171841
0.0138559
0.0198001
0.00876868
0.0159203
0.0105321
0.0172838
0.0138691
0.0138788
0.0286448
0.0270046
0.0191747
0.0160064
0.0178866
0.0114842
0.0174971
0.00945345
0.0254816
0.0254349
0.0341545
0.0357142
0.0202209
0.0180214
0.0360443
0.0367716
0.012262
0.0192881
0.0249027
0.02876
0.0250966
0.0222628
0.0250384
0.0169989
0.027725
0.0295894
0.0370862
0.0393786
0.027595
0.0264627
0.0193149
0.0218225
0.0191189
0.0223359
0.0204339
0.0201585
0.0333583
0.0265797
0.0292347
0.0222027
0.0291529
0.0229026
0.0334792
0.0339599
0.0293436
0.0290966
0.0318764
0.0324151
0.0268362
0.0282993
0.0289295
0.0290575
0.0263517
0.0303219
0.0244841
0.0277831
0.0193233
0.0160677
0.0238423
0.0237489
0.0244256
0.0181594
0.0221681
0.0163617
0.0206409
0.0204489
0.0216548
0.0215335
0.0134848
0.0196088
0.0206543
0.0268999
0.0236095
0.0234465
0.0302728
0.0243633
0.0185015
0.0120044
0.0250526
0.0249592
0.0205906
0.0204482
0.0108525
0.0167334
0.0179885
0.0240355
0.0236649
0.0236739
0.0236751
0.0171884
0.0254461
0.0194846
0.0160743
0.0160208
0.0260475
0.0259632
0.0244423
0.024435
0.0219784
0.0217788
0.0198037
0.0262362
0.0173981
0.0240943
0.0240143
0.0239126
0.0215427
0.0150253
0.023912
0.016845
0.0291655
0.0291435
0.0222286
0.0221305
0.0219438
0.0282433
0.0132088
0.0201582
0.0186476
0.0246266
0.0243614
0.0243597
0.0232089
0.0164992
0.0229728
0.0162057
0.026671
0.0266513
0.0235309
0.0249065
0.0172282
0.0251736
0.0269555
0.0399276
0.0400233
0.0385689
0.0197972
0.0049767
0.0467421
0.0387328
0.0639454
0.0596394
0.0225151
0.0227912
0.0210039
0.0318155
0.028146
0.0327218
0.0314225
0.0312953
0.0303942
0.0252403
0.0305965
0.0255318
0.0334202
0.0332166
0.0292584
0.029138
0.0269601
0.0265862
0.0340215
0.033813
0.0232617
0.0284596
0.0247034
0.0298576
0.0280253
0.0278224
0.0295525
0.0238598
0.0317201
0.0259351
0.028389
0.0280583
0.0276527
0.0275616
0.0274089
0.0331519
0.0207691
0.0262621
0.0226012
0.0224329
0.0274509
0.0273361
0.0300075
0.0238611
0.0251724
0.0195264
0.0256922
0.019551
0.0227884
0.0225867
0.0232043
0.0231288
0.0179335
0.0236488
0.0200981
0.0261373
0.0259835
0.0257971
0.0294329
0.0234937
0.0276417
0.0218197
0.0276041
0.0275356
0.0260816
0.0259634
0.013698
0.0204276
0.019166
0.0254274
0.0229165
0.0228613
0.0183957
0.0115842
0.0206234
0.0142203
0.0230797
0.0229693
0.0243127
0.0242069
0.0139974
0.0205726
0.0146267
0.0217468
0.0273169
0.0272769
0.0252842
0.018952
0.0255412
0.0217864
0.0215184
0.0213805
0.025435
0.0257414
0.0206779
0.0257788
0.0215472
0.0269359
0.0260181
0.0259614
0.0284024
0.0223041
0.0201184
0.0140341
0.0265239
0.0265546
0.0253289
0.0258665
0.0168909
0.0235649
0.0253032
0.032324
0.0293869
0.0303122
0.0284458
0.0211556
0.024644
0.0173432
0.0227795
0.0167048
0.0235254
0.0168193
0.0290988
0.0294131
0.0270434
0.0270952
0.0284175
0.0296947
0.0316445
0.0315128
0.0232598
0.0286814
0.0245511
0.0298926
0.0252799
0.0249879
0.0282499
0.0281997
0.0262475
0.0200139
0.0247559
0.0191937
0.0279574
0.0324844
0.0327264
0.0332342
0.0383135
0.0477112
0.0321295
0.0348968
0.0306979
0.0249246
0.0184836
0.00873368
0.0237591
0.0141192
0.0331247
0.0347638
0.0334386
0.0341108
0.0302748
0.0346757
0.0285333
0.0326642
0.0318913
0.0316166
0.0372218
0.031628
0.0345472
0.0284584
0.0273921
0.02155
0.0301489
0.0297995
0.0317019
0.0310856
0.0261231
0.029553
0.0272057
0.0323744
0.0328762
0.031986
0.0430554
0.0379679
0.0309149
0.0244416
0.0232269
0.0297674
0.033172
0.0281964
0.025052
0.0207163
0.0197773
0.0244636
0.0259534
0.0316833
0.033078
0.033346
0.0332099
0.0406957
0.0344976
0.0300975
0.0355389
0.0284308
0.0332501
0.031713
0.0264277
0.0255238
0.0270834
0.0270999
0.0169413
0.0237692
0.0293885
0.036358
0.031778
0.0316872
0.0329403
0.0256609
0.0370254
0.0301236
0.026238
0.0263781
0.0336942
0.0336552
0.022857
0.0301813
0.0136435
0.0207646
0.0369329
0.0387192
0.0282271
0.0264567
0.0262493
0.0195329
0.0324239
0.0342557
0.0490495
0.0565207
0.0360277
0.0363808
0.0390587
0.0393918
0.0400554
0.0416283
0.0382235
0.0394178
0.0451783
0.0451093
0.0392218
0.0381038
0.0370344
0.0357258
0.0287584
0.0273259
0.0394138
0.0397429
0.0288837
0.0317673
0.0334517
0.0369375
0.0340629
0.0375904
0.0289252
0.0281817
0.028135
0.0238067
0.0265075
0.0167518
0.0458084
0.0445599
0.038568
0.040785
0.0202779
0.0212346
0.0121658
0.015119
0.0352441
0.0418486
0.034786
0.0346396
0.0366822
0.0305228
0.0209822
0.0141797
0.0285563
0.0227817
0.0251933
0.0251803
0.0274516
0.0273775
0.0246397
0.0300335
0.0193852
0.0256671
0.0292034
0.0291692
0.0221922
0.014967
0.0228892
0.0161267
0.0309273
0.0237719
0.0293635
0.0292655
0.0308466
0.030821
0.0249577
0.0313885
0.0211637
0.0270924
0.0372978
0.0436949
0.0266431
0.0203525
0.0253602
0.017722
0.0328972
0.033495
0.0236075
0.0231411
0.0203686
0.025554
0.019858
0.0270011
0.0217369
0.0219554
0.018829
0.0166592
0.0198227
0.0205015
0.022317
0.0167835
0.0148315
0.0111836
0.0170735
0.0186496
0.022097
0.016855
0.0148119
0.019612
0.0154806
0.021759
0.0246816
0.0244345
0.0167497
0.0164082
0.0177227
0.0176031
0.0199398
0.0136264
0.0195594
0.0139367
0.0182132
0.0181451
0.0231086
0.0228743
0.0199405
0.0248855
0.023467
0.0291414
0.0182666
0.018028
0.0244492
0.0243428
0.0241056
0.0182969
0.0246769
0.019238
0.0211967
0.0210142
0.0258412
0.0255302
0.0135549
0.0193839
0.0190392
0.0246556
0.0139305
0.0200414
0.0230874
0.0229221
0.0165144
0.0164141
0.0129151
0.00652754
0.026997
0.0202923
0.0223583
0.0221181
0.0151228
0.0149434
0.0195245
0.0253794
0.0161025
0.0220224
0.0223217
0.022243
0.0256087
0.0254763
0.027117
0.0202819
0.0237095
0.0169157
0.0251794
0.0250531
0.0227201
0.022644
0.0284326
0.0283484
0.0108818
0.0176612
0.0206725
0.0271634
0.0220487
0.0284682
0.0272635
0.0271991
0.0263789
0.0262506
0.0248634
0.0177892
0.024199
0.0180305
0.0229887
0.022857
0.0240008
0.0239946
0.0289716
0.0287881
0.0195887
0.0195787
0.0183822
0.0245338
0.0163907
0.0228225
0.0248431
0.0248734
0.0243322
0.017977
0.0240214
0.0172529
0.0227871
0.0226331
0.0264678
0.0264575
0.0180255
0.0245646
0.0167038
0.0235546
0.0210531
0.0277765
0.0198091
0.0267594
0.0192006
0.0264567
0.0202651
0.027403
0.0273592
0.0287942
0.0234386
0.0123792
0.0220353
0.0145249
0.0285861
0.0220983
0.0223263
0.0222438
0.022064
0.0244802
0.0177288
0.0235907
0.0203156
0.0306023
0.0251601
0.0250536
0.0195284
0.0179555
0.0307487
0.0295925
0.0172684
0.015684
0.0116941
0.014409
0.0128309
0.0168213
0.0116227
0.0128007
0.0184199
0.0187996
0.0232679
0.0177121
0.0237574
0.0177015
0.0200152
0.0193705
0.0177518
0.0169963
0.00991171
0.0153252
0.010879
0.0271562
0.0236319
0.0276644
0.0215122
0.0244053
0.0207615
0.0203762
0.0159656
0.0117831
0.0246618
0.0201477
0.028966
0.0241504
0.0242912
0.0238972
0.0307413
0.0304689
0.0175677
0.0217362
0.0222552
0.0225671
0.0221488
0.0171052
0.0304369
0.0303254
0.020408
0.0139666
0.0240213
0.0150453
0.0359744
0.0340809
0.0298979
0.0273541
0.0170822
0.0234736
0.0252736
0.0252603
0.0275908
0.0263832
0.0262419
0.019455
0.0234333
0.0166222
0.0293927
0.0221993
0.0263361
0.0263691
0.0244976
0.0245101
0.0259964
0.0260256
0.022921
0.0298677
0.0221758
0.0292461
0.0268269
0.0271462
0.0244968
0.0245869
0.0289449
0.022423
0.0268807
0.0210404
0.0273013
0.0211052
0.0251355
0.0252897
0.0246261
0.0255274
0.020781
0.0266523
0.0257754
0.0330225
0.031757
0.0323063
0.0344214
0.0346858
0.0320561
0.0278688
0.0222891
0.018074
0.027987
0.0275716
0.0337643
0.0336198
0.0191957
0.0191652
0.0249405
0.0296365
0.0276576
0.0322025
0.0134325
0.0185548
0.0148984
0.0201172
0.0293235
0.0290471
0.0270022
0.0214503
0.0209551
0.0147114
0.0224431
0.0158479
0.0235655
0.0235211
0.0169997
0.0169282
0.0241184
0.0241055
0.0224299
0.0288176
0.019626
0.0264704
0.0180668
0.0248822
0.0182099
0.0253027
0.0167212
0.0236574
0.018218
0.0252589
0.0266416
0.0266295
0.0208432
0.0147723
0.0198204
0.0142518
0.0225161
0.0224119
0.0251439
0.0252007
0.0262018
0.0262641
0.0321088
0.0320102
0.0180142
0.0180364
0.0205737
0.0275679
0.0195758
0.0257317
0.0268486
0.0274971
0.0224058
0.0213401
0.0263905
0.0188628
0.0217888
0.0333302
0.0375705
0.0405198
0.0277189
0.02671
0.036481
0.0367622
0.0333777
0.0337645
0.0192659
0.0205344
0.0186353
0.0199084
0.0181506
0.0169089
0.0247506
0.0230471
0.029676
0.0272291
0.0313797
0.0283816
0.0201409
0.0205042
0.0218796
0.0221908
0.0242967
0.0220114
0.0245022
0.0234639
0.0138234
0.0196351
0.00998245
0.0178971
0.0253221
0.0261433
0.0178783
0.0160542
0.0194538
0.0123036
0.00943506
0.00588482
0.0203286
0.0203741
0.0156468
0.0155876
0.0142919
0.0198721
0.022544
0.0297273
0.0238276
0.0237779
0.0171256
0.0117144
0.0178706
0.0133103
0.0164305
0.0164481
0.0212004
0.0143534
0.0195848
0.0125084
0.0202803
0.0203447
0.0154733
0.0153942
0.0272517
0.0336295
0.0185033
0.0253531
0.0242134
0.0310945
0.0304797
0.0285023
0.0187594
0.0127062
0.0191784
0.0154881
0.0296078
0.0253227
0.025292
0.0179608
0.0231959
0.0177674
0.0265376
0.0192873
0.0252874
0.0275477
0.0274047
0.0281606
0.0237532
0.0314769
0.0266773
0.024317
0.02824
0.0284751
0.0315843
0.0315851
0.029989
0.0216533
0.0269458
0.026749
0.0203841
0.0204688
0.0291682
0.028924
0.0230892
0.0287657
0.0183161
0.0240856
0.0266917
0.0264173
0.0249574
0.01894
0.0296162
0.0235289
0.0313201
0.0310053
0.0254714
0.0253515
0.0290071
0.0289513
0.0204355
0.0259367
0.019154
0.0246796
0.0268788
0.0268008
0.0276036
0.0273513
0.0262613
0.0200393
0.0240103
0.0181141
0.0229152
0.016338
0.0226556
0.022619
0.0221542
0.0219415
0.0212539
0.0269763
0.0210312
0.0273403
0.0233006
0.0231185
0.0209122
0.0147528
0.0143065
0.00853148
0.0227491
0.0226107
0.0238071
0.023731
0.0240448
0.0238996
0.019316
0.0253699
0.0160265
0.0222435
0.0165045
0.0231202
0.0231498
0.0230207
0.0244907
0.0175564
0.0256092
0.0191371
0.0194133
0.0193703
0.0225591
0.0224653
0.0264806
0.0263785
0.0203345
0.0264365
0.0210853
0.0278424
0.0237355
0.030178
0.0196382
0.0256822
0.0241254
0.0240477
0.0232803
0.0170997
0.0241017
0.0178019
0.0254129
0.0186551
0.022389
0.0155214
0.0238684
0.0170671
0.0269393
0.0206421
0.0247032
0.0179416
0.0214871
0.0214936
0.02447
0.0243106
0.0191071
0.0262643
0.0170854
0.0237142
0.0215214
0.0215119
0.019536
0.0132807
0.0208055
0.0155722
0.0229083
0.0160939
0.0274105
0.0273413
0.0248309
0.0288033
0.0220255
0.0227772
0.0246614
0.0250135
0.0106227
0.0110058
0.0275543
0.0297804
0.0221786
0.0259185
0.0268792
0.0198166
0.0302487
0.0272647
0.0275129
0.020058
0.0304709
0.0341381
0.027808
0.0263939
0.0272816
0.0281543
0.0364322
0.0337463
0.0332436
0.0360081
0.033064
0.0294477
0.024714
0.0348831
0.0303207
0.0343862
0.0287527
0.025063
0.0312783
0.0276644
0.0314017
0.027064
0.0309918
0.0260794
0.0299422
0.0251887
0.0322713
0.0318725
0.0336421
0.0333373
0.0273687
0.0321149
0.0236192
0.0280934
0.0287856
0.0293394
0.0265027
0.0212411
0.0303584
0.0228429
0.0310416
0.0307384
0.0239211
0.0239025
0.0326144
0.0326931
0.0259119
0.0257237
0.0285986
0.0286
0.0236624
0.0298344
0.0222224
0.0283165
0.0174644
0.02304
0.0299716
0.0297487
0.0304465
0.030211
0.0283589
0.0223457
0.0222746
0.0157427
0.0284599
0.0284197
0.0283573
0.02811
0.0258042
0.0256405
0.0183996
0.0247331
0.0166338
0.0228346
0.0243631
0.0243555
0.0280711
0.0280672
0.0248816
0.0248948
0.0263898
0.0201221
0.0267454
0.0207394
0.0284689
0.0283962
0.0190573
0.0189578
0.0253506
0.029324
0.025239
0.0302364
0.0253835
0.020905
0.0268661
0.0268344
0.0272137
0.0238706
0.023074
0.0195242
0.0244767
0.0208726
0.035221
0.0351181
0.0277372
0.0274193
0.00616104
0.0093597
0.0502487
0.0538767
0.0190827
0.0240886
0.0253124
0.025022
0.0358872
0.0306985
0.033864
0.0284667
0.0326183
0.0268675
0.0319102
0.0257337
0.0351789
0.0288898
0.0305728
0.0305997
0.0253134
0.0250948
0.0305476
0.0365202
0.0303404
0.03688
0.0255977
0.0316143
0.0178623
0.0246795
0.0272875
0.0270333
0.030599
0.0237216
0.0277173
0.0206217
0.0381876
0.0313352
0.0290141
0.0292142
0.0320576
0.0319373
0.0288963
0.0289347
0.0204144
0.0270136
0.0270448
0.0341548
0.0328948
0.0328825
0.0319627
0.0320399
0.0292893
0.0292896
0.0333832
0.0333391
0.0338081
0.0339974
0.0293431
0.030415
0.0390178
0.036041
0.0356281
0.0295102
0.0353907
0.0285996
0.042388
0.043303
0.0294846
0.0295676
0.0294683
0.0287174
0.0381794
0.062719
0.0380554
0.0525877
0.0554454
0.057564
0.0332194
0.0335289
0.0315183
0.0318949
0.0428719
0.0395186
0.0484295
0.0459648
0.0507003
0.0508788
0.0388075
0.0383869
0.0479426
0.0516949
0.0457158
0.048534
0.0393901
0.0427179
0.0403813
0.0383516
0.0274334
0.0249045
0.0424845
0.0367798
0.0289908
0.0243228
0.0272542
0.0195455
0.0242083
0.0242651
0.0229312
0.0229374
0.0249041
0.0314817
0.0318296
0.0377761
0.0260089
0.0321418
0.03064
0.0305753
0.0306451
0.0306991
0.0313957
0.0314432
0.0232868
0.0166924
0.0264568
0.0199854
0.0319974
0.0260191
0.0302051
0.0302171
0.0262692
0.0262763
0.0350096
0.0362601
0.0362059
0.0393672
0.0313905
0.0302686
0.0197905
0.027264
0.0263402
0.030928
0.0236956
0.0231279
0.0292058
0.0300165
0.024443
0.0190338
0.022559
0.0166858
0.0211517
0.0149819
0.0251034
0.0196713
0.0258096
0.0275034
0.0267308
0.0259629
0.0191279
0.0249732
0.0198886
0.0241554
0.013191
0.0139727
0.015458
0.0201906
0.00791035
0.0136082
0.0193865
0.0241672
0.0181092
0.0137255
0.016664
0.0115514
0.0171916
0.0116846
0.0251428
0.0249501
0.0230969
0.0228651
0.0147276
0.0144861
0.0211863
0.021015
0.015989
0.0209374
0.0207225
0.0252039
0.0187048
0.0185563
0.0266358
0.0263777
0.0272158
0.0216638
0.0236042
0.0179685
0.0241511
0.0185817
0.0218389
0.021698
0.0243455
0.0241814
0.0144596
0.0142159
0.0186478
0.0236778
0.0174442
0.0235621
0.017153
0.0232702
0.0289376
0.0287279
0.0233936
0.0170985
0.0193499
0.0145971
0.0238153
0.0237602
0.0189735
0.0187992
0.0216567
0.021396
0.0163889
0.0222139
0.0214706
0.0270495
0.025442
0.0253803
0.026945
0.0267721
0.0207021
0.0138007
0.0271545
0.0205586
0.0229775
0.0227455
0.0248469
0.0247842
0.026527
0.0263663
0.027946
0.0278031
0.0183188
0.0183174
0.024541
0.0243765
0.0187846
0.0249381
0.015554
0.0220422
0.0159721
0.0224991
0.021913
0.0219016
0.0235715
0.023455
0.0198422
0.0133912
0.0223342
0.0153912
0.0245275
0.0245139
0.0264557
0.0263215
0.0143043
0.0212796
0.0240137
0.0309015
0.0239179
0.0238341
