3 3
3 3
2.99996 3.00021
2.99996 3.00021
2.99996 3.00021
2.99996 3.00021
2.99996 3.00021
2.99996 3.00022
2.99996 3.00022
2.99996 3.00022
2.99996 3.00022
2.99996 3.00023
2.99996 3.00023
2.99996 3.00023
2.99996 3.00023
2.99995 3.00023
2.99995 3.00024
2.99995 3.00024
2.99995 3.00024
2.99995 3.00024
2.99995 3.00024
2.99995 3.00025
2.99995 3.00025
2.99995 3.00025
2.99995 3.00025
2.99995 3.00026
2.99995 3.00026
2.99995 3.00026
2.99995 3.00026
2.99995 3.00026
2.99995 3.00027
2.99995 3.00027
2.99995 3.00027
2.99995 3.00027
2.99995 3.00027
2.99995 3.00028
2.99995 3.00028
2.99995 3.00028
2.99995 3.00028
2.99995 3.00029
2.99995 3.00029
2.99995 3.00029
2.99995 3.00029
2.99994 3.00029
2.99994 3.0003
2.99994 3.0003
2.99994 3.0003
2.99994 3.0003
2.99994 3.0003
2.99994 3.00031
2.99994 3.00031
2.99994 3.00031
2.99994 3.00031
2.99994 3.00032
2.99994 3.00032
2.99994 3.00032
2.99994 3.00032
2.99994 3.00032
2.99994 3.00033
2.99994 3.00033
2.99994 3.00033
2.99994 3.00033
2.99994 3.00033
2.99994 3.00034
2.99994 3.00034
2.99994 3.00034
2.99994 3.00034
2.99994 3.00034
2.99994 3.00035
2.99994 3.00035
2.99994 3.00035
2.99994 3.00035
2.99993 3.00036
2.99993 3.00036
2.99993 3.00036
2.99993 3.00036
2.99993 3.00036
2.99993 3.00037
2.99993 3.00037
2.99993 3.00037
2.99993 3.00037
2.99993 3.00038
2.99993 3.00038
2.99993 3.00038
2.99993 3.00038
2.99993 3.00038
2.99993 3.00039
2.99993 3.00039
2.99993 3.00039
2.99993 3.00039
2.99993 3.00039
2.99993 3.0004
2.99993 3.0004
2.99993 3.0004
2.99993 3.0004
2.99993 3.00041
2.99993 3.00041
2.99993 3.00041
2.99993 3.00041
2.99993 3.00041
2.99992 3.00042
2.99992 3.00042
2.99992 3.00042
2.99992 3.00042
2.99992 3.00043
2.99992 3.00043
2.99992 3.00043
2.99992 3.00043
2.99992 3.00043
2.99992 3.00044
2.99992 3.00044
2.99992 3.00044
2.99992 3.00044
2.99992 3.00044
2.99992 3.00045
2.99992 3.00045
2.99992 3.00045
2.99992 3.00045
2.99992 3.00046
2.99992 3.00046
2.99992 3.00046
2.99992 3.00046
2.99992 3.00046
2.99992 3.00047
2.99992 3.00047
2.99992 3.00047
2.99992 3.00047
2.99992 3.00047
2.99991 3.00048
2.99991 3.00048
2.99991 3.00048
2.99991 3.00048
2.99991 3.00048
2.99991 3.00049
2.99991 3.00049
2.99991 3.00049
2.99991 3.00049
2.99991 3.0005
2.99991 3.0005
2.99991 3.0005
2.99991 3.0005
2.99991 3.00051
2.99991 3.00051
2.99991 3.00051
2.99991 3.00051
2.99991 3.00051
2.99991 3.00052
2.99991 3.00052
2.99991 3.00052
2.99991 3.00052
2.99991 3.00052
2.99991 3.00053
2.99991 3.00053
2.99991 3.00053
2.99991 3.00053
2.99991 3.00054
2.9999 3.00054
2.9999 3.00054
2.9999 3.00054
2.9999 3.00054
2.9999 3.00055
2.9999 3.00055
2.9999 3.00055
2.9999 3.00055
2.9999 3.00056
2.9999 3.00056
2.9999 3.00056
2.9999 3.00056
2.9999 3.00056
2.9999 3.00057
2.9999 3.00057
2.9999 3.00057
2.9999 3.00057
2.9999 3.00057
2.9999 3.00058
2.9999 3.00058
2.9999 3.00058
2.9999 3.00058
2.9999 3.00058
2.9999 3.00059
2.9999 3.00059
2.9999 3.00059
2.9999 3.00059
2.9999 3.0006
2.99989 3.0006
2.99989 3.0006
2.99989 3.0006
2.99989 3.0006
2.99989 3.00061
2.99989 3.00061
2.99989 3.00061
2.99989 3.00061
2.99989 3.00062
2.99989 3.00062
2.99989 3.00062
2.99989 3.00062
2.99989 3.00062
2.99989 3.00063
2.99989 3.00063
2.99989 3.00063
2.99989 3.00063
2.99989 3.00064
2.99989 3.00064
2.99989 3.00064
2.99989 3.00064
2.99989 3.00064
2.99989 3.00065
2.99989 3.00065
2.99989 3.00065
2.99989 3.00065
2.99989 3.00065
2.99988 3.00066
2.99988 3.00066
2.99988 3.00066
2.99988 3.00066
2.99988 3.00067
2.99988 3.00067
2.99988 3.00067
2.99988 3.00067
2.99988 3.00067
2.99988 3.00068
2.99988 3.00068
2.99988 3.00068
2.99988 3.00068
2.99988 3.00069
2.99988 3.00069
2.99988 3.00069
2.99988 3.00069
2.99988 3.00069
2.99988 3.0007
2.99988 3.0007
2.99988 3.0007
2.99988 3.0007
2.99988 3.0007
2.99988 3.00071
2.99988 3.00071
2.99988 3.00071
2.99988 3.00071
2.99987 3.00072
2.99987 3.00072
2.99987 3.00072
2.99987 3.00072
2.99987 3.00072
2.99987 3.00073
2.99987 3.00073
2.99987 3.00073
2.99987 3.00073
2.99987 3.00074
2.99987 3.00074
2.99987 3.00074
2.99987 3.00074
2.99987 3.00075
2.99987 3.00075
2.99987 3.00075
2.99987 3.00075
2.99987 3.00075
2.99987 3.00076
2.99987 3.00076
2.99987 3.00076
2.99987 3.00076
2.99987 3.00076
2.99987 3.00077
2.99987 3.00077
2.99987 3.00077
2.99987 3.00077
2.99986 3.00078
2.99986 3.00078
2.99986 3.00078
2.99986 3.00078
2.99986 3.00078
2.99986 3.00079
2.99986 3.00079
2.99986 3.00079
2.99986 3.00079
2.99986 3.0008
2.99986 3.0008
2.99986 3.0008
2.99986 3.0008
2.99986 3.0008
2.99986 3.00081
2.99986 3.00081
2.99986 3.00081
2.99986 3.00081
2.99986 3.00082
2.99986 3.00082
2.99986 3.00082
2.99986 3.00082
2.99986 3.00082
2.99986 3.00083
2.99986 3.00083
2.99986 3.00083
2.99986 3.00083
2.99985 3.00084
2.99985 3.00084
2.99985 3.00084
2.99985 3.00084
2.99985 3.00084
2.99985 3.00085
2.99985 3.00085
2.99985 3.00085
2.99985 3.00085
2.99985 3.00086
2.99985 3.00086
2.99985 3.00086
2.99985 3.00086
2.99985 3.00086
2.99985 3.00087
2.99985 3.00087
2.99985 3.00087
2.99985 3.00087
2.99985 3.00087
2.99985 3.00088
2.99985 3.00088
2.99985 3.00088
2.99985 3.00088
2.99985 3.00089
2.99985 3.00089
2.99985 3.00089
2.99984 3.00089
2.99984 3.00089
2.99984 3.0009
2.99984 3.0009
2.99984 3.0009
2.99984 3.0009
2.99984 3.00091
2.99984 3.00091
2.99984 3.00091
2.99984 3.00091
2.99984 3.00091
2.99984 3.00092
2.99984 3.00092
2.99984 3.00092
2.99984 3.00092
2.99984 3.00093
2.99984 3.00093
2.99984 3.00093
2.99984 3.00093
2.99984 3.00093
2.99984 3.00094
2.99984 3.00094
2.99984 3.00094
2.99984 3.00094
2.99984 3.00095
2.99984 3.00095
2.99983 3.00095
2.99983 3.00095
2.99983 3.00095
2.99983 3.00096
2.99983 3.00096
2.99983 3.00096
2.99983 3.00096
2.99983 3.00096
2.99983 3.00097
2.99983 3.00097
2.99983 3.00097
2.99983 3.00097
2.99983 3.00098
2.99983 3.00098
2.99983 3.00098
2.99983 3.00098
2.99983 3.00099
2.99983 3.00099
2.99983 3.00099
2.99983 3.00099
2.99983 3.00099
2.99983 3.001
2.99983 3.001
2.99983 3.001
2.99983 3.001
2.99982 3.00101
2.99982 3.00101
2.99982 3.00101
2.99982 3.00101
2.99982 3.00101
2.99982 3.00102
2.99982 3.00102
2.99982 3.00102
2.99982 3.00102
2.99982 3.00103
2.99982 3.00103
2.99982 3.00103
2.99982 3.00103
2.99982 3.00103
2.99982 3.00104
2.99982 3.00104
2.99982 3.00104
2.99982 3.00104
2.99982 3.00105
2.99982 3.00105
2.99982 3.00105
2.99982 3.00105
2.99982 3.00105
2.99982 3.00106
2.99982 3.00106
2.99982 3.00106
2.99981 3.00106
2.99981 3.00107
2.99981 3.00107
2.99981 3.00107
2.99981 3.00107
2.99981 3.00107
2.99981 3.00108
2.99981 3.00108
2.99981 3.00108
2.99981 3.00108
2.99981 3.00109
2.99981 3.00109
2.99981 3.00109
2.99981 3.00109
2.99981 3.00109
2.99981 3.0011
2.99981 3.0011
2.99981 3.0011
2.99981 3.0011
2.99981 3.00111
2.99981 3.00111
2.99981 3.00111
2.99981 3.00111
2.99981 3.00111
2.99981 3.00112
2.99981 3.00112
2.9998 3.00112
2.9998 3.00112
2.9998 3.00113
2.9998 3.00113
2.9998 3.00113
2.9998 3.00113
2.9998 3.00113
2.9998 3.00114
2.9998 3.00114
2.9998 3.00114
2.9998 3.00114
2.9998 3.00115
2.9998 3.00115
2.9998 3.00115
2.9998 3.00115
2.9998 3.00116
2.9998 3.00116
2.9998 3.00116
2.9998 3.00116
2.9998 3.00116
2.9998 3.00117
2.9998 3.00117
2.9998 3.00117
2.9998 3.00117
2.9998 3.00117
2.99979 3.00118
2.99979 3.00118
2.99979 3.00118
2.99979 3.00118
2.99979 3.00119
2.99979 3.00119
2.99979 3.00119
2.99979 3.00119
2.99979 3.0012
2.99979 3.0012
2.99979 3.0012
2.99979 3.0012
2.99979 3.0012
2.99979 3.00121
2.99979 3.00121
2.99979 3.00121
2.99979 3.00121
2.99979 3.00122
2.99979 3.00122
2.99979 3.00122
2.99979 3.00122
2.99979 3.00122
2.99979 3.00123
2.99979 3.00123
2.99979 3.00123
2.99978 3.00123
2.99978 3.00124
2.99978 3.00124
2.99978 3.00124
2.99978 3.00124
2.99978 3.00124
2.99978 3.00125
2.99978 3.00125
2.99978 3.00125
2.99978 3.00125
2.99978 3.00126
2.99978 3.00126
2.99978 3.00126
2.99978 3.00126
2.99978 3.00127
2.99978 3.00127
2.99978 3.00127
2.99978 3.00127
2.99978 3.00127
2.99978 3.00128
2.99978 3.00128
2.99978 3.00128
2.99978 3.00128
2.99978 3.00129
2.99978 3.00129
2.99977 3.00129
2.99977 3.00129
2.99977 3.00129
2.99977 3.0013
2.99977 3.0013
2.99977 3.0013
2.99977 3.0013
2.99977 3.0013
2.99977 3.00131
2.99977 3.00131
2.99977 3.00131
2.99977 3.00131
2.99977 3.00132
2.99977 3.00132
2.99977 3.00132
2.99977 3.00132
2.99977 3.00133
2.99977 3.00133
2.99977 3.00133
2.99977 3.00133
2.99977 3.00133
2.99977 3.00134
2.99977 3.00134
2.99977 3.00134
2.99976 3.00134
2.99976 3.00135
2.99976 3.00135
2.99976 3.00135
2.99976 3.00135
2.99976 3.00136
2.99976 3.00136
2.99976 3.00136
2.99976 3.00136
2.99976 3.00136
2.99976 3.00137
2.99976 3.00137
2.99976 3.00137
2.99976 3.00137
2.99976 3.00137
2.99976 3.00138
2.99976 3.00138
2.99976 3.00138
2.99976 3.00138
2.99976 3.00139
2.99976 3.00139
2.99976 3.00139
2.99976 3.00139
2.99976 3.0014
2.99976 3.0014
2.99975 3.0014
2.99975 3.0014
2.99975 3.00141
2.99975 3.00141
2.99975 3.00141
2.99975 3.00141
2.99975 3.00141
2.99975 3.00142
2.99975 3.00142
2.99975 3.00142
2.99975 3.00142
2.99975 3.00142
2.99975 3.00143
2.99975 3.00143
2.99975 3.00143
2.99975 3.00143
2.99975 3.00144
2.99975 3.00144
2.99975 3.00144
2.99975 3.00144
2.99975 3.00145
2.99975 3.00145
2.99975 3.00145
2.99975 3.00145
2.99974 3.00145
2.99974 3.00146
2.99974 3.00146
2.99974 3.00146
2.99974 3.00146
2.99974 3.00147
2.99974 3.00147
2.99974 3.00147
2.99974 3.00147
2.99974 3.00147
2.99974 3.00148
2.99974 3.00148
2.99974 3.00148
2.99974 3.00148
2.99974 3.00149
2.99974 3.00149
2.99974 3.00149
2.99974 3.00149
2.99974 3.0015
2.99974 3.0015
2.99974 3.0015
2.99974 3.0015
2.99974 3.00151
2.99974 3.00151
2.99973 3.00151
2.99973 3.00151
2.99973 3.00151
2.99973 3.00152
2.99973 3.00152
2.99973 3.00152
2.99973 3.00152
2.99973 3.00153
2.99973 3.00153
2.99973 3.00153
2.99973 3.00153
2.99973 3.00153
2.99973 3.00154
2.99973 3.00154
2.99973 3.00154
2.99973 3.00154
2.99973 3.00155
2.99973 3.00155
2.99973 3.00155
2.99973 3.00155
2.99973 3.00155
2.99973 3.00156
2.99973 3.00156
2.99973 3.00156
2.99972 3.00156
2.99972 3.00157
2.99972 3.00157
2.99972 3.00157
2.99972 3.00157
2.99972 3.00158
2.99972 3.00158
2.99972 3.00158
2.99972 3.00158
2.99972 3.00158
2.99972 3.00159
2.99972 3.00159
2.99972 3.00159
2.99972 3.00159
2.99972 3.0016
2.99972 3.0016
2.99972 3.0016
2.99972 3.0016
2.99972 3.00161
2.99972 3.00161
2.99972 3.00161
2.99972 3.00161
2.99972 3.00161
2.99971 3.00162
2.99971 3.00162
2.99971 3.00162
2.99971 3.00162
2.99971 3.00163
2.99971 3.00163
2.99971 3.00163
2.99971 3.00163
2.99971 3.00164
2.99971 3.00164
2.99971 3.00164
2.99971 3.00164
2.99971 3.00164
2.99971 3.00165
2.99971 3.00165
2.99971 3.00165
2.99971 3.00165
2.99971 3.00166
2.99971 3.00166
2.99971 3.00166
2.99971 3.00166
2.99971 3.00166
2.99971 3.00167
2.99971 3.00167
2.9997 3.00167
2.9997 3.00167
2.9997 3.00168
2.9997 3.00168
2.9997 3.00168
2.9997 3.00168
2.9997 3.00169
2.9997 3.00169
2.9997 3.00169
2.9997 3.00169
2.9997 3.00169
2.9997 3.0017
2.9997 3.0017
2.9997 3.0017
2.9997 3.0017
2.9997 3.00171
2.9997 3.00171
2.9997 3.00171
2.9997 3.00171
2.9997 3.00172
2.9997 3.00172
2.9997 3.00172
2.9997 3.00172
2.99969 3.00172
2.99969 3.00173
2.99969 3.00173
2.99969 3.00173
2.99969 3.00173
2.99969 3.00174
2.99969 3.00174
2.99969 3.00174
2.99969 3.00174
2.99969 3.00175
2.99969 3.00175
2.99969 3.00175
2.99969 3.00175
2.99969 3.00175
2.99969 3.00176
2.99969 3.00176
2.99969 3.00176
2.99969 3.00176
2.99969 3.00177
2.99969 3.00177
2.99969 3.00177
2.99969 3.00177
2.99969 3.00178
2.99969 3.00178
2.99968 3.00178
2.99968 3.00178
2.99968 3.00178
2.99968 3.00179
2.99968 3.00179
2.99968 3.00179
2.99968 3.00179
2.99968 3.0018
2.99968 3.0018
2.99968 3.0018
2.99968 3.0018
2.99968 3.00181
2.99968 3.00181
2.99968 3.00181
2.99968 3.00181
2.99968 3.00181
2.99968 3.00182
2.99968 3.00182
2.99968 3.00182
2.99968 3.00182
2.99968 3.00183
2.99968 3.00183
2.99967 3.00183
2.99967 3.00183
2.99967 3.00183
2.99967 3.00184
2.99967 3.00184
2.99967 3.00184
2.99967 3.00184
2.99967 3.00185
2.99967 3.00185
2.99967 3.00185
2.99967 3.00185
2.99967 3.00186
2.99967 3.00186
2.99967 3.00186
2.99967 3.00186
2.99967 3.00187
2.99967 3.00187
2.99967 3.00187
2.99967 3.00187
2.99967 3.00188
2.99967 3.00188
2.99967 3.00188
2.99967 3.00188
2.99967 3.00188
2.99966 3.00189
2.99966 3.00189
2.99966 3.00189
2.99966 3.00189
2.99966 3.0019
2.99966 3.0019
2.99966 3.0019
2.99966 3.0019
2.99966 3.0019
2.99966 3.00191
2.99966 3.00191
2.99966 3.00191
2.99966 3.00191
2.99966 3.00192
2.99966 3.00192
2.99966 3.00192
2.99966 3.00192
2.99966 3.00193
2.99966 3.00193
2.99966 3.00193
2.99966 3.00193
2.99966 3.00193
2.99965 3.00194
2.99965 3.00194
2.99965 3.00194
2.99965 3.00194
2.99965 3.00195
2.99965 3.00195
2.99965 3.00195
2.99965 3.00195
2.99965 3.00196
2.99965 3.00196
2.99965 3.00196
3.00142 3.00202
3.01055 3.00232
3.02533 3.00294
3.03604 3.00355
3.05783 3.00518
3.06796 3.00601
3.0907 3.00841
3.10254 3.01014
3.12398 3.01416
3.13996 3.01771
3.15523 3.02139
3.17061 3.02536
3.18095 3.02822
3.20229 3.03451
3.21314 3.0379
3.23508 3.04506
3.25198 3.05086
3.26914 3.057
3.28617 3.06336
3.30343 3.07007
3.32143 3.07726
3.33391 3.08235
3.35956 3.09307
3.37273 3.09868
3.39909 3.11008
3.41258 3.11589
3.43945 3.12741
3.45973 3.13607
3.47989 3.14469
3.50005 3.15331
3.51358 3.15909
3.54053 3.17058
3.55412 3.17636
3.58095 3.18781
3.6011 3.19644
3.6213 3.2051
3.64154 3.21378
3.66174 3.22245
3.68184 3.23114
3.6953 3.23697
3.72208 3.2486
3.73557 3.25448
3.76218 3.26614
3.77554 3.27206
3.80026 3.28312
3.81735 3.29112
3.8353 3.29978
3.85321 3.30862
3.86505 3.31461
3.88861 3.32683
3.90052 3.33315
3.92424 3.34602
3.94328 3.35657
3.96232 3.36719
3.98141 3.3779
3.99372 3.38482
4.01595 3.39756
4.02707 3.4041
4.04892 3.41727
4.06527 3.42745
4.08155 3.43784
4.09782 3.44848
4.11441 3.45959
4.13106 3.47094
4.14764 3.48249
4.16427 3.4943
4.17539 3.50232
4.19804 3.51891
4.20911 3.52714
4.23091 3.5436
4.24743 3.55634
4.26443 3.56961
4.28138 3.58297
4.29265 3.59192
4.31491 3.60976
4.32621 3.6189
4.34885 3.63731
4.36583 3.65119
4.38277 3.66505
4.39965 3.67892
4.41651 3.69284
4.43336 3.70683
4.44461 3.71621
4.46674 3.73471
4.47771 3.74395
4.49916 3.76218
4.5153 3.77572
4.53131 3.78897
4.54729 3.80199
4.56414 3.81568
4.58117 3.82952
4.59259 3.83877
4.61479 3.8568
4.62522 3.86533
4.64421 3.88115
4.65202 3.88781
4.66761 3.90155
4.67916 3.91213
4.69062 3.92291
4.70209 3.93402
4.71349 3.94541
4.72501 3.9573
4.7364 3.96944
4.74765 3.98179
4.75896 3.99451
4.77034 4.00766
4.77794 4.01666
4.79292 4.03492
4.80043 4.04434
4.81517 4.06335
4.82599 4.07771
4.83288 4.08701
4.8355 4.09052
4.83884 4.09513
4.84177 4.0995
4.84486 4.1046
4.85251 4.11925
4.85612 4.12759
4.86409 4.14914
4.87093 4.16901
4.87777 4.18934
4.88471 4.21005
4.89146 4.22989
4.89834 4.24965
4.90304 4.26288
4.91262 4.28917
4.91755 4.30239
4.92749 4.32844
4.93522 4.34817
4.94313 4.36795
4.9512 4.38776
4.95666 4.40097
4.96766 4.42713
4.97334 4.44041
4.98482 4.46685
4.99358 4.48675
5.00239 4.50658
5.0113 4.52639
5.01733 4.53968
5.02942 4.56604
5.03558 4.57934
5.04782 4.60563
5.05402 4.61883
5.06648 4.64507
5.07281 4.65831
5.08546 4.68453
5.09496 4.70411
5.1046 4.72384
5.11429 4.74361
5.1208 4.75686
5.13371 4.78308
5.14017 4.79619
5.15315 4.82237
5.16296 4.84209
5.17278 4.8618
5.18256 4.88144
5.19234 4.90102
5.20219 4.92069
5.21206 4.9404
5.2219 4.96006
5.22846 4.97319
5.24147 4.99904
5.24811 5.01209
5.26143 5.0381
5.26814 5.05115
5.28133 5.07696
5.29129 5.09648
5.30127 5.11609
5.31122 5.13568
5.32105 5.15518
5.33075 5.17451
5.33722 5.18749
5.35012 5.21358
5.35665 5.22682
5.36952 5.25289
5.37924 5.27237
5.38903 5.29181
5.39891 5.31121
5.40556 5.32416
5.4188 5.34974
5.42552 5.36254
5.43908 5.3881
5.44914 5.40698
5.45777 5.42335
5.46614 5.4397
5.47207 5.4513
5.47958 5.46608
5.48114 5.46921
5.48346 5.47349
5.48475 5.47564
5.48763 5.48
5.49009 5.48333
5.49271 5.48657
5.49558 5.48979
5.49759 5.49188
5.50166 5.49575
5.50397 5.49776
5.50883 5.5016
5.51275 5.50435
5.51685 5.50693
5.52124 5.50941
5.52605 5.51182
5.53098 5.51397
5.53434 5.51526
5.54155 5.51761
5.54546 5.51865
5.55298 5.52024
5.55889 5.52112
5.5656 5.52175
5.57248 5.52199
5.57711 5.52193
5.58655 5.52125
5.59147 5.52059
5.60126 5.51868
5.60917 5.51653
5.61695 5.51388
5.62484 5.51065
5.63045 5.50798
5.64266 5.5011
5.64888 5.49698
5.6607 5.48781
5.66961 5.47954
5.67831 5.47014
5.68678 5.45945
5.6919 5.45193
5.70039 5.4368
5.704 5.42925
5.71076 5.41325
5.71589 5.39977
5.72164 5.38335
5.7278 5.36512
5.73238 5.35156
5.74121 5.32482
5.74552 5.31149
5.75388 5.28494
5.75999 5.2649
5.76595 5.24478
5.7717 5.22479
5.7755 5.21134
5.78284 5.18453
5.78644 5.17095
5.7934 5.14386
5.79678 5.13032
5.80333 5.10328
5.8081 5.08285
5.81272 5.06233
5.81717 5.04177
5.82146 5.02137
5.82562 5.00082
5.82833 4.987
5.83351 4.95947
5.83602 4.94555
5.84078 4.91827
5.84379 4.90168
5.84646 4.88811
5.84943 4.87109
5.85183 4.85243
5.85335 4.83268
5.85386 4.81147
5.85321 4.79197
5.85205 4.77834
5.84817 4.75251
5.84543 4.73933
5.83899 4.71525
5.83236 4.69563
5.82536 4.67835
5.81759 4.66135
5.8095 4.64546
5.80058 4.62989
5.79304 4.61814
5.77794 4.59728
5.76926 4.58656
5.75241 4.56811
5.74375 4.55952
5.72412 4.54223
5.71422 4.53462
5.69339 4.52021
5.67976 4.51166
5.66478 4.50295
5.64773 4.49385
5.62907 4.48473
5.61207 4.47695
5.60319 4.47292
5.58761 4.46601
5.58003 4.46283
5.56336 4.45618
5.54983 4.45108
5.53579 4.44604
5.52703 4.44304
5.50737 4.4368
5.49137 4.43209
5.47555 4.42771
5.45838 4.42333
5.44632 4.4204
5.42155 4.41467
5.40854 4.4118
5.3823 4.40634
5.36847 4.40362
5.34038 4.39827
5.31892 4.39428
5.29734 4.39026
5.27594 4.38624
5.26164 4.38352
5.23383 4.37806
5.2199 4.37523
5.19292 4.36953
5.17287 4.3651
5.15278 4.36051
5.1337 4.35598
5.12159 4.35299
5.1019 4.34774
5.09324 4.3452
5.07787 4.34032
5.06718 4.33671
5.05687 4.33304
5.04656 4.32918
5.03599 4.325
5.02552 4.32062
5.01827 4.31743
5.00095 4.30971
4.99011 4.30506
4.9668 4.2949
4.94928 4.28699
4.93197 4.27893
4.91477 4.27065
4.89767 4.26219
4.88059 4.25349
4.86918 4.24754
4.84656 4.23543
4.83535 4.22927
4.81303 4.21662
4.79627 4.20684
4.77957 4.19685
4.7629 4.18663
4.7464 4.17628
4.72995 4.1657
4.71895 4.15849
4.69717 4.14388
4.68622 4.13636
4.66471 4.1213
4.654 4.11363
4.63268 4.09803
4.61672 4.08606
4.60083 4.07388
4.58507 4.06158
4.56946 4.04916
4.55389 4.03651
4.53841 4.02367
4.52295 4.01061
4.50763 3.99743
4.49243 3.98412
4.48234 3.97514
4.46233 3.95699
4.45232 3.94773
4.43261 3.9292
4.41785 3.91507
4.40326 3.90084
4.3887 3.88638
4.37422 3.87175
4.35987 3.85703
4.34554 3.84212
4.33136 3.82712
4.3219 3.81696
4.30324 3.7966
4.29392 3.78629
4.27456 3.76471
4.26004 3.74842
4.24554 3.73206
4.23113 3.71571
4.21671 3.6993
4.2023 3.68284
4.19271 3.67184
4.17377 3.64994
4.16429 3.63891
4.14548 3.61692
4.13604 3.60583
4.11744 3.58378
4.10359 3.56718
4.08987 3.55063
4.07619 3.53399
4.0627 3.51742
4.0493 3.50075
4.04038 3.48953
4.02284 3.46729
4.01413 3.45612
3.99695 3.43381
3.98837 3.42251
3.97151 3.39998
3.95886 3.38288
3.94626 3.36566
3.93377 3.34837
3.92138 3.33099
3.90912 3.31359
3.89687 3.29605
3.88466 3.27839
3.87654 3.26652
3.86058 3.2429
3.85261 3.231
3.83677 3.20713
3.82491 3.18907
3.81316 3.17098
3.80153 3.15288
3.79376 3.14072
3.77836 3.11641
3.77062 3.1041
3.75537 3.07961
3.74406 3.06124
3.73273 3.04273
3.72142 3.02414
3.71015 3.00547
3.69899 2.98682
3.69159 2.97437
3.67683 2.94943
3.6694 2.93682
3.6547 2.91169
3.64738 2.89907
3.63291 2.87402
3.62202 2.85507
3.61113 2.83603
3.60029 2.81698
3.58958 2.79803
3.57884 2.77899
3.56888 2.76129
3.55934 2.7445
3.54987 2.7283
3.54054 2.7128
3.53435 2.70275
3.52159 2.68276
3.51366 2.67081
3.49754 2.64649
3.48555 2.62826
3.47364 2.61006
3.46168 2.59173
3.44973 2.57335
3.43786 2.555
3.42621 2.53685
3.4153 2.52015
3.40498 2.50521
3.39357 2.48987
3.38639 2.48086
3.37189 2.46409
3.36497 2.45653
3.34944 2.44077
3.33499 2.42816
3.32079 2.41727
3.30697 2.40767
3.29713 2.40125
3.27487 2.3878
3.26265 2.38097
3.24228 2.37025
3.23207 2.36517
3.21156 2.35565
3.19536 2.34852
3.17983 2.34194
3.16568 2.33624
3.14936 2.32973
3.13152 2.32235
3.11138 2.31408
3.09108 2.30576
3.07756 2.30018
3.05079 2.28914
3.03726 2.2836
3.0108 2.27274
2.99411 2.26577
2.97696 2.25834
2.96002 2.25076
2.94968 2.24595
2.93138 2.23694
2.92224 2.23226
2.90451 2.22282
2.89711 2.21872
2.8794 2.20853
2.86575 2.20037
2.85213 2.19192
2.83833 2.18307
2.82907 2.17696
2.81074 2.16447
2.80157 2.15802
2.78347 2.14491
2.76998 2.1348
2.75639 2.12427
2.7428 2.11342
2.73364 2.10592
2.71549 2.09065
2.70646 2.08286
2.68861 2.06704
2.67969 2.0589
2.66052 2.04094
2.64998 2.0309
2.62913 2.01094
2.61345 1.99584
2.59779 1.98065
2.58207 1.96533
2.56637 1.95
2.55067 1.93468
2.5351 1.91942
2.51956 1.90409
2.50408 1.88874
2.48882 1.87349
2.47855 1.86318
2.45824 1.84267
2.44804 1.83228
2.4279 1.8116
2.41285 1.79603
2.39787 1.78046
2.38347 1.76533
2.37386 1.7551
2.35497 1.73469
2.34613 1.72488
2.32893 1.70543
2.31608 1.69051
2.30326 1.67529
2.29038 1.65969
2.27754 1.64388
2.26464 1.62775
2.25601 1.61682
2.239 1.5949
2.23046 1.58371
2.21364 1.56141
2.20103 1.54444
2.18848 1.52734
2.17617 1.51033
2.16794 1.49881
2.15168 1.47581
2.14347 1.46408
2.12729 1.44067
2.11518 1.4229
2.10334 1.40536
2.09229 1.3887
2.08489 1.37737
2.07014 1.35436
2.06285 1.34276
2.0487 1.31981
2.04015 1.3055
2.03272 1.29268
2.02662 1.28235
2.02249 1.27558
2.01399 1.26218
2.00968 1.25561
2.00092 1.24275
1.99415 1.23325
1.98693 1.22356
1.97937 1.2138
1.97152 1.20402
1.96326 1.1941
1.95757 1.18746
1.94605 1.17442
1.94181 1.16975
1.93818 1.16581
1.93714 1.16473
1.93579 1.16339
1.93095 1.15895
1.92185 1.15165
1.91028 1.14433
1.90206 1.14019
1.88245 1.13183
1.87013 1.12692
1.84408 1.1168
1.82418 1.10927
1.80397 1.10169
1.78358 1.09399
1.7699 1.08878
1.74272 1.07836
1.72913 1.07312
1.7025 1.06268
1.68242 1.05468
1.66231 1.04658
1.64218 1.03837
1.62217 1.03013
1.60225 1.02181
1.58885 1.01617
1.56216 1.00482
1.54869 0.99904
1.52209 0.987552
1.50216 0.978855
1.48221 0.97007
1.46219 0.961184
1.44877 0.955198
1.4223 0.943333
1.40893 0.937303
1.38239 0.925266
1.36901 0.919164
1.34252 0.907022
1.32273 0.897891
1.30283 0.888663
1.28287 0.879383
1.26949 0.873155
1.24302 0.860819
1.22976 0.854626
1.20331 0.842236
1.18339 0.832887
1.16352 0.823528
1.14373 0.814186
1.13047 0.807907
1.10408 0.795362
1.09075 0.789018
1.06431 0.776448
1.04454 0.767061
1.02471 0.757636
1.00484 0.748177
0.985019 0.73874
0.965282 0.729427
0.952087 0.723236
0.925633 0.710838
0.912397 0.70463
0.886417 0.69232
0.873305 0.686052
0.847073 0.673443
0.827925 0.66424
0.809283 0.655441
0.790347 0.646715
0.777374 0.640871
0.751889 0.629545
0.739304 0.624066
0.713217 0.612947
0.699707 0.607215
0.673764 0.596172
0.657524 0.589539
0.642508 0.583379
0.624288 0.575544
0.611881 0.570094
0.592206 0.560743
0.582403 0.555712
0.565472 0.546928
0.558738 0.543712
0.547173 0.538572
0.542385 0.536494
0.535112 0.533205
0.532495 0.531906
0.527832 0.5293
0.523936 0.526812
0.520067 0.524043
0.516411 0.521134
0.514106 0.51913
0.509552 0.51473
0.507309 0.512318
0.502961 0.507091
0.499833 0.502786
0.497056 0.498516
0.494523 0.494694
0.491757 0.490915
0.488789 0.487241
0.48667 0.484824
0.482195 0.480192
0.479779 0.477923
0.474664 0.473577
0.470431 0.47039
0.465758 0.467235
0.4604 0.463999
0.453737 0.460067
0.448133 0.456629
0.444688 0.454589
0.437756 0.45095
0.433948 0.449205
0.425989 0.446081
0.4198 0.444108
0.413384 0.442461
0.406545 0.441123
0.401822 0.440439
0.392555 0.439663
0.388058 0.439549
0.378326 0.439921
0.373077 0.440459
0.361937 0.442332
0.35621 0.443685
0.344414 0.447333
0.335423 0.450927
0.326528 0.455209
0.316931 0.460663
0.310236 0.465032
0.296881 0.475323
0.290418 0.481178
0.277656 0.494816
0.271576 0.502464
0.260354 0.519347
0.255378 0.528413
0.247217 0.545865
0.240653 0.562317
0.234979 0.579601
0.230225 0.598151
0.227583 0.611202
0.223811 0.636598
0.222198 0.650189
0.219064 0.677845
0.216847 0.698839
0.214787 0.719898
0.21288 0.741021
0.211678 0.755079
0.209441 0.78318
0.208398 0.797355
0.206535 0.825506
0.205312 0.846672
0.204208 0.867794
0.203223 0.889027
0.202633 0.903269
0.201667 0.931511
0.201282 0.945729
0.20067 0.97388
0.200444 0.988128
0.200169 1.01642
0.200138 1.03771
0.200242 1.05886
0.200467 1.08008
0.200822 1.10134
0.201309 1.12258
0.201943 1.14275
0.202833 1.1597
0.204219 1.17576
0.206255 1.19268
0.209278 1.21119
0.213131 1.22945
0.216042 1.24122
0.222972 1.26434
0.227433 1.27655
0.237922 1.30112
0.245893 1.31699
0.254957 1.33326
0.265252 1.35005
0.272735 1.36116
0.288702 1.38193
0.296438 1.39088
0.312771 1.40819
0.324691 1.41982
0.337058 1.43103
0.350975 1.44281
0.365859 1.45455
0.380745 1.46551
0.391699 1.47305
0.415668 1.48834
0.42747 1.49529
0.446481 1.5053
0.459536 1.51123
0.471029 1.5161
0.483221 1.52093
0.498135 1.52635
0.51476 1.53203
0.525676 1.53558
0.549084 1.54293
0.561881 1.54687
0.588761 1.55491
0.609658 1.56098
0.630693 1.56699
0.651712 1.57297
0.665875 1.577
0.693966 1.58496
0.708073 1.58896
0.735362 1.59678
0.754239 1.60212
0.772711 1.60752
0.790624 1.61299
0.808417 1.61865
0.826589 1.62467
0.84456 1.63085
0.861591 1.63689
0.872766 1.641
0.892743 1.64877
0.902346 1.65268
0.920748 1.66041
0.934739 1.66657
0.947865 1.67255
0.961912 1.67919
0.977114 1.68626
0.994495 1.69429
1.01235 1.70274
1.03018 1.7114
1.04774 1.72017
1.06522 1.72913
1.08264 1.73828
1.10005 1.74766
1.11169 1.75406
1.13459 1.76695
1.14604 1.77357
1.16881 1.78705
1.18027 1.79398
1.20302 1.80805
1.21443 1.81525
1.23673 1.82963
1.24792 1.837
1.27006 1.8519
1.28118 1.85955
1.30316 1.87494
1.31409 1.88275
1.33581 1.89858
1.34673 1.90669
1.36833 1.92306
1.38445 1.93552
1.40038 1.94806
1.41629 1.96081
1.42692 1.96947
1.44796 1.98691
1.4585 1.99579
1.47923 2.01353
1.48961 2.02257
1.51012 2.04073
1.52041 2.05
1.5407 2.06857
1.5509 2.07803
1.57096 2.09694
1.58599 2.11137
1.60094 2.12596
1.61577 2.14063
1.63053 2.15542
1.64515 2.17028
1.65974 2.18535
1.67425 2.20056
1.68865 2.21584
1.70303 2.23127
1.71745 2.24697
1.73214 2.26313
1.74677 2.2793
1.75655 2.29014
1.77593 2.31173
1.7904 2.32797
1.80482 2.34427
1.81914 2.36057
1.83346 2.37694
1.84764 2.39326
1.85711 2.40425
1.87582 2.42615
1.88509 2.4371
1.90355 2.45905
1.91727 2.47553
1.93081 2.492
1.94424 2.50855
1.95761 2.52517
1.97099 2.54196
1.97992 2.55327
1.99748 2.57575
2.00629 2.58717
2.02371 2.60988
2.0368 2.6271
2.04978 2.64435
2.06269 2.66167
2.07125 2.67326
2.0883 2.69645
2.09688 2.7082
2.11377 2.73156
2.12225 2.74338
2.13895 2.76685
2.14737 2.77874
2.16406 2.80245
2.17649 2.82028
2.18884 2.83814
2.20119 2.85607
2.21355 2.87408
2.22585 2.89213
2.23806 2.91018
2.25018 2.92821
2.26235 2.94637
2.27451 2.96458
2.28263 2.97681
2.29865 3.00106
2.30666 3.01324
2.32265 3.03761
2.33072 3.04993
2.34663 3.07435
2.35852 3.09269
2.37039 3.11106
2.3823 3.12951
2.39421 3.148
2.40604 3.16645
2.4178 3.18486
2.42962 3.20335
2.43755 3.21577
2.45328 3.24045
2.46116 3.25286
2.47675 3.27744
2.48464 3.28987
2.49946 3.31298
2.51032 3.32949
2.52106 3.3454
2.53269 3.36201
2.54535 3.37944
2.55833 3.39723
2.56701 3.40914
2.58419 3.43275
2.59281 3.44459
2.61001 3.46823
2.6187 3.48016
2.63586 3.5038
2.64875 3.52159
2.66111 3.53847
2.67298 3.55399
2.68548 3.56928
2.69846 3.58418
2.706 3.59247
2.72022 3.60715
2.72809 3.6147
2.74496 3.62957
2.75923 3.64125
2.77222 3.65105
2.78561 3.66044
2.79456 3.66634
2.81452 3.67853
2.82523 3.68459
2.84813 3.69647
2.86435 3.70397
2.88036 3.7107
2.89848 3.71765
2.91123 3.72228
2.93348 3.73001
2.94304 3.73337
2.96399 3.74049
2.97675 3.74447
3.00278 3.7527
3.01586 3.75698
3.0404 3.76533
3.05142 3.76932
3.07061 3.77671
3.08021 3.78061
3.09928 3.78871
3.10876 3.79293
3.12781 3.80181
3.14209 3.80877
3.15646 3.81605
3.17093 3.82365
3.18536 3.83151
3.19969 3.83959
3.21404 3.84803
3.22863 3.85686
3.24321 3.86597
3.25779 3.87536
3.26762 3.88184
3.28702 3.89503
3.29652 3.9017
3.3152 3.91521
3.32461 3.92222
3.34339 3.9366
3.35297 3.94414
3.37384 3.96055
3.38451 3.96901
3.40594 3.9863
3.41665 3.99508
3.43763 4.01257
3.45319 4.0258
3.46861 4.03913
3.48385 4.05255
3.49915 4.06627
3.51421 4.08001
3.52402 4.08909
3.54341 4.10736
3.5531 4.11667
3.57131 4.13456
3.58044 4.14373
3.59865 4.16242
3.61267 4.17701
3.62634 4.19153
3.64 4.20634
3.65388 4.22167
3.66774 4.23719
3.6816 4.2529
3.69534 4.26872
3.70455 4.27945
3.72281 4.30101
3.73194 4.31192
3.75015 4.33385
3.76375 4.35045
3.77736 4.36722
3.7909 4.38407
3.79993 4.39536
3.81795 4.41801
3.82698 4.42945
3.84493 4.45232
3.85834 4.46952
3.87182 4.48682
3.88527 4.50412
3.89873 4.52143
3.91222 4.5387
3.92124 4.5502
3.93932 4.57307
3.94841 4.58451
3.96651 4.60716
3.97567 4.61855
3.99365 4.6407
4.00711 4.65701
4.02061 4.67313
4.03424 4.6892
4.04345 4.69993
4.06183 4.72101
4.07121 4.73158
4.08916 4.7515
4.10198 4.76532
4.11505 4.77906
4.12812 4.79249
4.136 4.80048
4.15135 4.81562
4.15943 4.82338
4.17584 4.83869
4.18818 4.8498
4.20091 4.86093
4.21392 4.87195
4.22279 4.87927
4.24087 4.89378
4.25024 4.90108
4.26967 4.91582
4.27971 4.92323
4.29974 4.93761
4.31004 4.94482
4.33097 4.95908
4.34174 4.96624
4.36363 4.98042
4.38036 4.99096
4.39722 5.00135
4.41461 5.01181
4.42659 5.0189
4.4506 5.03284
4.46259 5.03967
4.48642 5.05301
4.50471 5.06299
4.52329 5.07295
4.54218 5.0829
4.56108 5.09273
4.58 5.10244
4.59919 5.11213
4.61865 5.12184
4.63175 5.12832
4.65703 5.14068
4.66981 5.14684
4.69584 5.15919
4.70911 5.16541
4.73543 5.17764
4.74864 5.18374
4.77509 5.1959
4.79505 5.20501
4.81504 5.21406
4.83498 5.22304
4.84835 5.22905
4.87492 5.24093
4.88838 5.24691
4.91517 5.25876
4.9286 5.2647
4.9553 5.27652
4.97532 5.28534
4.99543 5.29413
5.01556 5.30286
5.0356 5.31153
5.05564 5.32015
5.06913 5.32591
5.09605 5.33733
5.10963 5.34306
5.13646 5.35443
5.15652 5.36299
5.17642 5.37139
5.1964 5.3797
5.2099 5.38532
5.23646 5.39653
5.24999 5.40226
5.27687 5.41358
5.29706 5.42209
5.31703 5.4306
5.33708 5.43925
5.35054 5.44507
5.37176 5.45442
5.38255 5.45937
5.40709 5.4711
5.425 5.48001
5.43856 5.48734
5.44912 5.49423
5.45827 5.5013
5.46616 5.50836
5.47087 5.51301
5.47999 5.52273
5.48409 5.52723
5.49109 5.53498
5.49414 5.53828
5.49921 5.54351
5.50231 5.5464
5.50547 5.5491
5.50935 5.55208
5.51416 5.55534
5.51737 5.55736
5.52185 5.56038
5.52692 5.56424
5.53029 5.56708
5.53674 5.57282
5.53992 5.57541
5.54649 5.58024
5.55152 5.58406
5.55642 5.58826
5.56127 5.59297
5.56435 5.59629
5.57029 5.60351
5.57454 5.60953
5.57851 5.61599
5.58213 5.62288
5.58553 5.63056
5.58847 5.63855
5.59011 5.64347
5.59299 5.65231
5.5942 5.65641
5.59663 5.66453
5.59874 5.67265
5.60062 5.68252
5.60178 5.69281
5.60213 5.70013
5.60165 5.71526
5.60084 5.72258
5.59777 5.73851
5.59393 5.75148
5.58864 5.76497
5.58194 5.77838
5.57405 5.79113
5.56452 5.8038
5.55124 5.81829
5.53678 5.83143
5.52633 5.83943
5.50412 5.85357
5.49318 5.85941
5.4712 5.86959
5.45368 5.87668
5.43473 5.88396
5.41564 5.89108
5.39631 5.89809
5.37693 5.90493
5.35739 5.91169
5.33773 5.91834
5.32456 5.92269
5.29836 5.93112
5.28515 5.93523
5.25887 5.94325
5.23896 5.94915
5.219 5.95488
5.19901 5.96045
5.17908 5.96584
5.15902 5.97112
5.14552 5.97459
5.11862 5.98129
5.10506 5.98455
5.07822 5.9908
5.05788 5.99538
5.03746 5.99982
5.01696 6.00412
4.99736 6.0078
4.97794 6.01042
4.95773 6.01186
4.93959 6.012
4.92123 6.01111
4.9022 6.00919
4.88476 6.00673
4.86694 6.00328
4.85495 6.00039
4.82915 5.99264
4.8173 5.98831
4.79309 5.9779
4.77703 5.96984
4.76219 5.96154
4.74757 5.95231
4.73359 5.94244
4.71869 5.93083
4.70861 5.92231
4.69231 5.90709
4.68507 5.8997
4.67006 5.88333
4.65947 5.87067
4.64839 5.8564
4.63703 5.84068
4.62951 5.82971
4.61834 5.81253
4.61422 5.8058
4.60582 5.79157
4.60187 5.78461
4.59396 5.76992
4.5899 5.76201
4.58173 5.74563
4.57741 5.73674
4.56859 5.71782
4.56423 5.7081
4.55527 5.68728
4.54885 5.67158
4.54275 5.65599
4.53636 5.6393
4.53211 5.62779
4.52344 5.60352
4.51913 5.59104
4.51063 5.56563
4.50444 5.54648
4.49818 5.52656
4.49192 5.50618
4.4877 5.49225
4.47962 5.46515
4.47554 5.45126
4.4674 5.42325
4.46125 5.40211
4.45509 5.38116
4.44891 5.36044
4.44267 5.3399
4.43636 5.31955
4.42999 5.29953
4.42363 5.28009
4.41936 5.26742
4.41059 5.24225
4.40601 5.22951
4.39726 5.20595
4.39098 5.18987
4.38457 5.17406
4.37795 5.15841
4.37104 5.14274
4.36393 5.12721
4.359 5.11681
4.34967 5.09791
4.34489 5.08859
4.33592 5.07174
4.33108 5.06315
4.32033 5.0448
4.31021 5.02784
4.29979 5.0108
4.28923 4.99389
4.27851 4.97709
4.26751 4.96029
4.26002 4.94905
4.2449 4.92689
4.23721 4.91583
4.22165 4.8939
4.21372 4.88297
4.19757 4.86119
4.1893 4.85025
4.17275 4.82878
4.16011 4.81271
4.14735 4.7968
4.13432 4.78089
4.1255 4.77029
4.10785 4.74944
4.09883 4.73896
4.08079 4.71833
4.07154 4.70798
4.05303 4.68761
4.03894 4.67237
4.02467 4.65718
4.0103 4.64211
3.99575 4.62715
3.98111 4.61234
3.97122 4.60245
3.9514 4.5829
3.9413 4.57309
3.92112 4.55383
3.90582 4.53949
3.89036 4.52519
3.87475 4.51093
3.85901 4.49676
3.84317 4.48272
3.82727 4.46882
3.81122 4.45497
3.79501 4.44115
3.7787 4.42743
3.76235 4.41388
3.74593 4.40044
3.73484 4.39144
3.71251 4.37356
3.70096 4.36436
3.67859 4.34664
3.66733 4.33781
3.64478 4.32034
3.63334 4.31156
3.61053 4.29428
3.59906 4.28569
3.57613 4.2687
3.56449 4.26017
3.54121 4.24327
3.52944 4.23483
3.51196 4.22239
3.48849 4.20589
3.47072 4.19353
3.45284 4.18123
3.43499 4.16907
3.41709 4.15699
3.39906 4.14494
3.38093 4.13291
3.3627 4.12094
3.34469 4.10922
3.32829 4.09866
3.31025 4.08707
3.29937 4.07982
3.27565 4.06362
3.26358 4.05545
3.24069 4.03966
3.2286 4.03055
3.22008 4.02335
3.21017 4.01353
3.20256 4.00444
3.1968 3.99598
3.193 3.98939
3.19172 3.98678
3.19105 3.9853
3.1898 3.98215
3.18922 3.98053
3.18811 3.97694
3.18761 3.97506
3.18644 3.9695
3.18586 3.96595
3.18524 3.96018
3.18514 3.95769
3.18514 3.95533
3.18506 3.94776
3.18448 3.93391
3.18368 3.91912
3.18308 3.90819
3.18157 3.88565
3.18088 3.87632
3.17856 3.85385
3.17608 3.84004
3.16959 3.81549
3.16575 3.80384
3.15852 3.78384
3.15303 3.76951
3.14708 3.75472
3.1407 3.73972
3.13388 3.72446
3.12676 3.70914
3.12183 3.69885
3.11165 3.67836
3.10632 3.66801
3.09539 3.64754
3.08978 3.6374
3.07823 3.61724
3.07222 3.60708
3.05987 3.58683
3.05027 3.57165
3.0404 3.55652
3.03045 3.54171
3.02012 3.52683
3.00953 3.51197
2.99865 3.49715
2.98751 3.48238
2.97995 3.47258
2.96473 3.45333
2.95682 3.44362
2.94075 3.42437
2.93245 3.41469
2.91573 3.39564
2.90296 3.38146
2.89001 3.36744
2.87671 3.3534
2.86316 3.33942
2.84942 3.32558
2.84014 3.31638
2.82143 3.29823
2.81184 3.28915
2.79238 3.27112
2.77757 3.25774
2.76259 3.24447
2.74739 3.23124
2.73206 3.21818
2.71645 3.20517
2.7059 3.19652
2.68482 3.17954
2.67404 3.17101
2.65249 3.15425
2.636 3.14173
2.6194 3.12935
2.60264 3.11704
2.5857 3.10478
2.56867 3.09266
2.5514 3.0806
2.53404 3.06866
2.52234 3.0607
2.49893 3.04499
2.48707 3.03713
2.46333 3.02169
2.44541 3.0102
2.42731 2.99874
2.40907 2.98731
2.39078 2.97598
2.37239 2.96477
2.3601 2.95733
2.33546 2.94257
2.32297 2.93515
2.2981 2.92055
2.28551 2.91325
2.26053 2.89887
2.2416 2.88807
2.22257 2.87729
2.20353 2.86659
2.19077 2.85947
2.16539 2.84538
2.15254 2.83827
2.12692 2.82418
2.10768 2.81367
2.08848 2.80322
2.06919 2.79274
2.05623 2.78571
2.03048 2.77178
2.0177 2.76489
1.99478 2.75275
1.97862 2.74405
1.96253 2.7351
1.94655 2.72595
1.93604 2.71978
1.91542 2.70734
1.90465 2.70059
1.88119 2.68522
1.86335 2.67337
1.84599 2.66168
1.82868 2.64984
1.81703 2.64176
1.79412 2.62565
1.78277 2.61753
1.76042 2.60131
1.74371 2.58898
1.7276 2.57687
1.71188 2.5648
1.69622 2.55251
1.68062 2.54004
1.67021 2.53159
1.64982 2.5147
1.63961 2.50605
1.62092 2.48993
1.61191 2.48195
1.59402 2.46571
1.58494 2.45726
1.5671 2.44021
1.55379 2.42709
1.54061 2.41378
1.52746 2.4002
1.51448 2.3865
1.50158 2.37255
1.49301 2.36307
1.47603 2.34384
1.46751 2.334
1.45064 2.31409
1.43802 2.29885
1.42556 2.28346
1.41324 2.26791
1.40093 2.25208
1.38867 2.23603
1.38046 2.22511
1.36424 2.20313
1.35622 2.19206
1.34032 2.16977
1.32844 2.1528
1.3166 2.13562
1.30492 2.11839
1.29727 2.10692
1.28202 2.08374
1.27437 2.07193
1.25931 2.04833
1.24813 2.03051
1.2371 2.01266
1.22605 1.99454
1.21507 1.97628
1.20415 1.95789
1.19686 1.94551
1.18261 1.921
1.17546 1.90855
1.16132 1.88367
1.15422 1.87103
1.14024 1.84592
1.12982 1.82702
1.11945 1.80801
1.10911 1.78891
1.09882 1.76972
1.08867 1.75064
1.07851 1.73141
1.06839 1.71211
1.06163 1.69914
1.04825 1.67331
1.04159 1.66038
1.02836 1.63456
1.01844 1.61507
1.00856 1.59553
0.998776 1.57606
0.992256 1.56304
0.979329 1.53705
0.972825 1.52389
0.959902 1.49764
0.950303 1.47808
0.940775 1.45855
0.931246 1.43887
0.924856 1.42561
0.912205 1.39928
0.905889 1.3861
0.89334 1.35983
0.883879 1.33999
0.874418 1.32012
0.86501 1.30031
0.855624 1.28054
0.846217 1.26071
0.83681 1.24084
0.827411 1.22094
0.821149 1.20766
0.808709 1.18129
0.802449 1.168
0.79005 1.14157
0.780762 1.12167
0.771548 1.10188
0.762336 1.08203
0.756154 1.06868
0.743881 1.04212
0.737709 1.02873
0.725577 1.00239
0.719519 0.989163
0.707509 0.962749
0.698413 0.942857
0.68931 0.923149
0.680145 0.903567
0.673913 0.890367
0.661429 0.863925
0.655186 0.850683
0.642845 0.824818
0.636533 0.811781
0.623907 0.785627
0.614416 0.765826
0.604894 0.745949
0.595465 0.726305
0.58611 0.706694
0.576965 0.687336
0.567987 0.668034
0.559549 0.64952
0.552524 0.633071
0.545849 0.61732
0.541289 0.606638
0.53163 0.583408
0.528388 0.57575
0.526056 0.570253
0.525449 0.568698
0.524872 0.567059
0.524323 0.56532
0.523987 0.564137
0.523413 0.561811
0.523216 0.560891
0.52289 0.559132
0.522608 0.557277
0.522374 0.555284
0.522211 0.55328
0.522141 0.551928
0.522096 0.549182
0.522124 0.54778
0.522282 0.544982
0.522416 0.54354
0.522801 0.540588
0.523198 0.538323
0.523695 0.536008
0.524301 0.533639
0.525018 0.531231
0.525839 0.528825
0.526762 0.526436
0.527783 0.524085
0.528519 0.522535
0.529925 0.519831
0.530778 0.518322
0.532702 0.515219
0.534292 0.512908
0.53603 0.510596
0.537937 0.508269
0.540002 0.505961
0.542202 0.503709
0.544588 0.501473
0.547164 0.499269
0.54993 0.497114
0.552872 0.495034
0.55495 0.493683
0.559198 0.491203
0.561367 0.490069
0.56579 0.487998
0.569557 0.486474
0.57367 0.485043
0.578161 0.483737
0.582804 0.482646
0.587776 0.481756
0.597471 0.480306
0.611855 0.478154
0.621697 0.476633
0.640736 0.473528
0.652034 0.471734
0.674369 0.468775
0.691777 0.467427
0.709556 0.466575
0.726528 0.46633
0.738773 0.46648
0.763199 0.467734
0.774242 0.468818
0.796555 0.47181
0.805699 0.473411
0.828052 0.478124
0.849216 0.482896
0.870336 0.487749
0.891498 0.492729
0.905682 0.496104
0.93394 0.502901
0.948187 0.506362
0.976336 0.51329
0.997472 0.518606
1.01864 0.523975
1.03985 0.529405
1.06107 0.534882
1.08214 0.540407
1.1032 0.545997
1.12431 0.55165
1.14546 0.557364
1.16659 0.563121
1.18754 0.568918
1.20853 0.574791
1.22955 0.58073
1.25062 0.586733
1.27163 0.592772
1.29251 0.59887
1.31345 0.605036
1.33441 0.611264
1.34847 0.615471
1.37623 0.623856
1.39015 0.628127
1.41782 0.636698
1.43177 0.641065
1.45951 0.649822
1.47339 0.654249
1.50089 0.663158
1.51463 0.667668
1.53767 0.676517
1.5552 0.685044
1.57269 0.695285
1.58926 0.70715
1.60437 0.720251
1.61772 0.733834
1.62969 0.748128
1.64094 0.763707
1.64785 0.77474
1.65956 0.797339
1.66502 0.809728
1.67398 0.834053
1.67933 0.852697
1.68366 0.870898
1.68669 0.887269
1.68806 0.896021
1.69136 0.919148
1.69342 0.933255
1.69743 0.959705
1.69969 0.975363
1.70149 0.989682
1.70376 1.00614
1.70726 1.02536
1.71164 1.04349
1.71515 1.05563
1.72269 1.07877
1.72672 1.09062
1.73511 1.11409
1.73955 1.12603
1.74867 1.1497
1.7558 1.16748
1.76317 1.18525
1.7707 1.2028
1.77591 1.21456
1.78655 1.23783
1.79205 1.24953
1.80327 1.27267
1.81197 1.29003
1.82083 1.30715
1.82994 1.32428
1.83927 1.34136
1.84884 1.35842
1.85538 1.36984
1.86863 1.39236
1.87541 1.40358
1.88923 1.42589
1.89989 1.44264
1.91078 1.45936
1.92186 1.47597
1.92927 1.48688
1.94441 1.50864
1.9522 1.51958
1.96796 1.54126
1.98001 1.55745
1.99212 1.5734
2.0045 1.58935
2.01294 1.60003
2.02998 1.62119
2.03868 1.63178
2.05603 1.65257
2.06926 1.66806
2.08274 1.68354
2.09643 1.69897
2.11025 1.71428
2.12418 1.72947
2.13352 1.73952
2.15245 1.75948
2.16213 1.76951
2.18147 1.78923
2.19618 1.80397
2.21095 1.81856
2.22596 1.83311
2.24115 1.84759
2.25638 1.8619
2.26668 1.87148
2.28727 1.89035
2.29776 1.8998
2.31879 1.91847
2.32941 1.92777
2.35072 1.94621
2.3615 1.95544
2.38312 1.97362
2.39412 1.98274
2.416 2.00067
2.4271 2.00967
2.44921 2.02738
2.46046 2.03625
2.48292 2.05374
2.49987 2.06678
2.51695 2.07978
2.53408 2.09267
2.54566 2.10128
2.56868 2.11821
2.58034 2.1267
2.60365 2.14352
2.62122 2.15605
2.63892 2.16851
2.65661 2.18085
2.67441 2.19317
2.69231 2.20545
2.71023 2.21763
2.72826 2.22974
2.74031 2.23778
2.76442 2.25377
2.77662 2.26179
2.80086 2.2776
2.81912 2.28937
2.83745 2.30113
2.85589 2.31288
2.8744 2.32462
2.89293 2.33627
2.91143 2.34784
2.93001 2.35942
2.94866 2.37099
2.96732 2.38252
2.98602 2.394
3.00466 2.40541
3.01721 2.41307
3.04219 2.42829
3.05476 2.43592
3.07973 2.45099
3.09849 2.4623
3.11733 2.47362
3.13622 2.48495
3.14884 2.4925
3.17387 2.50743
3.18651 2.51496
3.21165 2.52994
3.23057 2.5412
3.24947 2.55241
3.2683 2.56358
3.2872 2.5748
3.30614 2.58604
3.31883 2.59356
3.34396 2.60844
3.35657 2.61591
3.38171 2.63083
3.3944 2.63837
3.41868 2.65284
3.43439 2.66242
3.45069 2.67268
3.46818 2.68421
3.48641 2.69649
3.50406 2.70845
3.51615 2.71673
3.53943 2.73269
3.55158 2.74098
3.57577 2.7575
3.59392 2.76987
3.61203 2.78221
3.63017 2.79459
3.64782 2.80682
3.66343 2.81906
3.67788 2.83247
3.69002 2.84584
3.69897 2.85763
3.7073 2.87066
3.71227 2.88026
3.7211 2.90297
3.72472 2.9154
3.73049 2.94259
3.73232 2.95493
3.73468 2.97759
3.73574 2.99191
3.73636 3.00796
3.73653 3.02292
3.7368 3.03955
3.73752 3.05856
3.73833 3.07129
3.74047 3.09144
3.74187 3.10056
3.74475 3.11675
3.74716 3.12886
3.74977 3.14097
3.75264 3.15299
3.75482 3.16139
3.75953 3.17828
3.76203 3.18667
3.76726 3.20315
3.77155 3.21584
3.7761 3.22859
3.78092 3.2414
3.78597 3.25418
3.79129 3.26683
3.79505 3.27542
3.80281 3.29239
3.80733 3.30196
3.81687 3.32137
3.8244 3.33603
3.83216 3.35055
3.84005 3.36478
3.84555 3.37438
3.85703 3.39375
3.86308 3.40362
3.87557 3.42337
3.88534 3.43826
3.89514 3.45276
3.90525 3.46724
3.91577 3.48184
3.92647 3.49628
3.9374 3.51061
3.94857 3.52485
3.9561 3.53426
3.97118 3.55253
3.97907 3.5618
3.99546 3.58054
4.00829 3.59479
4.02116 3.60877
4.03421 3.62263
4.04309 3.63186
4.06128 3.65029
4.07038 3.65929
4.08849 3.67681
4.10298 3.69056
4.11775 3.70431
4.13196 3.71725
4.14643 3.73006
4.16121 3.74287
4.17627 3.75569
4.19162 3.76849
4.20716 3.78116
4.22301 3.79378
4.23903 3.80632
4.25541 3.81894
4.26649 3.82737
4.28871 3.84398
4.30005 3.85229
4.32272 3.86867
4.33428 3.87691
4.35752 3.89328
4.37516 3.90553
4.39298 3.91772
4.41079 3.92981
4.42284 3.93793
4.44703 3.95411
4.45928 3.96228
4.48358 3.97844
4.50184 3.9906
4.52011 4.00281
4.53836 4.01504
4.55055 4.02322
4.57466 4.03945
4.58675 4.04763
4.61056 4.06388
4.62805 4.07596
4.64543 4.0881
4.66262 4.10028
4.6741 4.10852
4.69677 4.12503
4.70808 4.13339
4.73017 4.14991
4.74573 4.16178
4.76125 4.1739
4.77656 4.18613
4.79117 4.19807
4.80393 4.20881
4.81243 4.21614
4.82916 4.231
4.83753 4.23868
4.85139 4.25181
4.86123 4.26151
4.87111 4.27154
4.88109 4.282
4.89118 4.29292
4.90128 4.30421
4.91132 4.31583
4.92138 4.32789
4.92804 4.33607
4.94144 4.35302
4.94825 4.36189
4.9618 4.38009
4.97189 4.39413
4.98184 4.40842
4.99194 4.42327
5.00207 4.43857
5.01217 4.45423
5.01892 4.46493
5.03221 4.48658
5.03882 4.49762
5.05201 4.52017
5.05862 4.53176
5.0716 4.55501
5.07809 4.5669
5.09087 4.59076
5.0973 4.60301
5.11013 4.62786
5.11967 4.6467
5.12897 4.66538
5.13816 4.68414
5.14733 4.70318
5.15649 4.72252
5.16571 4.74219
5.17482 4.76179
5.18375 4.78124
5.19264 4.80084
5.20148 4.82059
5.21031 4.8405
5.2162 4.85386
5.22789 4.88048
5.23377 4.89393
5.24544 4.92072
5.25414 4.94081
5.26278 4.96082
5.27132 4.98075
5.27702 4.99415
5.28844 5.02113
5.2942 5.03469
5.30564 5.0615
5.31426 5.08161
5.32277 5.10164
5.33126 5.12178
5.33976 5.142
5.34829 5.16221
5.35401 5.17574
5.36544 5.20263
5.37123 5.21621
5.38266 5.24286
5.39069 5.26071
5.39879 5.27828
5.40777 5.29811
5.41684 5.3182
5.42587 5.33814
5.43195 5.35146
5.44324 5.37631
5.44864 5.38845
5.46002 5.4146
5.46828 5.43369
5.47505 5.4491
5.48064 5.46052
5.48426 5.46688
5.49125 5.47757
5.4945 5.48205
5.49949 5.48853
5.50246 5.49205
5.50569 5.4958
5.50787 5.49827
5.51072 5.50124
5.51399 5.50436
5.51747 5.50738
5.52117 5.5103
5.52511 5.5131
5.52946 5.51589
5.5325 5.51766
5.5388 5.52091
5.54208 5.52239
5.54913 5.52514
5.55286 5.52637
5.56024 5.52839
5.56624 5.52965
5.57254 5.53061
5.57932 5.53125
5.58627 5.53151
5.5934 5.53135
5.60074 5.53075
5.6083 5.52966
5.61596 5.52807
5.6237 5.52598
5.6317 5.52327
5.64042 5.51968
5.64966 5.5151
5.65892 5.50966
5.66784 5.50348
5.67657 5.49642
5.68219 5.49137
5.69252 5.48002
5.69746 5.47344
5.70768 5.45677
5.71505 5.44134
5.72091 5.42562
5.72492 5.4106
5.72886 5.39154
5.73147 5.37084
5.73311 5.34998
5.73465 5.3287
5.73609 5.30731
5.73741 5.2859
5.73823 5.27148
5.7397 5.24284
5.74039 5.22848
5.74161 5.19989
5.7424 5.17832
5.74308 5.1567
5.74365 5.13522
5.74415 5.11371
5.74453 5.09216
5.7448 5.07056
5.74496 5.04893
5.74501 5.03455
5.74502 5.00591
5.74494 4.99146
5.74465 4.96271
5.74442 4.94821
5.74385 4.91953
5.74328 4.89808
5.74259 4.87651
5.74177 4.8549
5.74117 4.84066
5.73953 4.81645
5.73834 4.80426
5.73564 4.78246
5.73356 4.76959
5.72791 4.74301
5.72444 4.73019
5.71571 4.70318
5.70892 4.6857
5.70072 4.6679
5.69201 4.65168
5.68296 4.63667
5.67264 4.62122
5.66021 4.60439
5.64899 4.59075
5.64144 4.58218
5.62471 4.56473
5.61673 4.55723
5.60136 4.54376
5.58808 4.53304
5.57437 4.52273
5.55893 4.5119
5.54876 4.50515
5.52556 4.49098
5.5137 4.48435
5.49351 4.47428
5.48062 4.46895
5.46941 4.4647
5.4573 4.46033
5.4489 4.45744
5.4291 4.45103
5.41812 4.44766
5.39493 4.441
5.37518 4.43563
5.35466 4.4302
5.33363 4.42477
5.31935 4.42113
5.29115 4.41394
5.27691 4.41031
5.24884 4.40309
5.23501 4.39947
5.20829 4.39231
5.19 4.38719
5.17242 4.38204
5.15488 4.37666
5.1372 4.37098
5.11975 4.36514
5.10302 4.35928
5.08763 4.35364
5.07424 4.34853
5.06207 4.34365
5.05413 4.34033
5.03832 4.33339
5.03055 4.32981
5.01455 4.32216
5.00178 4.31576
4.98791 4.30826
4.9722 4.299
4.95562 4.28888
4.93918 4.27861
4.92816 4.2716
4.90619 4.2573
4.89514 4.24993
4.87321 4.23497
4.85686 4.22352
4.84051 4.21188
4.82429 4.2001
4.81352 4.19213
4.79213 4.17596
4.78143 4.16771
4.76026 4.15111
4.74441 4.13843
4.72874 4.12563
4.71312 4.11261
4.70276 4.10384
4.68214 4.08612
4.67179 4.07707
4.65141 4.05896
4.63621 4.04514
4.62118 4.03125
4.60615 4.01715
4.5961 4.0076
4.57631 3.98849
4.56645 3.97879
4.54702 3.9594
4.53242 3.94459
4.51789 3.92962
4.50348 3.91456
4.49393 3.90443
4.47507 3.88415
4.46558 3.87381
4.4468 3.85307
4.4328 3.83735
4.41902 3.82164
4.40525 3.80576
4.39154 3.78974
4.37787 3.77355
4.36429 3.75727
4.35093 3.74102
4.34197 3.73003
4.32426 3.70801
4.31537 3.69683
4.29784 3.67453
4.28489 3.6578
4.27195 3.6409
4.25907 3.62386
4.25047 3.61238
4.2335 3.58949
4.22507 3.57799
4.20835 3.55493
4.19583 3.53744
4.18336 3.51985
4.17103 3.50229
4.16281 3.49049
4.14656 3.46691
4.1384 3.45496
4.12225 3.43109
4.11422 3.41912
4.09834 3.39524
4.08644 3.37715
4.07458 3.35897
4.06278 3.34073
4.05497 3.3286
4.03949 3.30432
4.0317 3.29202
4.01629 3.26746
4.00479 3.249
3.99339 3.23059
3.98284 3.21348
3.97699 3.20431
3.96362 3.18548
3.95729 3.17785
3.94434 3.16458
3.93678 3.15838
3.93261 3.15549
3.9305 3.15417
3.92693 3.15207
3.91388 3.14553
3.90511 3.14226
3.88523 3.13754
3.86879 3.13484
3.84835 3.13129
3.82764 3.12755
3.81388 3.12498
3.78796 3.11986
3.7774 3.11772
3.75794 3.11348
3.74317 3.10997
3.72841 3.10622
3.7137 3.10223
3.70384 3.09942
3.68454 3.09359
3.67471 3.09042
3.65506 3.08375
3.64025 3.07841
3.62547 3.07283
3.61061 3.06697
3.59578 3.06087
3.5811 3.05455
3.56632 3.04789
3.55154 3.04096
3.5417 3.03618
3.52192 3.02625
3.51195 3.02107
3.49224 3.01046
3.47757 3.00222
3.46288 2.99365
3.44826 2.98486
3.43844 2.9788
3.41893 2.96639
3.40912 2.95996
3.38988 2.94695
3.37553 2.93687
3.36117 2.92652
3.34686 2.9159
3.33733 2.90867
3.31839 2.89391
3.30895 2.88635
3.29046 2.8711
3.27654 2.85928
3.26265 2.84719
3.2488 2.83481
3.235 2.82219
3.22145 2.80948
3.21236 2.80078
3.19442 2.78318
3.18541 2.77413
3.16767 2.7559
3.15879 2.74657
3.1414 2.7279
3.12836 2.71353
3.11539 2.6989
3.10251 2.68406
3.09396 2.67405
3.07716 2.65401
3.06876 2.64377
3.05216 2.62312
3.03974 2.6073
3.02746 2.59134
3.01521 2.57518
3.00712 2.56434
2.99099 2.5423
2.98293 2.5311
2.96711 2.50872
2.95523 2.49166
2.9435 2.47452
2.93183 2.45719
2.92407 2.44549
2.90881 2.42216
2.90114 2.41031
2.88609 2.38668
2.87484 2.3687
2.86367 2.35059
2.85261 2.33247
2.8452 2.32022
2.8306 2.2958
2.82329 2.28341
2.80892 2.25875
2.79817 2.24011
2.78742 2.22132
2.77677 2.20251
2.76966 2.18984
2.75566 2.16466
2.74859 2.1519
2.7346 2.12648
2.72416 2.10736
2.71376 2.08815
2.70343 2.06898
2.69648 2.05605
2.68271 2.03035
2.67579 2.01738
2.66397 1.9951
2.65514 1.97879
2.64598 1.96245
2.63662 1.94623
2.63032 1.9356
2.61746 1.91448
2.61078 1.90379
2.59722 1.88271
2.58644 1.86653
2.57528 1.85016
2.56391 1.83383
2.55617 1.82291
2.54049 1.80124
2.53241 1.79035
2.5161 1.76883
2.50363 1.75272
2.49083 1.73647
2.4775 1.7198
2.4687 1.70893
2.4511 1.68753
2.44215 1.6768
2.4234 1.65455
2.40921 1.63779
2.39506 1.6212
2.38167 1.60551
2.37343 1.59577
2.35594 1.57467
2.34694 1.56364
2.32899 1.54148
2.31996 1.53024
2.30242 1.50812
2.29345 1.4967
2.27559 1.47395
2.26251 1.45754
2.24974 1.4418
2.23775 1.42733
2.22558 1.41302
2.21397 1.39966
2.20301 1.38735
2.19184 1.37519
2.18416 1.36702
2.16861 1.35094
2.16066 1.34296
2.14428 1.32701
2.13157 1.31505
2.11868 1.30328
2.10533 1.29142
2.09164 1.2796
2.07761 1.2678
2.06799 1.2599
2.04853 1.2443
2.03864 1.23657
2.01836 1.22112
2.00385 1.2104
1.98953 1.20065
1.97811 1.19407
1.96957 1.18963
1.95636 1.18351
1.95236 1.18195
1.94545 1.17968
1.94049 1.17836
1.93319 1.17684
1.92406 1.17549
1.91862 1.1749
1.90638 1.17405
1.89932 1.17377
1.87921 1.17287
1.86204 1.17186
1.84657 1.17071
1.83168 1.16935
1.82219 1.16832
1.8035 1.166
1.79439 1.1647
1.7753 1.16159
1.76045 1.15888
1.74532 1.15586
1.73001 1.15255
1.71953 1.15015
1.69821 1.14495
1.6875 1.14216
1.6657 1.13608
1.65466 1.13283
1.63266 1.12599
1.61573 1.12045
1.59851 1.11458
1.58127 1.10842
1.56946 1.10404
1.54837 1.09563
1.53746 1.09083
1.51509 1.0795
1.49858 1.06965
1.48279 1.05896
1.46779 1.04761
1.45923 1.04051
1.44295 1.02586
1.43429 1.01748
1.41653 0.999101
1.40276 0.983791
1.39221 0.971312
1.38307 0.960701
1.37252 0.948049
1.363 0.936052
1.3557 0.927002
1.33908 0.907595
1.32972 0.89731
1.31208 0.87961
1.29788 0.866705
1.28314 0.854171
1.26807 0.842217
1.25247 0.830872
1.23872 0.82211
1.23068 0.81743
1.21431 0.808308
1.20546 0.803574
1.18467 0.792992
1.16844 0.785091
1.15174 0.777323
1.13299 0.768901
1.11325 0.760201
1.0933 0.751526
1.0799 0.745754
1.05335 0.734415
1.03987 0.728701
1.01294 0.717357
0.992601 0.708824
0.972403 0.700365
0.952178 0.691896
0.9386 0.686223
0.911575 0.674929
0.897946 0.669231
0.871081 0.65796
0.851053 0.64954
0.831106 0.641251
0.810848 0.632937
0.797174 0.627349
0.770457 0.61643
0.757164 0.611053
0.730485 0.600391
0.710515 0.592349
0.691103 0.584431
0.673301 0.577034
0.654832 0.569191
0.634621 0.560667
0.621435 0.555122
0.595585 0.544413
0.582185 0.538906
0.557051 0.5286
0.546876 0.524378
0.542576 0.522615
0.538887 0.521279
0.53505 0.520081
0.531018 0.519018
0.528218 0.518393
0.523444 0.517544
0.521019 0.517219
0.516387 0.516783
0.512974 0.516622
0.509062 0.5166
0.504643 0.516773
0.501423 0.517026
0.495074 0.517836
0.491781 0.51842
0.485137 0.519946
0.478887 0.521791
0.470846 0.524664
0.462878 0.528117
0.457505 0.5308
0.446881 0.537016
0.441316 0.540799
0.430667 0.549195
0.425338 0.554046
0.414883 0.565099
0.407187 0.57483
0.399973 0.585546
0.392682 0.598485
0.38816 0.608076
0.380935 0.628054
0.378542 0.637198
0.374613 0.657717
0.372421 0.677055
0.371845 0.699304
0.373271 0.721237
0.376272 0.741682
0.380754 0.761946
0.384632 0.775551
0.393125 0.800394
0.398088 0.813995
0.408127 0.841405
0.415723 0.862045
0.423335 0.882571
0.431016 0.903139
0.436171 0.916917
0.446436 0.944306
0.451624 0.958121
0.461935 0.985413
0.467154 0.999155
0.477548 1.02645
0.485394 1.04702
0.493241 1.06754
0.501134 1.08803
0.50643 1.10173
0.516983 1.12898
0.52232 1.14273
0.532918 1.16993
0.540943 1.19036
0.548988 1.21078
0.557063 1.23123
0.562491 1.24495
0.573276 1.27207
0.578737 1.28572
0.589612 1.31281
0.595111 1.32648
0.606057 1.35362
0.614316 1.37391
0.622614 1.39419
0.630952 1.4145
0.636562 1.42812
0.647724 1.45511
0.65338 1.46867
0.664645 1.49556
0.673162 1.5158
0.681038 1.53453
0.687046 1.54939
0.691314 1.55967
0.700855 1.58056
0.706626 1.59205
0.720125 1.61585
0.731542 1.63297
0.744033 1.64932
0.757269 1.66446
0.76697 1.67417
0.787778 1.69186
0.799012 1.70009
0.823031 1.71521
0.841534 1.72472
0.859123 1.73235
0.876124 1.73867
0.888302 1.74265
0.911558 1.74893
0.923389 1.75155
0.942799 1.75508
0.951764 1.75628
0.971272 1.75851
0.98898 1.76026
1.00886 1.76188
1.02788 1.76343
1.04465 1.76494
1.0609 1.76661
1.07382 1.76837
1.09947 1.7736
1.11187 1.77704
1.13579 1.78478
1.15325 1.79077
1.17056 1.79697
1.18778 1.80342
1.20511 1.81014
1.22259 1.81717
1.2401 1.82445
1.25758 1.83196
1.26917 1.83706
1.29195 1.84749
1.30343 1.8529
1.3262 1.86397
1.34333 1.87259
1.36036 1.88139
1.3772 1.89034
1.38846 1.89648
1.41083 1.90899
1.42207 1.91545
1.44432 1.92855
1.46086 1.93857
1.47739 1.94884
1.49393 1.95938
1.51041 1.97013
1.52682 1.98108
1.53775 1.98849
1.5593 2.00345
1.5701 2.01111
1.59146 2.0266
1.60742 2.03848
1.62331 2.05053
1.63907 2.06272
1.64963 2.07103
1.67055 2.08785
1.68104 2.09645
1.70167 2.11366
1.71202 2.12245
1.73237 2.14006
1.74763 2.15357
1.7628 2.16725
1.77791 2.18108
1.79295 2.19505
1.80782 2.20913
1.81774 2.21867
1.83728 2.23777
1.84708 2.2475
1.86644 2.26699
1.88083 2.28176
1.89519 2.29678
1.90941 2.31188
1.91893 2.32209
1.93779 2.34259
1.94719 2.35296
1.96572 2.37375
1.97948 2.38944
1.99324 2.40533
2.00694 2.42134
2.02048 2.43741
2.03393 2.45362
2.04285 2.46448
2.06058 2.48633
2.06949 2.49742
2.08701 2.51956
2.10004 2.53629
2.11298 2.55309
2.12591 2.57006
2.13879 2.58715
2.15154 2.60427
2.16 2.61577
2.17674 2.63871
2.18516 2.65038
2.20182 2.67366
2.21014 2.68542
2.22649 2.70878
2.23876 2.72649
2.251 2.74431
2.26319 2.7622
2.27523 2.78009
2.28718 2.79797
2.2952 2.81005
2.31107 2.83416
2.31905 2.84637
2.3347 2.87054
2.34641 2.88877
2.35813 2.90711
2.36983 2.92556
2.38151 2.94408
2.39303 2.96246
2.40458 2.98097
2.41613 2.99956
2.42386 3.01206
2.43914 3.03687
2.44674 3.04928
2.46191 3.0741
2.47332 3.09286
2.48473 3.11166
2.49603 3.13038
2.50358 3.1429
2.51862 3.16789
2.5262 3.18053
2.54124 3.20566
2.55242 3.2244
2.56366 3.24323
2.57491 3.26212
2.58245 3.2748
2.59742 3.29998
2.60487 3.31253
2.61977 3.33763
2.6273 3.3503
2.64227 3.37552
2.6498 3.3882
2.66464 3.41321
2.67216 3.42586
2.68714 3.45103
2.6947 3.46373
2.70963 3.48876
2.72067 3.50719
2.73044 3.5235
2.73945 3.53818
2.74521 3.5473
2.75917 3.56897
2.76667 3.58061
2.78258 3.60491
2.79068 3.61724
2.8068 3.64171
2.81886 3.65998
2.83094 3.67822
2.84287 3.69598
2.85102 3.70719
2.86782 3.72727
2.8774 3.73703
2.89745 3.75456
2.91234 3.76556
2.9287 3.77558
2.94722 3.7845
2.96054 3.78968
2.98649 3.79722
2.99692 3.79916
3.01648 3.80057
3.03457 3.80004
3.05522 3.79789
3.07477 3.79438
3.08695 3.79168
3.11011 3.78529
3.12235 3.78204
3.14154 3.77755
3.16552 3.77298
3.18286 3.77035
3.19969 3.76836
3.21093 3.76736
3.23334 3.76615
3.24486 3.76592
3.26814 3.76624
3.28628 3.76716
3.30485 3.76874
3.3236 3.77098
3.3362 3.77289
3.36221 3.77778
3.37564 3.78077
3.40251 3.78774
3.41286 3.79081
3.42771 3.79567
3.4349 3.79817
3.44895 3.80337
3.45991 3.80772
3.47116 3.81242
3.48259 3.81743
3.49026 3.82093
3.50567 3.82827
3.51349 3.83217
3.52907 3.84024
3.53702 3.84452
3.55279 3.85337
3.56475 3.86042
3.57684 3.86783
3.58897 3.87555
3.59711 3.88089
3.61318 3.89179
3.62534 3.90034
3.63741 3.90912
3.64911 3.91784
3.66094 3.92705
3.67407 3.93809
3.68603 3.94891
3.69755 3.9601
3.70624 3.96909
3.72285 3.98824
3.72972 3.99696
3.74321 4.01556
3.75218 4.02918
3.76078 4.04385
3.76786 4.0575
3.77248 4.06696
3.78224 4.08859
3.78742 4.10076
3.79606 4.12068
3.80417 4.13861
3.81299 4.15746
3.82237 4.17708
3.82868 4.19033
3.84118 4.21668
3.84746 4.22997
3.85985 4.25626
3.86612 4.26957
3.87853 4.29601
3.88785 4.3159
3.89716 4.33572
3.90654 4.35553
3.91599 4.37532
3.92543 4.39498
3.93179 4.40814
3.94444 4.4341
3.9509 4.44717
3.9638 4.473
3.97356 4.49231
3.98327 4.51132
3.99297 4.52997
4.00286 4.54861
4.01286 4.5671
4.01959 4.5794
4.03309 4.60361
4.03997 4.61571
4.05364 4.6392
4.06046 4.65067
4.07418 4.67317
4.0847 4.68999
4.09538 4.70668
4.10595 4.72281
4.11278 4.73309
4.12657 4.75326
4.13365 4.76334
4.14797 4.78319
4.15854 4.79745
4.16828 4.81051
4.17779 4.82292
4.18596 4.8333
4.19418 4.84338
4.19974 4.85001
4.21125 4.86326
4.21722 4.8699
4.22956 4.88315
4.23896 4.89284
4.24899 4.90281
4.25949 4.91292
4.27036 4.92304
4.28156 4.93311
4.28929 4.93988
4.30505 4.95325
4.31317 4.95995
4.32999 4.97333
4.33887 4.98016
4.35688 4.99356
4.36622 5.00029
4.38538 5.01371
4.40019 5.02378
4.41515 5.03366
4.43062 5.04354
4.44121 5.05014
4.46276 5.0632
4.47387 5.06979
4.4966 5.08299
4.50803 5.08946
4.53128 5.10225
4.54894 5.11169
4.56684 5.12104
4.58522 5.13047
4.60373 5.13976
4.62234 5.14889
4.63493 5.15495
4.66021 5.16694
4.67313 5.17298
4.69895 5.18486
4.71208 5.19079
4.73798 5.20229
4.75111 5.20805
4.77744 5.21946
4.79076 5.22516
4.8172 5.23627
4.8305 5.24179
4.85735 5.25285
4.87765 5.26117
4.89794 5.26941
4.91823 5.27757
4.93172 5.28296
4.95873 5.29368
4.97245 5.29911
4.99962 5.30987
5.0199 5.31793
5.04017 5.32605
5.06054 5.33422
5.08087 5.34232
5.10079 5.35017
5.12068 5.35787
5.14107 5.36573
5.16159 5.37361
5.18213 5.38146
5.19591 5.3867
5.22265 5.39695
5.23611 5.40219
5.26311 5.4127
5.283 5.42034
5.30176 5.42759
5.31871 5.434
5.33726 5.44103
5.35664 5.44858
5.3698 5.45381
5.39671 5.46455
5.41032 5.47
5.43171 5.47829
5.4378 5.48034
5.44345 5.4819
5.44594 5.48246
5.45114 5.48339
5.45528 5.48392
5.45963 5.48427
5.46404 5.48442
5.46705 5.48441
5.47328 5.48408
5.47645 5.48376
5.48276 5.48281
5.48743 5.48184
5.49321 5.48043
5.50055 5.47823
5.5057 5.47639
5.51665 5.47166
5.52209 5.46887
5.53274 5.46246
5.5384 5.45849
5.5495 5.4495
5.55751 5.44181
5.56529 5.43315
5.57297 5.42311
5.57997 5.41218
5.58574 5.40126
5.59062 5.38987
5.59567 5.37501
5.59866 5.36355
5.60285 5.33806
5.60386 5.32433
5.60349 5.29547
5.60115 5.27441
5.59733 5.25427
5.59255 5.23508
5.58659 5.21579
5.57988 5.1949
5.57535 5.18085
5.56632 5.15299
5.5618 5.1391
5.55274 5.11133
5.54591 5.0904
5.53905 5.06943
5.53223 5.04858
5.52765 5.03466
5.51852 5.0069
5.5139 4.99288
5.5047 4.96503
5.49784 4.94427
5.49093 4.92344
5.484 4.90256
5.47933 4.88855
5.47005 4.86074
5.46543 4.84688
5.45614 4.8192
5.44913 4.79834
5.44209 4.77743
5.43737 4.76345
5.42805 4.7359
5.42332 4.72197
5.41387 4.69425
5.40674 4.67338
5.39965 4.65267
5.39251 4.63195
5.38771 4.61803
5.37813 4.59034
5.37328 4.57638
5.36372 4.5489
5.35644 4.52817
5.34916 4.50942
5.34266 4.49489
5.33532 4.47994
5.3273 4.46485
5.32118 4.45408
5.30855 4.43382
5.30084 4.42286
5.28531 4.40334
5.27696 4.39394
5.25997 4.37654
5.25013 4.36754
5.22882 4.35043
5.21772 4.34248
5.19662 4.3291
5.18649 4.32338
5.16281 4.31153
5.1441 4.30344
5.12584 4.29653
5.10694 4.29034
5.0946 4.28673
5.07421 4.28147
5.06511 4.27943
5.04778 4.27594
5.02995 4.27234
5.00891 4.26791
4.98852 4.2635
4.97546 4.26062
4.95352 4.25599
4.94446 4.25426
4.92335 4.24996
4.906 4.24602
4.88861 4.24183
4.87113 4.23738
4.85395 4.23278
4.83698 4.22796
4.82556 4.22457
4.8029 4.21749
4.7915 4.21377
4.76877 4.20602
4.75176 4.19994
4.7349 4.19363
4.71795 4.18702
4.70664 4.18246
4.68421 4.1731
4.6729 4.16822
4.65055 4.15824
4.6339 4.15047
4.61724 4.14242
4.60058 4.13413
4.58399 4.12562
4.56743 4.11688
4.5564 4.11092
4.53474 4.09881
4.52385 4.09255
4.50224 4.07978
4.48602 4.06991
4.46984 4.0598
4.45384 4.04953
4.43792 4.03903
4.42198 4.02826
4.41133 4.02093
4.39025 4.00606
4.37969 3.99844
4.35904 3.98318
4.34865 3.97532
4.32805 3.95938
4.31264 3.94715
4.29731 3.93472
4.28219 3.92221
4.27208 3.9137
4.25204 3.89645
4.24198 3.88763
4.22214 3.86986
4.2074 3.85637
4.19279 3.84275
4.17824 3.82891
4.16854 3.81953
4.14937 3.80063
4.13982 3.79106
4.12098 3.77185
4.10688 3.75716
4.09287 3.74229
4.07897 3.72726
4.0652 3.71216
4.05155 3.69694
4.04243 3.68663
4.02447 3.66593
4.01548 3.6554
3.99778 3.63436
3.9889 3.62366
3.97148 3.60231
3.95848 3.58605
3.9456 3.56971
3.93278 3.55323
3.92423 3.5421
3.90742 3.5199
3.89901 3.50862
3.88249 3.48611
3.8701 3.46902
3.8578 3.45183
3.84563 3.43455
3.83353 3.41713
3.82156 3.39968
3.81354 3.3879
3.79775 3.36441
3.78987 3.35252
3.77434 3.32877
3.7666 3.31681
3.75123 3.29281
3.74353 3.28067
3.72841 3.25651
3.71716 3.23827
3.70595 3.21994
3.69476 3.20149
3.6873 3.18909
3.67265 3.16445
3.66535 3.15202
3.65086 3.1272
3.64356 3.11461
3.62918 3.08959
3.62199 3.07695
3.60785 3.05188
3.60072 3.03918
3.58662 3.01387
3.57957 3.00111
3.56567 2.97572
3.55872 2.96296
3.54488 2.93743
3.53451 2.91816
3.52423 2.89892
3.51404 2.87971
3.5072 2.86679
3.49362 2.84103
3.4868 2.82801
3.47335 2.80221
3.46333 2.78286
3.45326 2.76339
3.44319 2.74386
3.43646 2.73076
3.42318 2.70482
3.41654 2.6918
3.40326 2.66578
3.39656 2.65263
3.38331 2.62658
3.37342 2.60706
3.36351 2.58749
3.35377 2.56829
3.34579 2.55285
3.3385 2.53934
3.33371 2.53076
3.32507 2.51581
3.32096 2.50888
3.30967 2.49143
3.29796 2.47526
3.2851 2.45781
3.27323 2.44213
3.26075 2.42622
3.24964 2.41239
3.24169 2.4031
3.22427 2.38408
3.21592 2.37567
3.20047 2.36124
3.1912 2.35323
3.17081 2.33735
3.1551 2.32661
3.14029 2.31772
3.12442 2.30904
3.10678 2.30014
3.09526 2.29475
3.07396 2.28594
3.05897 2.28081
3.04289 2.27609
3.02387 2.27121
3.00491 2.26658
2.98941 2.26307
2.97779 2.26034
2.95439 2.25428
2.9447 2.2515
2.92788 2.24616
2.9153 2.2419
2.9026 2.23736
2.88894 2.2322
2.87949 2.22842
2.8624 2.22133
2.85382 2.2176
2.83683 2.20988
2.82822 2.20579
2.81092 2.19722
2.80216 2.1927
2.78485 2.18343
2.77197 2.17623
2.75903 2.1687
2.74603 2.16086
2.73728 2.15541
2.71982 2.14415
2.71099 2.13826
2.6935 2.12623
2.68035 2.11685
2.66659 2.10657
2.65361 2.09646
2.6449 2.0895
2.62761 2.07526
2.61803 2.06734
2.59745 2.05028
2.58161 2.03684
2.56568 2.02312
2.54989 2.00932
2.53425 1.99548
2.51886 1.98166
2.50369 1.9678
2.48852 1.95371
2.47356 1.93958
2.45897 1.9256
2.44927 1.91615
2.43034 1.89737
2.42115 1.88806
2.40308 1.86935
2.39399 1.85976
2.37703 1.84149
2.3645 1.82759
2.35199 1.81332
2.33962 1.79888
2.3272 1.78409
2.31479 1.769
2.30648 1.75873
2.29015 1.73805
2.28193 1.72741
2.26564 1.70598
2.25341 1.68958
2.24124 1.67297
2.22914 1.65616
2.21714 1.63917
2.20512 1.62198
2.19708 1.61032
2.18107 1.58687
2.17311 1.57504
2.15739 1.55139
2.14556 1.53339
2.1337 1.51522
2.12185 1.4969
2.11009 1.47859
2.09845 1.46036
2.08681 1.44201
2.07519 1.42357
2.0674 1.41114
2.05208 1.38653
2.04436 1.3741
2.0294 1.34993
2.01858 1.33214
2.00783 1.31417
1.99727 1.29621
1.99024 1.2841
1.97972 1.26563
1.97565 1.2585
1.96696 1.24365
1.96093 1.23357
1.95471 1.22355
1.94843 1.21362
1.9423 1.20424
1.93591 1.19484
1.93153 1.1886
1.92259 1.1763
1.9179 1.17009
1.90816 1.15767
1.90314 1.15149
1.89311 1.13953
1.88508 1.13032
1.87681 1.12115
1.8682 1.11201
1.86213 1.10575
1.84952 1.09324
1.84272 1.08672
1.82941 1.07437
1.8222 1.06787
1.80734 1.05489
1.79626 1.04556
1.78492 1.03639
1.7729 1.02706
1.76461 1.0208
1.74764 1.00835
1.73866 1.00197
1.71997 0.989092
1.71037 0.982676
1.69095 0.970156
1.68092 0.963899
1.66035 0.951392
1.64964 0.945055
1.62768 0.932433
1.61094 0.923121
1.59414 0.914053
1.57704 0.905049
1.56538 0.899046
1.54167 0.887151
1.52949 0.881194
1.50522 0.869615
1.49305 0.863928
1.46839 0.852681
1.4558 0.847072
1.43039 0.836017
1.41117 0.827867
1.39164 0.819727
1.37178 0.811588
1.35846 0.806195
1.33191 0.795645
1.31852 0.79041
1.29176 0.780041
1.27817 0.77484
1.25102 0.764569
1.23072 0.757001
1.21065 0.749616
1.19032 0.742249
1.16979 0.734905
1.14914 0.727596
1.13527 0.722729
1.1079 0.713161
1.09402 0.708335
1.06639 0.698772
1.04556 0.691607
1.02482 0.6845
1.0041 0.67739
0.983399 0.670328
0.962675 0.66333
0.941824 0.656362
0.921064 0.649432
0.900352 0.642521
0.879651 0.635568
0.859102 0.628601
0.838644 0.621575
0.8185 0.614526
0.799385 0.607892
0.781663 0.601921
0.761834 0.595165
0.748105 0.59047
0.721764 0.581593
0.708366 0.577203
0.680651 0.568285
0.660728 0.561932
0.641664 0.556023
0.623089 0.55041
0.604403 0.544945
0.58415 0.539287
0.570003 0.535401
0.542722 0.527972
0.531 0.525046
0.512889 0.521495
0.507057 0.520718
0.500922 0.5202
0.496492 0.52007
0.491834 0.52015
0.486982 0.520465
0.482021 0.521032
0.476925 0.521872
0.473167 0.522661
0.462989 0.525401
0.457913 0.527111
0.447921 0.531146
0.440025 0.535023
0.432211 0.539545
0.424662 0.544733
0.419686 0.548687
0.409592 0.558173
0.404898 0.563302
0.395778 0.574776
0.391044 0.581696
0.381888 0.597767
0.376116 0.61059
0.370908 0.624622
0.366277 0.639587
0.361944 0.65724
0.358434 0.678236
0.357111 0.693284
0.357073 0.722662
0.358249 0.73618
0.362002 0.76109
0.3646 0.774737
0.370176 0.803065
0.374454 0.824365
0.378836 0.845625
0.383339 0.867013
0.386406 0.881373
0.392547 0.909785
0.395668 0.92407
0.401977 0.952335
0.405227 0.966635
0.411766 0.994985
0.416739 1.01625
0.421747 1.0374
0.426882 1.05864
0.432106 1.07989
0.437379 1.10111
0.442703 1.1223
0.448069 1.14337
0.451739 1.15756
0.45913 1.18573
0.462884 1.19987
0.470401 1.22794
0.474211 1.24197
0.481957 1.26999
0.487862 1.29102
0.493818 1.31201
0.499823 1.33296
0.505917 1.35385
0.512128 1.37481
0.518235 1.39493
0.524713 1.41421
0.53089 1.43095
0.537903 1.44803
0.543282 1.45973
0.554899 1.48292
0.561173 1.49449
0.572571 1.51415
0.581867 1.5292
0.591954 1.54439
0.602471 1.55918
0.614277 1.57431
0.625888 1.58769
0.634201 1.59681
0.651109 1.61437
0.659585 1.62275
0.676615 1.63876
0.686023 1.64707
0.707055 1.66347
0.718588 1.67137
0.741825 1.68522
0.759719 1.69421
0.777089 1.70172
0.795388 1.7085
0.813827 1.71426
0.831462 1.71892
0.841523 1.72121
0.859904 1.72477
0.868841 1.72626
0.890454 1.72975
0.902591 1.73196
0.929835 1.73704
0.944018 1.73967
0.97128 1.74493
0.992027 1.74912
1.0118 1.75328
1.02767 1.75695
1.03632 1.75907
1.0567 1.76442
1.06852 1.76766
1.092 1.77442
1.10375 1.77799
1.12707 1.78539
1.14461 1.79125
1.16218 1.79735
1.17973 1.80369
1.19712 1.8102
1.21454 1.81702
1.23196 1.82408
1.24928 1.83134
1.26088 1.83634
1.28389 1.84658
1.29532 1.85183
1.31806 1.86261
1.33513 1.871
1.3522 1.87965
1.36923 1.88851
1.38612 1.89753
1.40291 1.90676
1.41417 1.9131
1.43651 1.926
1.44773 1.93265
1.46987 1.94608
1.48094 1.95295
1.50281 1.96688
1.5192 1.97763
1.53554 1.9886
1.55178 1.99972
1.56798 2.01105
1.58401 2.02253
1.59474 2.03036
1.61603 2.04623
1.62665 2.05432
1.64776 2.07066
1.65826 2.07895
1.67907 2.09574
1.69465 2.10862
1.71011 2.12162
1.72556 2.13482
1.73584 2.14374
1.75606 2.16164
1.7662 2.17079
1.78617 2.18912
1.80118 2.20314
1.81607 2.21728
1.8308 2.23154
1.84543 2.24596
1.86 2.26053
1.86976 2.2704
1.88909 2.29025
1.8987 2.30029
1.91764 2.32039
1.93181 2.33567
1.94595 2.35113
1.95998 2.36668
1.97385 2.3823
1.98758 2.39801
1.99679 2.40865
2.01503 2.42999
2.02417 2.44082
2.04208 2.46236
2.05539 2.47863
2.06871 2.49509
2.082 2.51172
2.09524 2.52846
2.10829 2.54521
2.12123 2.562
2.13415 2.57895
2.14704 2.59605
2.15989 2.61326
2.17253 2.63042
2.18512 2.64767
2.19355 2.6593
2.21024 2.6826
2.21862 2.6944
2.235 2.71772
2.24323 2.72954
2.25953 2.75319
2.27175 2.77108
2.2839 2.78903
2.29586 2.80688
2.30782 2.82486
2.31976 2.84297
2.32774 2.85516
2.3435 2.8794
2.35134 2.89156
2.36691 2.91588
2.37862 2.93433
2.39033 2.95285
2.40191 2.97129
2.40966 2.98366
2.42502 3.00833
2.43275 3.02082
2.44809 3.04568
2.45949 3.06425
2.47091 3.0829
2.48231 3.10162
2.49372 3.12041
2.5051 3.1392
2.51263 3.15168
2.52763 3.17662
2.53519 3.18922
2.55018 3.21432
2.56137 3.23314
2.57251 3.25192
2.58365 3.27077
2.59478 3.2897
2.60591 3.30867
2.61331 3.32131
2.62794 3.34641
2.63531 3.3591
