0 0
0 0
0 0
0 0
0 0
0 0
0 0
0 0
0 0
0 0
0 0
0 0
0 0
0 0
0 0
0 0
0 0
0 0
0 0
0 0
0 0
0 0
0 0
0 0
0 0
0 0
0 0
0 0
0 0
0 0
0 0
0 0
0 0
0 0
0 0
0 0
0 0
0 0
0 0
0 0
0 0
0 0
0 0
0 0
-0.0326045 0.000253927
-0.0326045 0.000253927
-0.0318763 0.00206992
-0.0318763 0.00206992
-0.0331442 0.000522651
-0.0331442 0.000522651
-0.0332982 -0.000771866
-0.0332982 -0.000771866
-0.0305653 0.000360684
-0.0305653 0.000360684
-0.0333662 -0.00163332
-0.0333662 -0.00163332
-0.0340337 -0.00252704
-0.0340337 -0.00252704
-0.0313796 -3.33855e-05
-0.0313796 -3.33855e-05
-0.0316819 -0.00141725
-0.0316819 -0.00141725
-0.0339625 -0.00163134
-0.0339625 -0.00163134
-0.0335419 -0.000350451
-0.0335419 -0.000350451
-0.0326404 -0.00239321
-0.0326404 -0.00239321
-0.0322914 -0.00110044
-0.0322914 -0.00110044
-0.0275721 -0.00615331
-0.0275721 -0.00615331
-0.0254912 0.000740159
-0.0254912 0.000740159
-0.0273101 -0.00164898
-0.0273101 -0.00164898
-0.0298194 -0.0056198
-0.0298194 -0.0056198
-0.0282807 -0.00441846
-0.0282807 -0.00441846
-0.0265338 -0.00696509
-0.0265338 -0.00696509
-0.0257032 -0.00479788
-0.0257032 -0.00479788
-0.028054 -0.0057871
-0.028054 -0.0057871
-0.0273965 -0.0105163
-0.0273965 -0.0105163
-0.0274072 -0.0103243
-0.0274072 -0.0103243
-0.0258913 -0.0126456
-0.0258913 -0.0126456
-0.0263564 -0.0123224
-0.0263564 -0.0123224
-0.0288375 -0.0161242
-0.0288375 -0.0161242
-0.0279335 -0.0143261
-0.0279335 -0.0143261
-0.0270296 -0.016281
-0.0270296 -0.016281
-0.0275296 -0.0190899
-0.0275296 -0.0190899
-0.0272384 -0.0200049
-0.0272384 -0.0200049
-0.0287182 -0.0198548
-0.0287182 -0.0198548
-0.0272326 -0.020859
-0.0272326 -0.020859
-0.0260465 -0.0213611
-0.0260465 -0.0213611
-0.0293614 -0.024752
-0.0293614 -0.024752
-0.0252685 -0.0236777
-0.0252685 -0.0236777
-0.0237889 -0.0252407
-0.0237889 -0.0252407
-0.0233328 -0.0291786
-0.0233328 -0.0291786
-0.0258934 -0.0278555
-0.0258934 -0.0278555
-0.0222429 -0.0297624
-0.0222429 -0.0297624
-0.0212511 -0.0309428
-0.0212511 -0.0309428
-0.0241517 -0.0307162
-0.0241517 -0.0307162
-0.0212257 -0.0324258
-0.0212257 -0.0324258
-0.0187481 -0.0350926
-0.0187481 -0.0350926
-0.019694 -0.0317053
-0.019694 -0.0317053
-0.0190098 -0.032481
-0.0190098 -0.032481
-0.0150873 -0.0315205
-0.0150873 -0.0315205
-0.0157654 -0.0320211
-0.0157654 -0.0320211
-0.0125889 -0.0357119
-0.0125889 -0.0357119
-0.0118386 -0.0373545
-0.0118386 -0.0373545
-0.0124921 -0.0346588
-0.0124921 -0.0346588
-0.0080185 -0.0355736
-0.0080185 -0.0355736
-0.00952774 -0.0382241
-0.00952774 -0.0382241
-0.00891958 -0.0360041
-0.00891958 -0.0360041
-0.00471619 -0.0373364
-0.00471619 -0.0373364
-0.00571258 -0.0362634
-0.00571258 -0.0362634
-0.00647539 -0.0400718
-0.00647539 -0.0400718
-0.00194574 -0.0397232
-0.00194574 -0.0397232
-0.00353116 -0.0369807
-0.00353116 -0.0369807
-0.0032242 -0.0368795
-0.0032242 -0.0368795
-0.000457374 -0.0405775
-0.000457374 -0.0405775
-0.000753983 -0.0375988
-0.000753983 -0.0375988
-0.00378447 -0.0372132
-0.00386103 -0.0367191
-0.00197144 -0.0363445
-0.00219431 -0.0348612
-0.00123998 -0.0341018
-0.0016092 -0.0316293
-0.0019106 -0.030825
-0.00235083 -0.0278575
-0.00333476 -0.0256033
-0.00377351 -0.0226355
-0.000209622 -0.0191519
-0.000644858 -0.0161837
-0.00146964 -0.013026
-0.00189552 -0.0100564
-0.00562219 -0.00601926
-0.00648292 -8.13199e-05
-0.00703943 0.000903546
-0.00748745 0.0038699
-0.00631438 0.0034759
-0.00681811 0.00643331
-0.00596708 0.0105168
-0.00653047 0.0134634
-0.0100779 0.0148318
-0.0107008 0.0177664
-0.00810734 0.0215137
-0.00879088 0.0244348
-0.00980196 0.0299683
-0.0105476 0.0328741
-0.0105537 0.0347059
-0.0113619 0.037595
-0.0115193 0.0405837
-0.0123867 0.0434556
-0.0122107 0.0447481
-0.0131003 0.0476132
-0.0147765 0.0513299
-0.015672 0.0541931
-0.0188655 0.0540078
-0.0197613 0.0568709
-0.0167655 0.0576369
-0.0176616 0.0605
-0.0180292 0.0663422
-0.0189186 0.0692073
-0.02022 0.0738268
-0.0221425 0.080036
-0.0221993 0.0813162
-0.0233791 0.0851383
-0.02418 0.0884786
-0.0253564 0.0923017
-0.0287421 0.0929603
-0.0299179 0.0967836
-0.0314368 0.0997388
-0.0326106 0.103563
-0.0319852 0.108564
-0.0331625 0.112387
-0.033935 0.11602
-0.0351191 0.11984
-0.0397574 0.122729
-0.0409816 0.126537
-0.0413772 0.131272
-0.0426128 0.135076
-0.0450238 0.138325
-0.0462638 0.142128
-0.0477774 0.142622
-0.0490099 0.146428
-0.0443689 0.154173
-0.0455963 0.15798
-0.0499833 0.164426
-0.0515151 0.169186
-0.0502025 0.173834
-0.051737 0.178592
-0.0544778 0.181134
-0.0560112 0.185893
-0.0590804 0.194764
-0.0605998 0.199528
-0.063359 0.201503
-0.064868 0.20627
-0.0645367 0.211951
-0.0660547 0.216715
-0.0671129 0.22214
-0.0686549 0.226896
-0.0690615 0.232046
-0.0706302 0.236794
-0.0730156 0.241797
-0.0746038 0.246538
-0.0765731 0.25005
-0.0781481 0.254796
-0.0762335 0.257856
-0.0778101 0.262601
-0.0804637 0.266202
-0.0820286 0.270951
-0.0858007 0.277862
-0.0873643 0.282611
-0.0895286 0.284349
-0.0910938 0.289098
-0.0910191 0.296548
-0.0925786 0.301299
-0.0961624 0.306863
-0.0977165 0.311615
-0.096356 0.316952
-0.0979226 0.3217
-0.100242 0.329594
-0.101855 0.334326
-0.106606 0.335374
-0.108215 0.340108
-0.106368 0.346058
-0.10797 0.350795
-0.110799 0.353605
-0.11241 0.358338
-0.113969 0.361581
-0.115571 0.366317
-0.116084 0.373028
-0.117689 0.377763
-0.119224 0.382494
-0.120826 0.38723
-0.124198 0.386953
-0.125786 0.391694
-0.126426 0.401151
-0.128026 0.405888
-0.132197 0.41211
-0.133786 0.416851
-0.132172 0.420913
-0.133803 0.425639
-0.134347 0.426261
-0.134347 0.426261
-0.135402 0.433978
-0.138686 0.443423
-0.14319 0.447395
-0.144827 0.45212
-0.145774 0.456119
-0.147417 0.460841
-0.146934 0.466135
-0.148565 0.470862
-0.151357 0.476364
-0.152993 0.481089
-0.155921 0.485011
-0.157547 0.489739
-0.155944 0.493674
-0.157575 0.498401
-0.157979 0.499364
-0.159613 0.50409
-0.158992 0.507742
-0.160631 0.512466
-0.166642 0.521664
-0.168328 0.526371
-0.169699 0.529029
-0.169699 0.529029
-0.171768 0.533597
-0.173438 0.53831
-0.17571 0.541022
-0.177382 0.545734
-0.175167 0.553656
-0.176843 0.558367
-0.180153 0.563188
-0.181814 0.567904
-0.185946 0.569909
-0.187611 0.574624
-0.188757 0.580055
-0.190423 0.58477
-0.191605 0.591387
-0.193262 0.596104
-0.192613 0.597164
-0.194269 0.601882
-0.194563 0.609272
-0.196268 0.613972
-0.200514 0.618857
-0.202234 0.623552
-0.203539 0.625521
-0.20524 0.630222
-0.206978 0.633168
-0.20869 0.637866
-0.210293 0.643146
-0.211991 0.647849
-0.213768 0.651894
-0.215467 0.656597
-0.215723 0.660443
-0.217423 0.665146
-0.220066 0.668595
-0.22176 0.673299
-0.222827 0.678582
-0.224517 0.683288
-0.225594 0.68641
-0.227295 0.691112
-0.227522 0.696672
-0.229249 0.701365
-0.231648 0.704662
-0.233396 0.709346
-0.235398 0.712668
-0.23714 0.717355
-0.237257 0.722592
-0.238986 0.727284
-0.243143 0.731839
-0.244877 0.736528
-0.246739 0.739367
-0.248467 0.744059
-0.248633 0.748355
-0.250369 0.753043
-0.250362 0.757375
-0.252087 0.762068
-0.25707 0.764138
-0.258792 0.768832
-0.258783 0.776788
-0.260507 0.781482
-0.261416 0.782303
-0.263144 0.786995
-0.266512 0.791825
-0.268279 0.796502
-0.269404 0.800305
-0.271187 0.804976
-0.272864 0.811506
-0.274626 0.816185
-0.278075 0.818823
-0.27984 0.823502
-0.281945 0.82792
-0.283706 0.832599
-0.283074 0.836892
-0.284831 0.841573
-0.282364 0.84737
-0.284119 0.852052
-0.289118 0.854225
-0.290871 0.858908
-0.293309 0.86496
-0.295058 0.869645
-0.297217 0.873821
-0.298961 0.878507
-0.302421 0.8828
-0.304209 0.887469
-0.302334 0.888895
-0.304136 0.893559
-0.309949 0.901192
-0.3121 0.906793
-0.311761 0.910802
-0.313904 0.916407
-0.317853 0.920917
-0.319985 0.926525
-0.322378 0.931919
-0.32451 0.937527
-0.327441 0.944898
-0.329572 0.950507
-0.329699 0.953947
-0.331835 0.959554
-0.335505 0.963702
-0.337614 0.969319
-0.335061 0.975133
-0.337219 0.980732
-0.341267 0.988103
-0.34344 0.993696
-0.347215 0.99836
-0.349383 1.00396
-0.355198 1.01002
-0.357366 1.01561
-0.358547 1.01873
-0.360711 1.02433
-0.358709 1.03064
-0.360867 1.03624
-0.365561 1.04108
-0.369859 1.05229
-0.367487 1.05071
-0.369689 1.05629
-0.371224 1.06399
-0.373544 1.06952
-0.374193 1.07322
-0.376669 1.07869
-0.379787 1.08447
-0.382361 1.08989
-0.383043 1.09564
-0.385735 1.101
-0.389839 1.10597
-0.392634 1.11128
-0.398691 1.11631
-0.40158 1.12157
-0.401444 1.12867
-0.404448 1.13386
-0.403056 1.13779
-0.406161 1.14293
-0.412562 1.14792
-0.415791 1.15298
-0.417617 1.15858
-0.421015 1.16352
-0.421916 1.16657
-0.425493 1.17138
-0.431227 1.1773
-0.435015 1.18195
-0.432786 1.18556
-0.436775 1.19005
-0.439636 1.19567
-0.443805 1.19999
-0.446572 1.2057
-0.450918 1.20984
-0.454322 1.21651
-0.463426 1.22433
-0.46827 1.227
-0.472941 1.23076
-0.476651 1.23445
-0.481391 1.23813
-0.484935 1.2412
-0.489737 1.2448
-0.492756 1.24728
-0.49763 1.25078
-0.50333 1.25693
-0.508266 1.26034
-0.509742 1.26325
-0.514751 1.26655
-0.520968 1.27133
-0.526057 1.27451
-0.528809 1.27762
-0.533963 1.28069
-0.538323 1.2812
-0.543524 1.2842
-0.546787 1.2912
-0.552035 1.2941
-0.561818 1.29611
-0.567129 1.2989
-0.568461 1.30362
-0.573817 1.30632
-0.576834 1.30891
-0.582247 1.3115
-0.58551 1.31433
-0.590973 1.31681
-0.597861 1.31651
-0.603369 1.31889
-0.609698 1.31873
-0.615253 1.321
-0.61903 1.32955
-0.624615 1.33175
-0.628334 1.3335
-0.633963 1.33558
-0.643275 1.33849
-0.648943 1.34046
-0.647617 1.34309
-0.653321 1.34495
-0.658138 1.34861
-0.663877 1.35036
-0.672532 1.34966
-0.678307 1.35129
-0.680882 1.35086
-0.686691 1.35236
-0.694239 1.35739
-0.700053 1.35887
-0.705292 1.35439
-0.711105 1.35588
-0.713386 1.36622
-0.7192 1.3677
-0.72669 1.36338
-0.732502 1.36487
-0.735038 1.37124
-0.740852 1.37273
-0.745648 1.36617
-0.75146 1.36766
-0.757648 1.37226
-0.763464 1.37374
-0.769418 1.3784
-0.775233 1.37987
-0.776109 1.37888
-0.781925 1.38035
-0.786049 1.38437
-0.797648 1.38745
-0.797993 1.38667
-0.803783 1.38824
-0.809101 1.38638
-0.814896 1.38794
-0.820338 1.38973
-0.826131 1.3913
-0.83282 1.39477
-0.838615 1.39633
-0.844124 1.39672
-0.849917 1.39828
-0.852517 1.39751
-0.858318 1.39904
-0.864383 1.40287
-0.870177 1.40443
-0.875636 1.40836
-0.881435 1.4099
-0.884997 1.40884
-0.890799 1.41036
-0.89612 1.41368
-0.901967 1.41503
-0.907186 1.41783
-0.913079 1.41895
-0.918539 1.42063
-0.924475 1.42151
-0.927513 1.42241
-0.933479 1.42305
-0.938496 1.42539
-0.944484 1.42577
-0.94964 1.42764
-0.955638 1.42782
-0.960851 1.42885
-0.966851 1.42882
-0.974321 1.42994
-0.980319 1.42977
-0.987713 1.43106
-0.993706 1.43076
-0.99838 1.43199
-1.00437 1.43159
-1.0077 1.42766
-1.01367 1.42713
-1.01955 1.42914
-1.02552 1.42849
-1.03104 1.42849
-1.03699 1.42771
-1.04327 1.42873
-1.0492 1.42785
-1.05096 1.42538
-1.05688 1.42437
-1.0663 1.42865
-1.0722 1.42752
-1.07651 1.42107
-1.08237 1.41981
-1.0865 1.41879
-1.09234 1.41741
-1.0989 1.41985
-1.10471 1.41835
-1.11127 1.41605
-1.11704 1.41444
-1.12049 1.41655
-1.13197 1.41306
-1.13715 1.40919
-1.14281 1.40721
-1.14873 1.40761
-1.15431 1.4054
-1.15919 1.40446
-1.16465 1.40198
-1.17062 1.40075
-1.17598 1.39805
-1.18226 1.39989
-1.1875 1.39697
-1.1901 1.39344
-1.19522 1.39031
-1.20148 1.3907
-1.20647 1.38736
-1.21513 1.38438
-1.21999 1.38086
-1.22565 1.37843
-1.23037 1.37473
-1.23193 1.37215
-1.2365 1.36826
-1.24127 1.36858
-1.2457 1.36452
-1.24707 1.35826
-1.25133 1.35403
-1.2571 1.35347
-1.26119 1.34908
-1.26557 1.34916
-1.26961 1.34472
-1.27019 1.34048
-1.27411 1.33594
-1.28001 1.33443
-1.28384 1.32981
-1.28751 1.32356
-1.29124 1.31886
-1.29747 1.31228
-1.30111 1.30751
-1.30597 1.30784
-1.30951 1.303
-1.30987 1.29781
-1.31331 1.2929
-1.31683 1.28974
-1.32018 1.28476
-1.31931 1.27744
-1.32255 1.27239
-1.32818 1.2712
-1.33122 1.26603
-1.33529 1.26188
-1.33813 1.25659
-1.34301 1.25255
-1.3456 1.24713
-1.34791 1.24194
-1.3503 1.23644
-1.35876 1.23676
-1.36092 1.23116
-1.36187 1.22111
-1.36379 1.21543
-1.36265 1.21329
-1.36439 1.20755
-1.36848 1.20211
-1.36998 1.1963
-1.3751 1.19469
-1.37639 1.18883
-1.37456 1.18292
-1.37561 1.17702
-1.37988 1.17209
-1.38069 1.16615
-1.38166 1.15653
-1.38224 1.15056
-1.3832 1.14622
-1.38355 1.14023
-1.38635 1.13665
-1.38651 1.13065
-1.3886 1.12473
-1.38852 1.11873
-1.3912 1.11429
-1.39088 1.1083
-1.3938 1.10365
-1.39324 1.09768
-1.38772 1.08991
-1.38691 1.08397
-1.38514 1.07902
-1.38409 1.07311
-1.38483 1.06821
-1.38354 1.06235
-1.38401 1.05788
-1.3825 1.05207
-1.38292 1.04669
-1.38119 1.04094
-1.38222 1.03657
-1.38026 1.0309
-1.37797 1.02404
-1.37581 1.01845
-1.37084 1.01431
-1.36843 1.00881
-1.37286 1.00288
-1.37021 0.997494
-1.36892 0.992542
-1.36603 0.987281
-1.3631 0.981686
-1.36002 0.976539
-1.35885 0.970226
-1.35555 0.965215
-1.35604 0.960651
-1.35256 0.955766
-1.34751 0.950202
-1.34384 0.945462
-1.34018 0.942346
-1.3363 0.937768
-1.33828 0.929792
-1.33423 0.92537
-1.32805 0.924403
-1.32384 0.920123
-1.32342 0.913443
-1.31905 0.909329
-1.31259 0.906433
-1.3081 0.902451
-1.30407 0.895976
-1.29948 0.892106
-1.29824 0.889689
-1.29357 0.885927
-1.28766 0.881623
-1.2829 0.877968
-1.27972 0.875506
-1.27488 0.871963
-1.27 0.868722
-1.2651 0.865261
-1.25975 0.86065
-1.25483 0.85721
-1.25018 0.855333
-1.24524 0.851926
-1.24411 0.846555
-1.23918 0.843133
-1.23522 0.841566
-1.2303 0.838133
-1.22462 0.834256
-1.21969 0.830826
-1.21394 0.826408
-1.209 0.823003
-1.20477 0.821991
-1.19943 0.818293
-1.19475 0.813979
-1.18816 0.809436
-1.18244 0.804542
-1.17593 0.79989
-1.17004 0.796297
-1.16356 0.791613
-1.15495 0.789299
-1.14847 0.784608
-1.14301 0.780386
-1.13652 0.775704
-1.13029 0.771846
-1.1238 0.767167
-1.1198 0.761981
-1.1064 0.75235
-1.10046 0.747168
-1.09318 0.741868
-1.08553 0.736052
-1.0783 0.730696
-1.07251 0.72807
-1.06529 0.7227
-1.05833 0.714133
-1.05111 0.708762
-1.04337 0.706274
-1.03614 0.700917
-1.03057 0.694109
-1.02331 0.688781
-1.02204 0.689254
-1.00759 0.678513
-1.00058 0.678158
-1.00058 0.678158
-0.993425 0.669964
-0.978996 0.659203
-0.98144 0.660206
-0.974237 0.654809
-0.959004 0.641493
-0.959004 0.641493
-0.952266 0.634355
-0.945023 0.629012
-0.937714 0.628515
-0.9305 0.623133
-0.924705 0.615563
-0.917538 0.610121
-0.910611 0.603143
-0.90354 0.597575
-0.896755 0.596351
-0.889786 0.590657
-0.88205 0.582128
-0.875176 0.576317
-0.868436 0.571769
-0.861672 0.565831
-0.855598 0.55935
-0.848986 0.553244
-0.844089 0.54763
-0.837617 0.541376
-0.828558 0.536826
-0.815909 0.524019
-0.81691 0.523598
-0.810618 0.517162
-0.802826 0.513111
-0.796513 0.506697
-0.792572 0.499574
-0.786269 0.49315
-0.782059 0.486781
-0.775768 0.480345
-0.769653 0.47249
-0.763396 0.466021
-0.754284 0.460507
-0.741784 0.447556
-0.73586 0.44258
-0.73586 0.44258
-0.723956 0.428822
-0.717905 0.42216
-0.712831 0.417564
-0.712831 0.417564
-0.707262 0.40755
-0.701449 0.40068
-0.692405 0.398863
-0.686732 0.391877
-0.680867 0.384896
-0.675325 0.377805
-0.673597 0.370722
-0.668194 0.363525
-0.660579 0.359265
-0.6553 0.351976
-0.648172 0.342585
-0.643052 0.335183
-0.640411 0.331732
-0.635446 0.324226
-0.631279 0.315563
-0.626464 0.307959
-0.620492 0.300939
-0.61583 0.29324
-0.611554 0.28887
-0.607059 0.281073
-0.601861 0.269183
-0.597529 0.261295
-0.593699 0.255539
-0.589513 0.247571
-0.584033 0.238923
-0.576053 0.222789
-0.573074 0.221499
-0.569308 0.213325
-0.566618 0.207961
-0.563166 0.199649
-0.561496 0.192805
-0.558398 0.184355
-0.550254 0.175312
-0.547486 0.166748
-0.546065 0.157672
-0.541406 0.140287
-0.537794 0.133596
-0.536022 0.124772
-0.533157 0.114312
-0.531892 0.105401
-0.529519 0.0967965
-0.528818 0.0878238
-0.526435 0.0782247
-0.526286 0.0692259
-0.520763 0.0641817
-0.521109 0.0551883
-0.523897 0.0435657
-0.524779 0.034609
-0.525587 0.0250473
-0.527007 0.01616
-0.523625 0.00497088
-0.525575 -0.0038153
-0.52607 -0.00925398
-0.528562 -0.017902
-0.526893 -0.0276181
-0.529894 -0.0361032
-0.53347 -0.04234
-0.537042 -0.0506008
-0.53598 -0.059099
-0.540045 -0.0671284
-0.544292 -0.0794223
-0.54886 -0.0871771
-0.554005 -0.095935
-0.559017 -0.103411
-0.560316 -0.110193
-0.565752 -0.117365
-0.573115 -0.124042
-0.578952 -0.130892
-0.575454 -0.139196
-0.587539 -0.152535
-0.589298 -0.148539
-0.595535 -0.155028
-0.597281 -0.161583
-0.603658 -0.167933
-0.609714 -0.178591
-0.616213 -0.184816
-0.622918 -0.184496
-0.629551 -0.190579
-0.634165 -0.201188
-0.640917 -0.207139
-0.650974 -0.211929
-0.657851 -0.217736
-0.658821 -0.224143
-0.665772 -0.22986
-0.675071 -0.235098
-0.682112 -0.240704
-0.686404 -0.251766
-0.69344 -0.257378
-0.701696 -0.257959
-0.708738 -0.263564
-0.714941 -0.268749
-0.721991 -0.274344
-0.725957 -0.280001
-0.732993 -0.285613
-0.741734 -0.294795
-0.748752 -0.300429
-0.75578 -0.304683
-0.76282 -0.31029
-0.768956 -0.312917
-0.776005 -0.318513
-0.782744 -0.323371
-0.789784 -0.328979
-0.795106 -0.340009
-0.802161 -0.345597
-0.810722 -0.348926
-0.817766 -0.354529
-0.826385 -0.358984
-0.833423 -0.364593
-0.838047 -0.364213
-0.845083 -0.369825
-0.851054 -0.379998
-0.85811 -0.385585
-0.865838 -0.389836
-0.872898 -0.395418
-0.87845 -0.401476
-0.885505 -0.407065
-0.893458 -0.410116
-0.9005 -0.41572
-0.904472 -0.421036
-0.911507 -0.42665
-0.918995 -0.436334
-0.926045 -0.441929
-0.930872 -0.445194
-0.937912 -0.4508
-0.944813 -0.45627
-0.951879 -0.461844
-0.961689 -0.467062
-0.96914 -0.472956
-0.977695 -0.477851
-0.985475 -0.484134
-0.988857 -0.488957
-0.996671 -0.495198
-1.006 -0.502255
-1.0138 -0.508513
-1.02256 -0.520286
-1.03036 -0.526542
-1.03645 -0.527577
-1.04425 -0.533833
-1.04966 -0.543456
-1.05747 -0.549711
-1.06664 -0.554844
-1.07445 -0.561094
-1.0807 -0.565055
-1.08851 -0.571293
-1.09933 -0.577934
-1.10714 -0.58417
-1.10993 -0.589701
-1.11773 -0.595952
-1.12711 -0.598907
-1.13491 -0.605161
-1.14597 -0.612416
-1.15378 -0.618658
-1.15964 -0.621671
-1.16746 -0.627905
-1.1728 -0.635056
-1.18062 -0.64129
-1.18847 -0.64633
-1.1963 -0.652553
-1.20251 -0.661251
-1.21029 -0.667529
-1.22018 -0.673553
-1.22786 -0.679963
-1.23263 -0.685816
-1.24019 -0.692361
-1.24867 -0.695062
-1.25609 -0.701762
-1.26262 -0.706342
-1.26991 -0.713193
-1.27994 -0.720385
-1.2871 -0.72737
-1.29363 -0.733667
-1.30067 -0.740776
-1.30622 -0.746556
-1.3131 -0.75381
-1.31882 -0.760067
-1.32555 -0.767465
-1.33585 -0.777017
-1.34233 -0.784638
-1.34511 -0.787511
-1.35128 -0.795378
-1.36069 -0.801589
-1.37231 -0.817864
-1.37199 -0.819487
-1.37747 -0.827853
-1.38007 -0.831319
-1.38502 -0.840003
-1.39313 -0.849284
-1.39753 -0.858259
-1.40705 -0.863359
-1.41093 -0.872574
-1.41079 -0.880373
-1.41416 -0.889786
-1.42606 -0.899079
-1.42889 -0.908672
-1.43478 -0.920128
-1.437 -0.929878
-1.43748 -0.935981
-1.43913 -0.945843
-1.43995 -0.952764
-1.441 -0.962709
-1.44312 -0.971236
-1.44356 -0.981226
-1.44424 -0.990456
-1.44362 -1.01044
-1.4476 -1.01
-1.44681 -1.01997
-1.44678 -1.02753
-1.44523 -1.03741
-1.4449 -1.04527
-1.44256 -1.05499
-1.44182 -1.06611
-1.43872 -1.07562
-1.44723 -1.08559
-1.44335 -1.0948
-1.43445 -1.10355
-1.42984 -1.11242
-1.42633 -1.11875
-1.42103 -1.12723
-1.41861 -1.13742
-1.41264 -1.14544
-1.41461 -1.1543
-1.40806 -1.16185
-1.40167 -1.16754
-1.39456 -1.17457
-1.38795 -1.18011
-1.38038 -1.18665
-1.37533 -1.19735
-1.36735 -1.20337
-1.36197 -1.21038
-1.35365 -1.21594
-1.34474 -1.21996
-1.33611 -1.22501
-1.32818 -1.2323
-1.31926 -1.23682
-1.31167 -1.24018
-1.30251 -1.24419
-1.29321 -1.25246
-1.28385 -1.25597
-1.27669 -1.25706
-1.26719 -1.26018
-1.2618 -1.26279
-1.25218 -1.26553
-1.24436 -1.27303
-1.23463 -1.27536
-1.2256 -1.28017
-1.21578 -1.28209
-1.20593 -1.28228
-1.19605 -1.28387
-1.1927 -1.28758
-1.18277 -1.28879
-1.17215 -1.28874
-1.16218 -1.28958
-1.14992 -1.28942
-1.13993 -1.28986
-1.13232 -1.29631
-1.12232 -1.29633
-1.11342 -1.2927
-1.10342 -1.29234
-1.09408 -1.29543
-1.0841 -1.2947
-1.07404 -1.29464
-1.06411 -1.2935
-1.05763 -1.29465
-1.04775 -1.29311
-1.03661 -1.28962
-1.02681 -1.28766
-1.01632 -1.28733
-1.00661 -1.28496
-0.996098 -1.28446
-0.986488 -1.2817
-0.978775 -1.28227
-0.969282 -1.27913
-0.958785 -1.27567
-0.949424 -1.27216
-0.94278 -1.26929
-0.933563 -1.26541
-0.92403 -1.26051
-0.914983 -1.25625
-0.904864 -1.25353
-0.896008 -1.24888
-0.889137 -1.24505
-0.880485 -1.24003
-0.872661 -1.23648
-0.864197 -1.23116
-0.854698 -1.22673
-0.846443 -1.22108
-0.839029 -1.21642
-0.831006 -1.21045
-0.821212 -1.20777
-0.813474 -1.20143
-0.806435 -1.19892
-0.798932 -1.1923
-0.791266 -1.18426
-0.784031 -1.17736
-0.770515 -1.16229
-0.763638 -1.15503
-0.762142 -1.16046
-0.755317 -1.15315
-0.749688 -1.14586
-0.742895 -1.13852
-0.736961 -1.13122
-0.730142 -1.1239
-0.725901 -1.1167
-0.719076 -1.10939
-0.71088 -1.10262
-0.704048 -1.09532
-0.697712 -1.08953
-0.690896 -1.08221
-0.683163 -1.07321
-0.676339 -1.0659
-0.67358 -1.05853
-0.666756 -1.05122
-0.65685 -1.04761
-0.649322 -1.03959
-0.644833 -1.02969
-0.637321 -1.02165
-0.627433 -1.01643
-0.619916 -1.0084
-0.617481 -0.998196
-0.609963 -0.990166
-0.598314 -0.985376
-0.59078 -0.977362
-0.588144 -0.969147
-0.580667 -0.961079
-0.571746 -0.952805
-0.564428 -0.944592
-0.556349 -0.93776
-0.549192 -0.929407
-0.538214 -0.92142
-0.524257 -0.904413
-0.527495 -0.902135
-0.520543 -0.893611
-0.515048 -0.893386
-0.508101 -0.884857
-0.498999 -0.873414
-0.492085 -0.864859
-0.484824 -0.856116
-0.477899 -0.84757
-0.469324 -0.839785
-0.462372 -0.831261
-0.452199 -0.823832
-0.445266 -0.815292
-0.444023 -0.806082
-0.437081 -0.797549
-0.428867 -0.789596
-0.421937 -0.781054
-0.413343 -0.774475
-0.40642 -0.765926
-0.402202 -0.757244
-0.395255 -0.748715
-0.388155 -0.741773
-0.381198 -0.733252
-0.374496 -0.722334
-0.367545 -0.713809
-0.359352 -0.707962
-0.352397 -0.699439
-0.345961 -0.692963
-0.339 -0.684446
-0.33406 -0.671579
-0.327098 -0.663063
-0.318997 -0.658458
-0.31207 -0.649913
-0.308846 -0.636984
-0.301996 -0.628376
-0.295314 -0.624897
-0.288652 -0.616143
-0.27949 -0.608992
-0.272963 -0.600138
-0.264905 -0.592086
-0.258521 -0.583128
-0.254615 -0.574517
-0.248256 -0.565542
-0.240874 -0.561957
-0.234524 -0.552975
-0.229255 -0.537786
-0.22291 -0.5288
-0.215828 -0.52709
-0.209418 -0.518151
-0.204404 -0.506836
-0.19801 -0.497886
-0.191094 -0.483159
-0.184709 -0.474201
-0.179417 -0.46984
-0.173046 -0.460874
-0.168247 -0.451484
-0.161849 -0.442536
-0.156519 -0.438428
-0.1501 -0.429496
-0.14292 -0.416754
-0.136519 -0.407808
-0.129042 -0.399236
-0.122742 -0.390218
-0.116992 -0.381568
-0.110891 -0.372415
-0.104579 -0.368003
-0.0986166 -0.358759
-0.0931688 -0.347347
-0.087417 -0.337971
-0.0823546 -0.326827
-0.0768008 -0.317332
-0.0698855 -0.311217
-0.0645166 -0.301616
-0.057577 -0.293406
-0.0523898 -0.283706
-0.0475343 -0.273684
-0.0425146 -0.263896
-0.0349915 -0.254996
-0.0301474 -0.24512
-0.0243269 -0.234814
-0.0197166 -0.224827
-0.0172153 -0.214936
-0.0127996 -0.204861
-0.00714771 -0.197664
-0.00290689 -0.187514
-0.000961067 -0.177399
0.00309669 -0.167175
0.00649269 -0.156554
0.0103541 -0.146254
0.0144786 -0.136568
0.0181298 -0.126191
0.0234711 -0.117267
0.026933 -0.106826
0.0248331 -0.0965507
0.0280856 -0.0860425
0.0368377 -0.0787305
0.0398956 -0.0681641
0.0439021 -0.055893
0.0467563 -0.0452697
0.0488048 -0.0361312
0.0488048 -0.0361312
0.0517187 -0.0290695
0.0517187 -0.0290695
0.0555384 -0.0295452
0.0555384 -0.0295452
0.0500179 -0.0268981
0.0500179 -0.0268981
0.05563 -0.0269318
0.05563 -0.0269318
0.0517798 -0.0258835
0.0517798 -0.0258835
0.0531877 -0.0250908
0.0531877 -0.0250908
0.0537097 -0.0267211
0.0537097 -0.0267211
0.0528789 -0.0285005
0.0528789 -0.0285005
0.0520669 -0.0250483
0.0520669 -0.0250483
0.0506199 -0.0266008
0.0506199 -0.0266008
0.0545025 -0.0253534
0.0545025 -0.0253534
0.0530178 -0.0280149
0.0530178 -0.0280149
0.054011 -0.0241275
0.054011 -0.0241275
0.0542275 -0.0277021
0.0542275 -0.0277021
0.0538183 -0.0281306
0.0538183 -0.0281306
0.0538183 -0.0281306
0.0538183 -0.0281306
0.0538183 -0.0281306
0.0538183 -0.0281306
0.0538183 -0.0281306
0.0538183 -0.0281306
0.0538183 -0.0281306
0.0538183 -0.0281306
0.0538183 -0.0281306
0.0538183 -0.0281306
0.0538183 -0.0281306
0.0538183 -0.0281306
0.0538183 -0.0281306
0.0538183 -0.0281306
0.0538183 -0.0281306
0.0538183 -0.0281306
0.0538183 -0.0281306
0.0538183 -0.0281306
0.0538183 -0.0281306
0.0538183 -0.0281306
0.0538183 -0.0281306
0.0538183 -0.0281306
0.0538183 -0.0281306
0.0538183 -0.0281306
0.0538183 -0.0281306
