0 0
0 0
0 0
0 0
0 0
0 0
0 0
0 0
0 0
0 0
0 0
0 0
0 0
0 0
0 0
0 0
0 0
0 0
0 0
0 0
0 0
0 0
0 0
0 0
0 0
0 0
0 0
0 0
0 0
0 0
0 0
0 0
0 0
0 0
0 0
0 0
0 0
0 0
0 0
0 0
0 0
0 0
0 0
0 0
0 0
0 0
0 0
0 0
0 0
0 0
0 0
0 0
0 0
0 0
0 0
0 0
0 0
0 0
0 0
0 0
0 0
0 0
0 0
0 0
0 0
0 0
0 0
0 0
0 0
0 0
0 0
0 0
0 0
0 0
0 0
0 0
0 0
0 0
0 0
0 0
0 0
0 0
0 0
0 0
0 0
0 0
0 0
0 0
0 0
0 0
0 0
0 0
0 0
0 0
0 0
0 0
0 0
0 0
0 0
0 0
0 0
0 0
0 0
0 0
0 0
0 0
0 0
0 0
0 0
0 0
0 0
0 0
0 0
0 0
0 0
0 0
0 0
0 0
0 0
0 0
0 0
0 0
0 0
0 0
0 0
0 0
0 0
0 0
0 0
0 0
0 0
0 0
0 0
0 0
0 0
0 0
0 0
0 0
0 0
0 0
0 0
0 0
0 0
0 0
0 0
0 0
0 0
0 0
0 0
0 0
0 0
0 0
0 0
0 0
0 0
0 0
0 0
0 0
0 0
0 0
0 0
0 0
0 0
0 0
0 0
0 0
0 0
-0.000113601 0.000486924
-0.000340803 0.00146077
-0.000681606 0.00292154
-0.00113601 0.00486924
-0.00170402 0.00730386
-0.00238562 0.0102254
-0.00306723 0.0131469
-0.00374883 0.0160685
-0.00443044 0.01899
-0.00511205 0.0219116
-0.00579365 0.0248331
-0.00647526 0.0277547
-0.00715687 0.0306762
-0.00783847 0.0335977
-0.00920899 0.0394391
-0.00991977 0.0423537
-0.0106597 0.045261
-0.0114286 0.0481608
-0.0122265 0.0510528
-0.0130533 0.0539366
-0.0139088 0.056812
-0.0147931 0.0596787
-0.015706 0.0625364
-0.0166474 0.0653849
-0.0176173 0.0682238
-0.0186155 0.0710529
-0.019642 0.0738718
-0.0206966 0.0766803
-0.0217792 0.0794782
-0.0228897 0.082265
-0.0240211 0.0850435
-0.0251595 0.0878192
-0.0262978 0.0905948
-0.0274362 0.0933704
-0.0285746 0.0961461
-0.0297129 0.0989217
-0.0308513 0.101697
-0.0319896 0.104473
-0.033128 0.107249
-0.0342663 0.110024
-0.0354047 0.1128
-0.036543 0.115575
-0.0390095 0.121589
-0.0405273 0.12529
-0.0420451 0.128991
-0.0435629 0.132692
-0.0450807 0.136393
-0.0465985 0.140094
-0.0481163 0.143794
-0.0496341 0.147495
-0.0511519 0.151196
-0.0526697 0.154897
-0.0541875 0.158598
-0.0557054 0.162299
-0.0572232 0.166
-0.058741 0.1697
-0.0602588 0.173401
-0.0617766 0.177102
-0.0632944 0.180803
-0.0648122 0.184504
-0.06633 0.188205
-0.0678478 0.191905
-0.0693656 0.195606
-0.0708834 0.199307
-0.0724012 0.203008
-0.0756266 0.210872
-0.0775238 0.215498
-0.0794211 0.220124
-0.0813183 0.22475
-0.0832156 0.229377
-0.0851129 0.234003
-0.0870101 0.238629
-0.0889074 0.243255
-0.0908046 0.247881
-0.0927019 0.252507
-0.0945992 0.257133
-0.0964964 0.261759
-0.0983937 0.266385
-0.100291 0.271011
-0.102188 0.275637
-0.104085 0.280263
-0.105983 0.284889
-0.10788 0.289515
-0.109777 0.294141
-0.111674 0.298767
-0.113572 0.303393
-0.115469 0.308019
-0.117366 0.312646
-0.119264 0.317272
-0.121161 0.321898
-0.123058 0.326524
-0.124955 0.33115
-0.126853 0.335776
-0.12875 0.340402
-0.130647 0.345028
-0.132544 0.349654
-0.134442 0.35428
-0.136339 0.358906
-0.138236 0.363532
-0.140133 0.368158
-0.142031 0.372784
-0.143928 0.37741
-0.145825 0.382036
-0.147722 0.386662
-0.14962 0.391289
-0.151517 0.395915
-0.153414 0.400541
-0.155311 0.405167
-0.157209 0.409793
-0.159106 0.414419
-0.161003 0.419045
-0.1629 0.423671
-0.164798 0.428297
-0.166695 0.432923
-0.168592 0.437549
-0.17049 0.442175
-0.172387 0.446801
-0.174284 0.451427
-0.176181 0.456053
-0.178079 0.460679
-0.179976 0.465305
-0.181873 0.469932
-0.181873 0.469932
-0.18377 0.474558
-0.187565 0.48381
-0.189462 0.488436
-0.191359 0.493062
-0.193257 0.497688
-0.195154 0.502314
-0.197051 0.50694
-0.198948 0.511566
-0.200846 0.516192
-0.202743 0.520818
-0.20464 0.525444
-0.206537 0.53007
-0.208435 0.534696
-0.210332 0.539322
-0.210332 0.539322
-0.212229 0.543948
-0.214126 0.548574
-0.216024 0.553201
-0.219818 0.562453
-0.221715 0.567079
-0.223613 0.571705
-0.223613 0.571705
-0.22551 0.576331
-0.227407 0.580957
-0.229305 0.585583
-0.231202 0.590209
-0.233099 0.594835
-0.234996 0.599461
-0.236894 0.604087
-0.238791 0.608713
-0.240688 0.613339
-0.242585 0.617965
-0.244483 0.622591
-0.24638 0.627217
-0.248277 0.631844
-0.250174 0.63647
-0.252072 0.641096
-0.253969 0.645722
-0.255866 0.650348
-0.257763 0.654974
-0.259661 0.6596
-0.261558 0.664226
-0.263455 0.668852
-0.265352 0.673478
-0.26725 0.678104
-0.269147 0.68273
-0.271044 0.687356
-0.272941 0.691982
-0.274839 0.696608
-0.276736 0.701234
-0.278633 0.70586
-0.280531 0.710487
-0.282428 0.715113
-0.284325 0.719739
-0.286222 0.724365
-0.28812 0.728991
-0.290017 0.733617
-0.291914 0.738243
-0.293811 0.742869
-0.295709 0.747495
-0.297606 0.752121
-0.299503 0.756747
-0.3014 0.761373
-0.303298 0.765999
-0.305195 0.770625
-0.307092 0.775251
-0.308989 0.779877
-0.310887 0.784503
-0.312784 0.789129
-0.314681 0.793756
-0.316578 0.798382
-0.318476 0.803008
-0.320373 0.807634
-0.32227 0.81226
-0.324167 0.816886
-0.326065 0.821512
-0.327962 0.826138
-0.329859 0.830764
-0.331757 0.83539
-0.333654 0.840016
-0.335551 0.844642
-0.337448 0.849268
-0.339346 0.853894
-0.341243 0.85852
-0.34314 0.863146
-0.345037 0.867772
-0.346935 0.872399
-0.348832 0.877025
-0.350729 0.881651
-0.352626 0.886277
-0.354524 0.890903
-0.356421 0.895529
-0.358318 0.900155
-0.360215 0.904781
-0.362113 0.909407
-0.36401 0.914033
-0.365907 0.918659
-0.367804 0.923285
-0.369702 0.927911
-0.371599 0.932537
-0.373496 0.937163
-0.375393 0.941789
-0.377291 0.946415
-0.379188 0.951042
-0.383172 0.960756
-0.385449 0.966307
-0.387726 0.971859
-0.390002 0.97741
-0.392279 0.982961
-0.394556 0.988513
-0.396832 0.994064
-0.399109 0.999615
-0.401386 1.00517
-0.403663 1.01072
-0.405939 1.01627
-0.408216 1.02182
-0.410493 1.02737
-0.412769 1.03292
-0.415046 1.03847
-0.417323 1.04403
-0.4196 1.04958
-0.421876 1.05513
-0.424153 1.06068
-0.42643 1.06623
-0.428706 1.07178
-0.430983 1.07733
-0.43326 1.08288
-0.435537 1.08844
-0.437813 1.09399
-0.44009 1.09954
-0.442367 1.10509
-0.446934 1.11619
-0.449266 1.12171
-0.451653 1.12722
-0.454096 1.1327
-0.456592 1.13816
-0.459144 1.14359
-0.461749 1.14899
-0.464409 1.15437
-0.467122 1.15972
-0.469888 1.16504
-0.472708 1.17034
-0.47558 1.17561
-0.478505 1.18085
-0.481482 1.18606
-0.484511 1.19124
-0.487592 1.19638
-0.490724 1.2015
-0.493907 1.20659
-0.497141 1.21164
-0.500437 1.21666
-0.503821 1.22161
-0.507304 1.2265
-0.510883 1.23131
-0.514558 1.23605
-0.518327 1.24072
-0.522189 1.24532
-0.526141 1.24983
-0.530184 1.25426
-0.534314 1.25862
-0.53853 1.26288
-0.542831 1.26707
-0.547214 1.27116
-0.551679 1.27517
-0.556223 1.27909
-0.565532 1.28666
-0.570266 1.29035
-0.575037 1.29399
-0.579844 1.29758
-0.584686 1.30112
-0.589564 1.30462
-0.594476 1.30806
-0.599423 1.31146
-0.604403 1.3148
-0.609417 1.3181
-0.614463 1.32134
-0.619541 1.32454
-0.624652 1.32768
-0.629793 1.33078
-0.634965 1.33382
-0.640167 1.33681
-0.645399 1.33975
-0.65066 1.34263
-0.655949 1.34546
-0.661267 1.34824
-0.666612 1.35097
-0.671984 1.35364
-0.677382 1.35626
-0.682807 1.35882
-0.688257 1.36133
-0.693731 1.36379
-0.69923 1.36619
-0.704753 1.36853
-0.710299 1.37082
-0.715867 1.37306
-0.721458 1.37524
-0.72707 1.37736
-0.732703 1.37943
-0.738356 1.38144
-0.744029 1.38339
-0.749721 1.38528
-0.755433 1.38712
-0.761162 1.38891
-0.766908 1.39063
-0.772672 1.3923
-0.778452 1.39391
-0.784248 1.39546
-0.790059 1.39695
-0.795885 1.39839
-0.801725 1.39977
-0.807578 1.40109
-0.813444 1.40235
-0.81932 1.40356
-0.825198 1.40476
-0.831077 1.40596
-0.836955 1.40717
-0.842834 1.40837
-0.848712 1.40957
-0.854591 1.41077
-0.860469 1.41197
-0.866348 1.41317
-0.872226 1.41437
-0.878105 1.41558
-0.883983 1.41678
-0.889862 1.41798
-0.89574 1.41918
-0.901619 1.42038
-0.907497 1.42158
-0.907497 1.42158
-0.913376 1.42278
-0.919254 1.42398
-0.931011 1.42639
-0.931011 1.42639
-0.93689 1.42759
-0.942768 1.42879
-0.948647 1.42999
-0.954525 1.43119
-0.960404 1.43239
-0.966282 1.4336
-0.972161 1.4348
-0.978039 1.436
-0.983918 1.4372
-0.989796 1.4384
-0.995675 1.4396
-1.00155 1.4408
-1.00743 1.44201
-1.01919 1.44439
-1.02508 1.44554
-1.03098 1.44662
-1.0369 1.44763
-1.04283 1.44854
-1.04878 1.44932
-1.05474 1.44999
-1.06071 1.45054
-1.0667 1.45097
-1.07269 1.45128
-1.07869 1.45147
-1.08469 1.45154
-1.09069 1.45149
-1.09668 1.45132
-1.10268 1.45103
-1.10866 1.45062
-1.11464 1.45009
-1.12061 1.44945
-1.12656 1.44874
-1.13252 1.44797
-1.13846 1.44715
-1.14439 1.44626
-1.15032 1.44531
-1.15623 1.44431
-1.16214 1.44324
-1.16803 1.44212
-1.17391 1.44094
-1.17978 1.4397
-1.18564 1.4384
-1.19148 1.43704
-1.19732 1.43562
-1.20313 1.43414
-1.20893 1.43261
-1.21472 1.43102
-1.22049 1.42937
-1.22624 1.42766
-1.23197 1.4259
-1.23769 1.42408
-1.24339 1.4222
-1.24907 1.42027
-1.25473 1.41827
-1.26037 1.41623
-1.26599 1.41412
-1.27158 1.41196
-1.27716 1.40974
-1.28824 1.40513
-1.29372 1.40269
-1.29915 1.40014
-1.30453 1.39749
-1.30986 1.39473
-1.31513 1.39186
-1.32034 1.38889
-1.32549 1.38581
-1.33058 1.38263
-1.3356 1.37935
-1.34056 1.37597
-1.34545 1.37249
-1.35027 1.36892
-1.35501 1.36525
-1.35968 1.36148
-1.36428 1.35762
-1.3688 1.35367
-1.37323 1.34963
-1.37759 1.34551
-1.38186 1.34129
-1.38605 1.337
-1.39015 1.33262
-1.39416 1.32816
-1.39808 1.32361
-1.40191 1.319
-1.40565 1.3143
-1.40931 1.30954
-1.4129 1.30474
-1.41645 1.2999
-1.41994 1.29502
-1.42339 1.29012
-1.42679 1.28517
-1.43014 1.28019
-1.43344 1.27518
-1.43669 1.27014
-1.43989 1.26506
-1.44304 1.25996
-1.44614 1.25482
-1.44918 1.24965
-1.45218 1.24445
-1.45512 1.23922
-1.45801 1.23396
-1.46083 1.22867
-1.46356 1.22332
-1.46618 1.21793
-1.4687 1.21248
-1.4711 1.20698
-1.4734 1.20144
-1.47558 1.19585
-1.47765 1.19022
-1.47961 1.18455
-1.48145 1.17884
-1.48318 1.17309
-1.4848 1.16731
-1.48629 1.1615
-1.48768 1.15566
-1.48894 1.1498
-1.49009 1.14391
-1.49112 1.138
-1.49203 1.13207
-1.49282 1.12612
-1.49349 1.12016
-1.49405 1.11418
-1.49448 1.1082
-1.49479 1.10221
-1.49499 1.09621
-1.49506 1.09021
-1.49502 1.08421
-1.49485 1.07821
-1.49457 1.07222
-1.49416 1.06623
-1.49364 1.06026
-1.49299 1.05429
-1.49223 1.04834
-1.49135 1.04241
-1.49034 1.03649
-1.48923 1.03059
-1.48799 1.02472
-1.48664 1.01888
-1.48516 1.01306
-1.48358 1.00727
-1.48188 1.00152
-1.48006 0.995803
-1.47813 0.990122
-1.47608 0.984481
-1.47393 0.978882
-1.47166 0.973327
-1.46928 0.967818
-1.46679 0.962358
-1.4642 0.95695
-1.46149 0.951594
-1.45868 0.946293
-1.45576 0.94105
-1.45274 0.935865
-1.44962 0.930743
-1.44639 0.925684
-1.44307 0.92069
-1.43964 0.915764
-1.43612 0.910907
-1.4325 0.906122
-1.42879 0.90141
-1.42498 0.896774
-1.42108 0.892214
-1.41709 0.887734
-1.41301 0.883334
-1.40884 0.879016
-1.40459 0.874783
-1.40025 0.870636
-1.39583 0.866576
-1.39134 0.862605
-1.38676 0.858725
-1.38211 0.854938
-1.37738 0.851244
-1.37258 0.847646
-1.3677 0.844144
-1.36277 0.840728
-1.3578 0.837374
-1.35279 0.83407
-1.34775 0.830816
-1.34267 0.827613
-1.33757 0.82446
-1.33243 0.821359
-1.32727 0.818309
-1.32207 0.815311
-1.31684 0.812366
-1.31159 0.809472
-1.3063 0.806632
-1.29565 0.801097
-1.29031 0.798362
-1.28497 0.795628
-1.27963 0.792893
-1.27429 0.790159
-1.26895 0.787425
-1.26361 0.78469
-1.25827 0.781956
-1.25293 0.779222
-1.24759 0.776487
-1.24225 0.773753
-1.23691 0.771019
-1.23156 0.768284
-1.22578 0.765322
-1.21287 0.758714
-1.20575 0.755068
-1.19863 0.751423
-1.19151 0.747777
-1.18439 0.744131
-1.17727 0.740485
-1.17015 0.736839
-1.16303 0.733194
-1.1559 0.729548
-1.14878 0.725902
-1.14166 0.722256
-1.13454 0.71861
-1.12742 0.714965
-1.11273 0.707445
-1.10472 0.703344
-1.09671 0.699242
-1.0887 0.695141
-1.08069 0.691039
-1.07268 0.686938
-1.06467 0.682836
-1.05666 0.678735
-1.04864 0.674633
-1.04063 0.670532
-1.03262 0.66643
-1.02461 0.662329
-1.0166 0.658227
-1.0166 0.658227
-1.00058 0.650024
-0.992567 0.645923
-0.992567 0.645923
-0.984556 0.641821
-0.968534 0.633618
-0.968534 0.633618
-0.960523 0.629516
-0.9445 0.621313
-0.9445 0.621313
-0.936489 0.617212
-0.928478 0.61311
-0.920467 0.609009
-0.912456 0.604907
-0.896444 0.596684
-0.888474 0.592503
-0.880547 0.588242
-0.872662 0.583902
-0.864822 0.579483
-0.857026 0.574987
-0.849275 0.570412
-0.84157 0.56576
-0.833913 0.561032
-0.826303 0.556227
-0.818741 0.551346
-0.811229 0.54639
-0.803766 0.541359
-0.796354 0.536253
-0.788994 0.531074
-0.774417 0.520514
-0.767162 0.515189
-0.759907 0.509863
-0.752651 0.504538
-0.745396 0.499212
-0.738141 0.493887
-0.730885 0.488562
-0.72363 0.483236
-0.716375 0.477911
-0.709119 0.472585
-0.701864 0.46726
-0.694609 0.461934
-0.680111 0.451265
-0.67291 0.445868
-0.67291 0.445868
-0.65867 0.434857
-0.651633 0.429246
-0.644653 0.423565
-0.644653 0.423565
-0.63773 0.417814
-0.630865 0.411994
-0.624059 0.406106
-0.617311 0.40015
-0.610624 0.394127
-0.603997 0.388037
-0.597432 0.381881
-0.590928 0.37566
-0.584487 0.369374
-0.578109 0.363025
-0.571794 0.356611
-0.565545 0.350135
-0.55936 0.343597
-0.553241 0.336997
-0.547188 0.330336
-0.541202 0.323615
-0.535284 0.316835
-0.529434 0.309996
-0.523652 0.303098
-0.51794 0.296143
-0.512298 0.289132
-0.506726 0.282064
-0.501225 0.274941
-0.495795 0.267763
-0.490438 0.260531
-0.479959 0.245896
-0.474895 0.238456
-0.469981 0.230916
-0.465219 0.223279
-0.46061 0.215549
-0.456157 0.207728
-0.451861 0.199819
-0.447724 0.191827
-0.443748 0.183753
-0.439934 0.175601
-0.432819 0.159068
-0.429585 0.150669
-0.426604 0.142177
-0.423878 0.133599
-0.421412 0.124944
-0.419206 0.116218
-0.417263 0.107431
-0.415584 0.0985887
-0.414172 0.0897002
-0.413026 0.0807734
-0.412149 0.0718163
-0.411541 0.0628368
-0.411203 0.0538432
-0.411134 0.0448434
-0.411336 0.0358457
-0.411807 0.0268581
-0.412548 0.0178886
-0.413557 0.00894536
-0.414834 3.64423e-05
-0.416378 -0.00883016
-0.418187 -0.0176465
-0.42026 -0.0264045
-0.422595 -0.0350965
-0.425189 -0.0437145
-0.42804 -0.0522508
-0.431146 -0.0606978
-0.434505 -0.0690478
-0.438112 -0.0772933
-0.441965 -0.0854269
-0.44606 -0.0934412
-0.450394 -0.101329
-0.454962 -0.109083
-0.459742 -0.116709
-0.464692 -0.124226
-0.47502 -0.138967
-0.48034 -0.146227
-0.485732 -0.153433
-0.491195 -0.160584
-0.49673 -0.167681
-0.502336 -0.174722
-0.508012 -0.181707
-0.513757 -0.188634
-0.519572 -0.195504
-0.525455 -0.202315
-0.531405 -0.209067
-0.537423 -0.215759
-0.543507 -0.222391
-0.549658 -0.228962
-0.555857 -0.235486
-0.562073 -0.241995
-0.568289 -0.248503
-0.574505 -0.255012
-0.580721 -0.261521
-0.586937 -0.268029
-0.593153 -0.274538
-0.599368 -0.281047
-0.605584 -0.287555
-0.6118 -0.294064
-0.618016 -0.300573
-0.624232 -0.307081
-0.630448 -0.31359
-0.636664 -0.320099
-0.64288 -0.326608
-0.649095 -0.333116
-0.655311 -0.339625
-0.661527 -0.346134
-0.667743 -0.352642
-0.673959 -0.359151
-0.680175 -0.36566
-0.686391 -0.372168
-0.692606 -0.378677
-0.698822 -0.385186
-0.705038 -0.391694
-0.711254 -0.398203
-0.71747 -0.404712
-0.723686 -0.411221
-0.729902 -0.417729
-0.736117 -0.424238
-0.742333 -0.430747
-0.748549 -0.437255
-0.754765 -0.443764
-0.760981 -0.450273
-0.767197 -0.456781
-0.773413 -0.46329
-0.779628 -0.469799
-0.785844 -0.476307
-0.79206 -0.482816
-0.798276 -0.489325
-0.804492 -0.495834
-0.810708 -0.502342
-0.816924 -0.508851
-0.823139 -0.51536
-0.829701 -0.52223
-0.836607 -0.529462
-0.843514 -0.536694
-0.85042 -0.543926
-0.857327 -0.551157
-0.864233 -0.558389
-0.87114 -0.565621
-0.878046 -0.572853
-0.884953 -0.580085
-0.891859 -0.587317
-0.898766 -0.594549
-0.905672 -0.601781
-0.912579 -0.609012
-0.919485 -0.616244
-0.926392 -0.623476
-0.933298 -0.630708
-0.940205 -0.63794
-0.947111 -0.645172
-0.954018 -0.652404
-0.960924 -0.659636
-0.967831 -0.666868
-0.974737 -0.674099
-0.981644 -0.681331
-0.98855 -0.688563
-0.995457 -0.695795
-1.00236 -0.703027
-1.00927 -0.710259
-1.01618 -0.717491
-1.02308 -0.724723
-1.02999 -0.731954
-1.0369 -0.739186
-1.05069 -0.753667
-1.05752 -0.760968
-1.06429 -0.768336
-1.07097 -0.775772
-1.07758 -0.783275
-1.08412 -0.790843
-1.09058 -0.798476
-1.09696 -0.806173
-1.10327 -0.813934
-1.1095 -0.821757
-1.11565 -0.829642
-1.12172 -0.837588
-1.12771 -0.845595
-1.13362 -0.853661
-1.13945 -0.861786
-1.1452 -0.869969
-1.15087 -0.878209
-1.15643 -0.886519
-1.16185 -0.894925
-1.16709 -0.903438
-1.17217 -0.912054
-1.17707 -0.920769
-1.1818 -0.929581
-1.1907 -0.947491
-1.1948 -0.956612
-1.19862 -0.965852
-1.20217 -0.975203
-1.20543 -0.984656
-1.20841 -0.994202
-1.2111 -1.00383
-1.2135 -1.01354
-1.21561 -1.02332
-1.21742 -1.03315
-1.21894 -1.04303
-1.22016 -1.05296
-1.22108 -1.06292
-1.2217 -1.0729
-1.22203 -1.08289
-1.22205 -1.09289
-1.22178 -1.10289
-1.2212 -1.11287
-1.22032 -1.12283
-1.21915 -1.13276
-1.21768 -1.14266
-1.21591 -1.1525
-1.21147 -1.172
-1.20873 -1.18161
-1.20561 -1.19111
-1.20211 -1.20048
-1.19824 -1.2097
-1.194 -1.21876
-1.1894 -1.22764
-1.18446 -1.23633
-1.17916 -1.24481
-1.17354 -1.25308
-1.16758 -1.26112
-1.16132 -1.26891
-1.15474 -1.27644
-1.14787 -1.28371
-1.14071 -1.29069
-1.13328 -1.29738
-1.12559 -1.30377
-1.11765 -1.30985
-1.10947 -1.3156
-1.10107 -1.32103
-1.09247 -1.32613
-1.08371 -1.33095
-1.07481 -1.33551
-1.06577 -1.3398
-1.05661 -1.34381
-1.04734 -1.34755
-1.03796 -1.35101
-1.02847 -1.35419
-1.0189 -1.35708
-1.00924 -1.35968
-0.999515 -1.36199
-0.989721 -1.36401
-0.979871 -1.36573
-0.96004 -1.36831
-0.950083 -1.36924
-0.94011 -1.36997
-0.930124 -1.37051
-0.92013 -1.37084
-0.91013 -1.37097
-0.900131 -1.3709
-0.890134 -1.37063
-0.880145 -1.37017
-0.870168 -1.3695
-0.860205 -1.36863
-0.850262 -1.36756
-0.840342 -1.3663
-0.83045 -1.36484
-0.820589 -1.36318
-0.810763 -1.36132
-0.800976 -1.35927
-0.791232 -1.35702
-0.781535 -1.35457
-0.771889 -1.35194
-0.762297 -1.34911
-0.752764 -1.34609
-0.743294 -1.34288
-0.733889 -1.33948
-0.724554 -1.33589
-0.715293 -1.33212
-0.706109 -1.32816
-0.697007 -1.32402
-0.687988 -1.3197
-0.679058 -1.3152
-0.67022 -1.31052
-0.661477 -1.30567
-0.652833 -1.30064
-0.644291 -1.29544
-0.635855 -1.29007
-0.627528 -1.28454
-0.619313 -1.27883
-0.611214 -1.27297
-0.603234 -1.26694
-0.595376 -1.26076
-0.587643 -1.25442
-0.580039 -1.24792
-0.572566 -1.24128
-0.565227 -1.23448
-0.558026 -1.22755
-0.550965 -1.22046
-0.544047 -1.21324
-0.537275 -1.20589
-0.530651 -1.19839
-0.524179 -1.19077
-0.51786 -1.18302
-0.511697 -1.17514
-0.505693 -1.16715
-0.499851 -1.15903
-0.494171 -1.1508
-0.488658 -1.14246
-0.483312 -1.13401
-0.478137 -1.12545
-0.468283 -1.10805
-0.463541 -1.09924
-0.458866 -1.0904
-0.454213 -1.08155
-0.44956 -1.0727
-0.444907 -1.06385
-0.440254 -1.055
-0.435601 -1.04615
-0.430948 -1.03729
-0.426295 -1.02844
-0.421641 -1.01959
-0.416988 -1.01074
-0.412335 -1.00189
-0.407682 -0.993037
-0.403029 -0.984186
-0.398376 -0.975334
-0.393723 -0.966483
-0.38907 -0.957631
-0.384184 -0.948337
-0.379066 -0.9386
-0.373947 -0.928864
-0.368829 -0.919127
-0.363711 -0.909391
-0.358592 -0.899654
-0.353474 -0.889917
-0.348356 -0.880181
-0.343237 -0.870444
-0.338119 -0.860707
-0.333025 -0.850958
-0.328004 -0.841171
-0.323081 -0.831334
-0.318257 -0.821448
-0.313532 -0.811514
-0.308907 -0.801534
-0.304382 -0.791508
-0.295608 -0.771333
-0.291284 -0.761219
-0.28696 -0.751104
-0.282636 -0.74099
-0.278312 -0.730875
-0.273988 -0.720761
-0.269664 -0.710646
-0.26534 -0.700532
-0.261016 -0.690417
-0.256693 -0.680303
-0.252369 -0.670188
-0.248045 -0.660074
-0.243721 -0.649959
-0.239397 -0.639844
-0.235073 -0.62973
-0.230749 -0.619615
-0.226425 -0.609501
-0.222101 -0.599386
-0.217777 -0.589272
-0.213453 -0.579157
-0.20913 -0.569043
-0.204806 -0.558928
-0.200482 -0.548814
-0.196158 -0.538699
-0.191834 -0.528585
-0.18751 -0.51847
-0.183186 -0.508356
-0.178862 -0.498241
-0.174538 -0.488126
-0.170214 -0.478012
-0.16589 -0.467897
-0.161567 -0.457783
-0.157268 -0.447658
-0.153045 -0.4375
-0.148925 -0.427301
-0.144906 -0.417062
-0.14099 -0.406782
-0.137177 -0.396464
-0.133467 -0.386109
-0.126334 -0.365297
-0.122832 -0.35487
-0.11933 -0.344442
-0.115828 -0.334014
-0.112327 -0.323587
-0.108825 -0.313159
-0.105323 -0.302731
-0.101821 -0.292303
-0.0983195 -0.281876
-0.0948178 -0.271448
-0.091316 -0.26102
-0.0878142 -0.250592
-0.0843124 -0.240165
-0.0808107 -0.229737
-0.0773089 -0.219309
-0.0738071 -0.208882
-0.0703053 -0.198454
-0.0668035 -0.188026
-0.0633018 -0.177598
-0.0598 -0.167171
-0.0562982 -0.156743
-0.0528225 -0.146306
-0.0494252 -0.135844
-0.0461326 -0.125349
-0.0429452 -0.11482
-0.0398632 -0.104261
-0.036887 -0.0936713
-0.0340168 -0.0830524
-0.031253 -0.0724053
-0.0285957 -0.0617311
-0.0260453 -0.0510308
-0.0236021 -0.0403056
-0.0212662 -0.0295564
-0.0190379 -0.0187845
-0.0169175 -0.0079908
-0.0149051 0.00282355
-0.0130009 0.0136575
-0.0112052 0.0245099
-0.00951809 0.0353798
-0.00793976 0.046266
-0.00647037 0.0571674
-0.00511006 0.0680829
-0.00385898 0.0790116
-0.00271724 0.0899521
-0.00168496 0.100904
-0.000762249 0.111865
5.08063e-05 0.122835
0.000754124 0.133812
0.00134763 0.144796
0.00183128 0.155786
0.002205 0.166779
0.00246877 0.177776
0.00262257 0.188775
0.00266637 0.199775
0.00260016 0.210775
0.00242397 0.221773
0.0021378 0.23277
0.00174168 0.243762
0.00123566 0.254751
0.00061978 0.265734
0.00061978 0.265734
0.00061978 0.265734
0.00061978 0.265734
0.00061978 0.265734
0.00061978 0.265734
0.00061978 0.265734
0.00061978 0.265734
0.00061978 0.265734
0.00061978 0.265734
0.00061978 0.265734
0.00061978 0.265734
0.00061978 0.265734
0.00061978 0.265734
0.00061978 0.265734
0.00061978 0.265734
0.00061978 0.265734
0.00061978 0.265734
0.00061978 0.265734
0.00061978 0.265734
0.00061978 0.265734
0.00061978 0.265734
0.00061978 0.265734
0.00061978 0.265734
0.00061978 0.265734
0.00061978 0.265734
0.00061978 0.265734
0.00061978 0.265734
0.00061978 0.265734
0.00061978 0.265734
0.00061978 0.265734
0.00061978 0.265734
0.00061978 0.265734
0.00061978 0.265734
0.00061978 0.265734
0.00061978 0.265734
0.00061978 0.265734
0.00061978 0.265734
0.00061978 0.265734
0.00061978 0.265734
0.00061978 0.265734
0.00061978 0.265734
0.00061978 0.265734
0.00061978 0.265734
0.00061978 0.265734
0.00061978 0.265734
0.00061978 0.265734
0.00061978 0.265734
0.00061978 0.265734
0.00061978 0.265734
0.00061978 0.265734
0.00061978 0.265734
0.00061978 0.265734
0.00061978 0.265734
0.00061978 0.265734
0.00061978 0.265734
0.00061978 0.265734
0.00061978 0.265734
