0 0
0 0
0 0
0 0
0 0
0 0
0 0
0 0
0 0
0 0
0 0
0 0
0 0
0 0
0 0
0 0
0 0
0 0
0 0
0 0
0 0
0 0
0 0
0 0
0 0
0 0
0 0
0 0
0 0
0 0
0 0
0 0
0 0
0 0
0 0
0 0
0 0
0 0
0 0
0 0
0 0
0 0
0 0
0 0
0.000898073 3.46506e-05
0.000945991 3.57442e-05
0.000993853 3.68399e-05
0.00102589 3.75751e-05
0.00108941 3.90373e-05
0.00112137 3.97752e-05
0.00118473 4.12428e-05
0.00121662 4.19836e-05
0.00124848 4.27253e-05
0.00131165 4.42007e-05
0.00135909 4.53125e-05
0.00140647 4.64263e-05
0.00146941 4.7911e-05
0.00151666 4.90297e-05
0.00154829 4.97804e-05
0.0015799 5.0532e-05
0.00164257 5.20266e-05
0.00167411 5.27809e-05
0.00173664 5.4281e-05
0.00178359 5.54111e-05
0.00183048 5.65432e-05
0.00189277 5.8052e-05
0.00193953 5.91886e-05
0.00197084 5.99512e-05
0.00203291 6.14674e-05
0.00206414 6.22322e-05
0.00210365 6.0604e-05
0.00209271 6.05929e-05
0.00203859 5.56115e-05
0.0019394 4.70049e-05
0.00178813 3.12434e-05
0.00171441 2.19507e-05
0.00157134 9.10806e-07
0.00146512 -1.72349e-05
0.00139379 -3.05749e-05
0.00125029 -6.01156e-05
0.00117656 -7.66565e-05
0.00106411 -0.000103595
0.000948287 -0.000133443
0.000788323 -0.000178154
0.000663737 -0.000215857
0.000577664 -0.000243257
0.000399541 -0.000303257
0.000305802 -0.000335999
8.8219e-05 -0.00041584
-0.000113498 -0.000492453
-0.000587445 -0.000678632
-0.00108079 -0.000880194
-0.00141641 -0.00102165
-0.00209413 -0.00131834
-0.00255676 -0.00153123
-0.00285889 -0.00167848
-0.00303042 -0.00176836
-0.00320177 -0.00186259
-0.00337273 -0.00196116
-0.00354386 -0.00206408
-0.00377168 -0.00220783
-0.00394296 -0.0023212
-0.00405761 -0.00239973
-0.00428454 -0.00256176
-0.00439803 -0.00264617
-0.00456652 -0.00277584
-0.00473375 -0.00290983
-0.00495377 -0.00309463
-0.00506344 -0.00319052
-0.00517222 -0.00328823
-0.00538532 -0.00348751
-0.0054911 -0.00359049
-0.00569763 -0.00379986
-0.00584964 -0.00396142
-0.00599855 -0.0041263
-0.00614408 -0.00429423
-0.00633153 -0.00452135
-0.00642315 -0.00463717
-0.00651279 -0.00475378
-0.00668428 -0.00498669
-0.00680674 -0.00516168
-0.00692317 -0.0053356
-0.00706832 -0.00556403
-0.00713715 -0.00567743
-0.00726499 -0.0058985
-0.00732493 -0.0060074
-0.00741 -0.00616663
-0.00748867 -0.00632062
-0.0075562 -0.00645958
-0.00756322 -0.0064759
-0.00744795 -0.0062253
-0.00733255 -0.0059629
-0.00719293 -0.00563337
-0.0071168 -0.00545162
-0.0071138 -0.00545778
-0.00714275 -0.0055525
-0.00717317 -0.00565947
-0.00720109 -0.00576546
-0.00722621 -0.00586859
-0.00724138 -0.00593607
-0.00726791 -0.0060668
-0.00728504 -0.00616307
-0.0073001 -0.00625881
-0.0073133 -0.00635491
-0.00732819 -0.00648458
-0.00733753 -0.00658465
-0.00734531 -0.00668772
-0.00734964 -0.00675874
-0.00735464 -0.00686796
-0.00735764 -0.00698022
-0.0073615 -0.00715965
-0.00736242 -0.00725804
-0.00736115 -0.00746733
-0.00735844 -0.0076013
-0.00735098 -0.0078219
-0.00733865 -0.00806168
-0.0073125 -0.00841098
-0.00728499 -0.00869598
-0.00725033 -0.00899895
-0.00721502 -0.00926027
-0.00719459 -0.00939667
-0.00718324 -0.00947059
-0.00717966 -0.00949004
-0.0071819 -0.00948735
-0.00718293 -0.00948589
-0.00718446 -0.00948347
-0.007186 -0.00948081
-0.00718754 -0.00947795
-0.00720687 -0.00936028
-0.00739399 -0.00813474
-0.00754435 -0.00714493
-0.00773854 -0.00585703
-0.00824658 -0.00246496
-0.00868812 0.000503327
-0.00912947 0.00347829
-0.0097148 0.00744282
-0.0101533 0.0104291
-0.0104462 0.0124323
-0.0110255 0.0164134
-0.0113161 0.0184201
-0.0117484 0.0214143
-0.0121787 0.0244058
-0.0127468 0.0283447
-0.0131963 0.0312769
-0.0135123 0.033243
-0.0141771 0.0371415
-0.0145313 0.0391052
-0.0150868 0.0420609
-0.0156465 0.0448943
-0.0164435 0.0486813
-0.0168641 0.050582
-0.0175165 0.0534135
-0.0181944 0.0562319
-0.018667 0.0581145
-0.0198939 0.0627559
-0.0204114 0.0646203
-0.0209421 0.06648
-0.0220354 0.0701437
-0.0228789 0.0728687
-0.0237524 0.075669
-0.0243399 0.0775512
-0.0255076 0.0812912
-0.0266773 0.0850372
-0.0272675 0.0869271
-0.0284411 0.0906857
-0.0293252 0.093519
-0.0299187 0.0954214
-0.0310988 0.0992072
-0.0316944 0.101119
-0.0322906 0.103035
-0.0336198 0.107311
-0.0344122 0.109864
-0.0359958 0.114972
-0.037188 0.118824
-0.038381 0.122684
-0.039968 0.127828
-0.0411605 0.131699
-0.0419586 0.134291
-0.0435399 0.139431
-0.0443345 0.142015
-0.0458936 0.147075
-0.0466141 0.149397
-0.0473006 0.151578
-0.0487862 0.156198
-0.050014 0.159975
-0.0512444 0.163743
-0.0528668 0.168698
-0.0540286 0.172272
-0.0548342 0.174761
-0.0564499 0.179753
-0.0572649 0.182272
-0.0584826 0.186036
-0.0597024 0.189808
-0.0609698 0.193729
-0.0623934 0.198139
-0.0644338 0.204466
-0.0654633 0.207662
-0.0675097 0.214023
-0.0685417 0.217235
-0.0700827 0.222037
-0.0716236 0.226846
-0.0736708 0.233242
-0.0752063 0.238043
-0.0762323 0.241252
-0.0777292 0.245915
-0.0791305 0.250228
-0.0801124 0.253203
-0.0821953 0.259464
-0.0837671 0.264166
-0.0852933 0.268739
-0.086835 0.273385
-0.0883933 0.27808
-0.089438 0.281229
-0.091515 0.287492
-0.0930798 0.292214
-0.0946475 0.296948
-0.0962179 0.301695
-0.0983104 0.308028
-0.0993658 0.311226
-0.100422 0.31443
-0.10252 0.320801
-0.104097 0.325599
-0.105673 0.330396
-0.107245 0.335186
-0.108812 0.339959
-0.110784 0.345925
-0.112251 0.350276
-0.113317 0.353407
-0.115454 0.359654
-0.116528 0.362782
-0.118074 0.367311
-0.11966 0.371973
-0.121779 0.378205
-0.122848 0.38135
-0.123919 0.384499
-0.126047 0.390765
-0.12818 0.397052
-0.129787 0.401795
-0.130866 0.404979
-0.133009 0.411316
-0.134089 0.414516
-0.135702 0.419299
-0.137315 0.424085
-0.139456 0.430446
-0.140532 0.433644
-0.14213 0.438389
-0.143634 0.442824
-0.145125 0.447146
-0.14675 0.451806
-0.148392 0.456491
-0.150018 0.46112
-0.151598 0.465647
-0.152688 0.468777
-0.154853 0.474992
-0.156483 0.479675
-0.158115 0.484367
-0.159751 0.489072
-0.16139 0.493789
-0.163032 0.498518
-0.165219 0.504828
-0.166322 0.508014
-0.168514 0.514353
-0.169618 0.517551
-0.171265 0.522325
-0.17291 0.527095
-0.17509 0.533423
-0.176172 0.536553
-0.178179 0.542294
-0.179236 0.545271
-0.180357 0.548407
-0.182586 0.554619
-0.184225 0.559185
-0.186401 0.565284
-0.187513 0.568405
-0.189725 0.574611
-0.19084 0.577743
-0.193059 0.583974
-0.194179 0.587122
-0.195852 0.59183
-0.197529 0.596551
-0.199763 0.602848
-0.200889 0.606029
-0.202572 0.610783
-0.204255 0.615545
-0.20649 0.621877
-0.208167 0.626631
-0.209838 0.631364
-0.211428 0.635847
-0.212449 0.638689
-0.214642 0.644709
-0.215787 0.647833
-0.217496 0.652483
-0.219149 0.656989
-0.220263 0.660045
-0.222516 0.666225
-0.224211 0.670879
-0.22591 0.675543
-0.227611 0.680217
-0.229316 0.684904
-0.231588 0.691157
-0.2333 0.695873
-0.235014 0.700601
-0.23673 0.70534
-0.238446 0.710087
-0.240162 0.714837
-0.241311 0.718018
-0.243586 0.724324
-0.244727 0.727486
-0.245841 0.730562
-0.247927 0.73625
-0.249625 0.740808
-0.251367 0.745457
-0.253656 0.751555
-0.255334 0.756055
-0.256491 0.759161
-0.258788 0.76533
-0.259947 0.768442
-0.261106 0.77156
-0.263413 0.777763
-0.265151 0.782441
-0.266893 0.787131
-0.268637 0.791834
-0.270384 0.796549
-0.272132 0.801276
-0.273882 0.80601
-0.275631 0.810749
-0.277378 0.815484
-0.279121 0.820213
-0.280854 0.824909
-0.282483 0.829298
-0.284668 0.835078
-0.285856 0.838191
-0.287046 0.841297
-0.289382 0.84739
-0.291666 0.853386
-0.292842 0.856482
-0.294601 0.861109
-0.296362 0.865744
-0.297544 0.868855
-0.299894 0.875046
-0.30108 0.878173
-0.303439 0.884397
-0.305216 0.889091
-0.306995 0.893797
-0.308189 0.896956
-0.310558 0.903237
-0.311752 0.906404
-0.314118 0.912686
-0.316475 0.91895
-0.317645 0.922048
-0.318745 0.924948
-0.320959 0.930691
-0.322166 0.933795
-0.324568 0.939941
-0.326919 0.945967
-0.32817 0.949208
-0.330271 0.954687
-0.333107 0.962085
-0.334537 0.96582
-0.337383 0.973253
-0.338819 0.977007
-0.340965 0.982623
-0.343115 0.988254
-0.345267 0.993898
-0.347421 0.999551
-0.349572 1.00521
-0.35172 1.01085
-0.353155 1.01463
-0.355896 1.0218
-0.357968 1.02714
-0.36014 1.0327
-0.362303 1.03823
-0.364407 1.04362
-0.366562 1.04916
-0.368718 1.05471
-0.370879 1.06027
-0.373043 1.06584
-0.375211 1.07143
-0.378101 1.07888
-0.380278 1.0845
-0.382457 1.09014
-0.384637 1.09578
-0.386812 1.10139
-0.389008 1.10693
-0.391254 1.11243
-0.392767 1.11604
-0.395691 1.12275
-0.397278 1.12626
-0.399694 1.13147
-0.402162 1.13669
-0.404713 1.14194
-0.407319 1.14718
-0.410875 1.15412
-0.412706 1.15761
-0.41642 1.16451
-0.419281 1.16969
-0.421231 1.17314
-0.425179 1.17998
-0.427207 1.18342
-0.429261 1.18684
-0.433413 1.19362
-0.43764 1.2003
-0.439794 1.20358
-0.444052 1.20982
-0.446278 1.21297
-0.45084 1.21915
-0.45311 1.2221
-0.457609 1.22766
-0.460085 1.23058
-0.463894 1.23491
-0.467795 1.23918
-0.470461 1.24199
-0.475876 1.24748
-0.480055 1.25152
-0.484322 1.25547
-0.488669 1.25934
-0.49311 1.26313
-0.498979 1.26796
-0.503561 1.27166
-0.508187 1.27532
-0.512857 1.27894
-0.517571 1.28253
-0.52233 1.28608
-0.525541 1.28844
-0.528771 1.29078
-0.535225 1.29537
-0.538495 1.29764
-0.545026 1.30208
-0.549798 1.30524
-0.554681 1.30838
-0.559662 1.31151
-0.564656 1.31458
-0.567911 1.31654
-0.574245 1.3203
-0.579303 1.32325
-0.584399 1.32615
-0.589534 1.32901
-0.594711 1.33183
-0.599928 1.3346
-0.605185 1.33732
-0.610482 1.34
-0.617587 1.3435
-0.62119 1.34523
-0.626598 1.34777
-0.633831 1.35107
-0.639285 1.35349
-0.64295 1.35508
-0.649937 1.35803
-0.653291 1.35943
-0.656879 1.3609
-0.6641 1.36378
-0.669556 1.36588
-0.675041 1.36793
-0.680557 1.36993
-0.686106 1.37187
-0.693537 1.37438
-0.697303 1.3756
-0.704821 1.37797
-0.710509 1.37968
-0.714335 1.3808
-0.720063 1.38242
-0.725802 1.38399
-0.733237 1.38593
-0.736848 1.38686
-0.740646 1.38783
-0.748376 1.3898
-0.752267 1.39079
-0.759929 1.39275
-0.765677 1.39421
-0.771447 1.39568
-0.779126 1.39764
-0.783 1.39862
-0.790708 1.40057
-0.79652 1.40204
-0.802346 1.40351
-0.808185 1.40499
-0.812103 1.40598
-0.816023 1.40696
-0.823802 1.40892
-0.827703 1.40991
-0.834969 1.41176
-0.840509 1.41323
-0.84631 1.41478
-0.85401 1.41684
-0.857865 1.41787
-0.863565 1.4194
-0.869315 1.42093
-0.875068 1.42247
-0.882732 1.42451
-0.886601 1.42554
-0.892387 1.42707
-0.898187 1.42861
-0.902081 1.42964
-0.909827 1.43169
-0.91566 1.43323
-0.921492 1.43478
-0.927301 1.43631
-0.932672 1.43774
-0.936121 1.43867
-0.9454 1.44114
-0.951083 1.44255
-0.956765 1.44385
-0.960604 1.44466
-0.968111 1.4461
-0.971938 1.44675
-0.975773 1.44735
-0.983411 1.44839
-0.989178 1.44903
-0.994961 1.44955
-0.99884 1.44983
-1.00653 1.45023
-1.01026 1.45035
-1.01755 1.45047
-1.02143 1.45047
-1.02921 1.45034
-1.03511 1.45016
-1.04102 1.44993
-1.04694 1.44963
-1.05288 1.44928
-1.06079 1.44873
-1.06477 1.44841
-1.07073 1.44789
-1.07668 1.44731
-1.08262 1.44667
-1.08847 1.44598
-1.09618 1.44497
-1.10002 1.44442
-1.1039 1.44384
-1.11347 1.4423
-1.11733 1.44163
-1.12499 1.44022
-1.12886 1.43946
-1.13462 1.43829
-1.14039 1.43706
-1.14617 1.43576
-1.15384 1.43394
-1.15962 1.4325
-1.16539 1.431
-1.17115 1.42944
-1.17501 1.42837
-1.18264 1.42616
-1.18639 1.42503
-1.19384 1.42272
-1.19756 1.42151
-1.20295 1.41967
-1.20792 1.41783
-1.2146 1.41514
-1.21815 1.41361
-1.22169 1.41204
-1.22865 1.40877
-1.23383 1.40617
-1.23897 1.40347
-1.24239 1.4016
-1.2491 1.39774
-1.25243 1.39573
-1.25883 1.3917
-1.26202 1.3896
-1.26839 1.38525
-1.27311 1.38187
-1.27778 1.37838
-1.28389 1.37359
-1.28693 1.37111
-1.29142 1.36733
-1.29583 1.36346
-1.30018 1.3595
-1.30444 1.35545
-1.30862 1.35132
-1.3127 1.34714
-1.31647 1.34311
-1.3199 1.33929
-1.32367 1.33502
-1.32748 1.33061
-1.33126 1.32615
-1.335 1.32164
-1.33869 1.31708
-1.34236 1.31248
-1.34598 1.30783
-1.34838 1.30469
-1.35427 1.29681
-1.35661 1.29359
-1.36007 1.28875
-1.3635 1.28387
-1.36797 1.27733
-1.37018 1.27403
-1.37222 1.27093
-1.37615 1.26486
-1.37922 1.25991
-1.38219 1.25492
-1.38597 1.24822
-1.38772 1.24494
-1.39031 1.23989
-1.39284 1.23469
-1.39526 1.22943
-1.39758 1.22412
-1.39979 1.21875
-1.40189 1.21334
-1.40388 1.20789
-1.40629 1.20076
-1.40739 1.19732
-1.40905 1.19187
-1.41064 1.18629
-1.41258 1.17882
-1.41392 1.17315
-1.41475 1.16933
-1.41626 1.1617
-1.41694 1.15783
-1.41787 1.15203
-1.41869 1.1462
-1.4196 1.13842
-1.42015 1.13257
-1.42046 1.12865
-1.4209 1.1212
-1.42106 1.11751
-1.42123 1.1118
-1.42128 1.10604
-1.42116 1.09837
-1.42094 1.0926
-1.42073 1.08873
-1.42015 1.08106
-1.41978 1.07719
-1.41935 1.07332
-1.41834 1.06564
-1.41776 1.06178
-1.41644 1.05413
-1.4157 1.0503
-1.41412 1.04289
-1.41323 1.0391
-1.41134 1.0316
-1.4103 1.02784
-1.40811 1.02039
-1.40633 1.01482
-1.40379 1.00745
-1.40244 1.00376
-1.39961 0.996491
-1.39811 0.992864
-1.3958 0.987516
-1.3935 0.982498
-1.39033 0.976094
-1.38856 0.972734
-1.38496 0.966176
-1.38209 0.961197
-1.3801 0.957891
-1.37602 0.9514
-1.3739 0.948165
-1.37064 0.943381
-1.36728 0.938651
-1.36381 0.93398
-1.36024 0.929367
-1.35779 0.926312
-1.3528 0.920334
-1.34765 0.914487
-1.34369 0.910199
-1.33981 0.906152
-1.33577 0.902064
-1.33298 0.89933
-1.32733 0.894007
-1.32443 0.891381
-1.32003 0.887496
-1.31554 0.883642
-1.31112 0.879929
-1.30677 0.876359
-1.30217 0.872685
-1.29754 0.869056
-1.29286 0.865474
-1.28814 0.861941
-1.28182 0.857324
-1.27709 0.853966
-1.27256 0.850793
-1.26777 0.847474
-1.26449 0.845229
-1.25955 0.841855
-1.25459 0.83847
-1.24963 0.835074
-1.24466 0.831667
-1.23803 0.827125
-1.2347 0.824836
-1.23137 0.822547
-1.22477 0.818018
-1.21998 0.814736
-1.21507 0.811392
-1.21176 0.809137
-1.20507 0.804593
-1.19964 0.800905
-1.19384 0.796947
-1.18602 0.791484
-1.18172 0.788428
-1.17736 0.785326
-1.16655 0.777614
-1.16217 0.77449
-1.15348 0.768275
-1.1491 0.765143
-1.14257 0.760474
-1.13617 0.755903
-1.12968 0.751291
-1.12318 0.746669
-1.11883 0.743578
-1.1102 0.737464
-1.10365 0.732771
-1.0965 0.727571
-1.08683 0.720528
-1.08195 0.716969
-1.07225 0.709885
-1.06736 0.706312
-1.06007 0.700985
-1.05289 0.695744
-1.04325 0.688728
-1.03599 0.683454
-1.03112 0.67993
-1.02171 0.673086
-1.01688 0.66955
-1.00963 0.664243
-1.00238 0.65892
-0.9927 0.651815
-0.987821 0.648228
-0.980544 0.642874
-0.973292 0.637542
-0.966138 0.632297
-0.956501 0.625246
-0.951647 0.621701
-0.942137 0.614762
-0.937419 0.611297
-0.932582 0.607734
-0.922962 0.600641
-0.918089 0.597032
-0.908414 0.589774
-0.898806 0.582367
-0.894017 0.5786
-0.884705 0.571141
-0.880005 0.567305
-0.873017 0.561515
-0.866081 0.555658
-0.859213 0.549748
-0.852597 0.543918
-0.845914 0.537864
-0.837047 0.529626
-0.83262 0.525424
-0.826075 0.5191
-0.819655 0.512777
-0.81124 0.504343
-0.804923 0.497974
-0.79859 0.491599
-0.792242 0.485214
-0.787985 0.480935
-0.779554 0.47247
-0.775421 0.468306
-0.769131 0.461935
-0.762807 0.455516
-0.754405 0.446974
-0.750185 0.442683
-0.744012 0.436421
-0.737713 0.430045
-0.731393 0.423602
-0.727162 0.419234
-0.718828 0.410465
-0.712628 0.403793
-0.706497 0.397066
-0.698643 0.388202
-0.694668 0.383593
-0.686873 0.374357
-0.681184 0.367462
-0.675555 0.360519
-0.669928 0.353444
-0.666188 0.348666
-0.658837 0.339086
-0.655171 0.334212
-0.649749 0.326878
-0.644391 0.319478
-0.639106 0.31202
-0.633928 0.304553
-0.628938 0.297158
-0.624045 0.289738
-0.619187 0.282238
-0.614354 0.274617
-0.61115 0.269476
-0.604874 0.259181
-0.598713 0.24877
-0.595654 0.24348
-0.589674 0.232894
-0.585267 0.22487
-0.580952 0.216818
-0.576775 0.208839
-0.574102 0.203656
-0.570066 0.195611
-0.566119 0.187404
-0.562326 0.179097
-0.558691 0.170695
-0.554107 0.159374
-0.551908 0.153611
-0.549786 0.14781
-0.545808 0.136208
-0.543928 0.130341
-0.540486 0.118906
-0.538032 0.110072
-0.535768 0.101131
-0.533748 0.0920924
-0.532003 0.0830328
-0.53055 0.0739343
-0.529367 0.0647282
-0.528234 0.0524389
-0.527712 0.0432531
-0.527515 0.0372614
-0.52746 0.0250273
-0.527615 0.0188438
-0.528288 0.00655265
-0.528813 0.000356795
-0.52983 -0.00888862
-0.531128 -0.0181219
-0.533288 -0.030344
-0.535216 -0.0394331
-0.53664 -0.0453999
-0.538991 -0.0543127
-0.541531 -0.0628591
-0.543376 -0.0684459
-0.547585 -0.0798746
-0.549905 -0.0856247
-0.55487 -0.0969198
-0.558911 -0.105289
-0.5632 -0.11352
-0.567672 -0.121517
-0.572411 -0.129436
-0.579081 -0.139764
-0.584374 -0.147373
-0.589905 -0.154839
-0.595668 -0.162153
-0.59963 -0.166943
-0.607658 -0.176218
-0.611703 -0.180701
-0.619609 -0.189138
-0.623775 -0.193463
-0.630079 -0.199903
-0.636461 -0.2063
-0.64078 -0.210559
-0.64946 -0.218948
-0.658282 -0.22725
-0.665008 -0.233431
-0.669557 -0.23754
-0.678669 -0.245603
-0.683284 -0.249604
-0.687836 -0.253505
-0.696821 -0.261078
-0.703596 -0.266641
-0.710523 -0.272286
-0.717469 -0.277946
-0.724434 -0.283619
-0.733726 -0.291185
-0.73842 -0.295005
-0.74544 -0.300715
-0.75247 -0.306429
-0.759491 -0.312133
-0.766403 -0.317759
-0.770958 -0.321479
-0.779996 -0.328871
-0.786913 -0.334501
-0.793855 -0.34015
-0.800813 -0.345812
-0.80779 -0.351487
-0.817099 -0.359055
-0.821802 -0.362876
-0.828832 -0.368584
-0.835863 -0.37429
-0.842871 -0.379978
-0.849683 -0.385525
-0.858738 -0.392927
-0.863342 -0.396669
-0.867989 -0.400447
-0.879531 -0.409828
-0.884204 -0.413624
-0.893505 -0.421177
-0.898203 -0.424991
-0.90523 -0.430691
-0.912266 -0.436396
-0.919296 -0.442092
-0.926226 -0.447717
-0.935306 -0.45513
-0.939827 -0.458808
-0.949037 -0.466286
-0.955991 -0.47193
-0.960659 -0.475718
-0.967642 -0.481384
-0.974645 -0.487063
-0.981666 -0.492754
-0.988703 -0.498454
-0.998062 -0.506029
-1.00281 -0.509874
-1.00752 -0.513712
-1.01726 -0.521723
-1.02232 -0.52586
-1.03255 -0.534236
-1.03772 -0.538463
-1.04801 -0.546873
-1.05577 -0.553213
-1.06355 -0.559567
-1.07391 -0.568024
-1.07912 -0.572277
-1.08679 -0.578541
-1.09439 -0.584787
-1.10449 -0.593047
-1.10965 -0.597262
-1.11481 -0.601483
-1.12765 -0.611967
-1.13285 -0.61621
-1.14062 -0.622555
-1.14842 -0.628909
-1.15621 -0.635261
-1.16396 -0.64158
-1.17406 -0.649859
-1.1791 -0.653982
-1.18932 -0.662323
-1.19449 -0.666541
-1.20222 -0.672847
-1.20997 -0.679168
-1.21774 -0.685503
-1.22553 -0.691851
-1.2359 -0.700294
-1.24112 -0.704537
-1.25129 -0.712887
-1.25869 -0.719062
-1.26617 -0.725416
-1.27363 -0.73187
-1.27859 -0.736244
-1.28839 -0.745047
-1.29329 -0.749542
-1.30057 -0.756325
-1.3078 -0.763194
-1.31731 -0.772439
-1.32205 -0.77713
-1.32666 -0.781749
-1.3357 -0.790995
-1.34026 -0.795758
-1.34924 -0.805319
-1.35372 -0.810192
-1.36253 -0.819981
-1.36905 -0.827422
-1.37542 -0.834956
-1.38164 -0.842618
-1.38955 -0.852814
-1.3954 -0.860679
-1.40108 -0.868649
-1.40653 -0.87665
-1.41175 -0.884812
-1.41512 -0.890372
-1.41993 -0.898806
-1.42593 -0.910259
-1.43011 -0.918959
-1.43272 -0.92475
-1.43651 -0.933686
-1.44004 -0.942754
-1.44433 -0.955002
-1.44724 -0.96434
-1.44988 -0.973769
-1.45149 -0.980126
-1.45428 -0.99275
-1.45546 -0.998959
-1.45703 -1.00841
-1.45834 -1.01799
-1.45936 -1.02762
-1.46009 -1.0373
-1.46052 -1.04702
-1.46067 -1.05678
-1.46052 -1.06654
-1.46007 -1.07613
-1.45935 -1.08547
-1.45824 -1.09506
-1.45677 -1.10462
-1.45491 -1.11411
-1.45267 -1.12355
-1.4501 -1.13276
-1.44712 -1.1419
-1.44493 -1.14794
-1.44012 -1.15968
-1.43608 -1.16837
-1.43169 -1.17691
-1.42531 -1.18802
-1.42186 -1.19349
-1.41826 -1.19888
-1.41069 -1.2093
-1.40267 -1.21919
-1.39841 -1.22405
-1.39402 -1.2288
-1.38493 -1.2379
-1.38018 -1.24232
-1.37068 -1.25057
-1.36317 -1.2566
-1.35543 -1.26244
-1.35016 -1.2662
-1.33962 -1.27328
-1.32865 -1.28005
-1.32021 -1.28487
-1.31446 -1.28796
-1.30285 -1.29377
-1.2969 -1.29652
-1.28791 -1.30042
-1.27884 -1.30403
-1.26676 -1.30843
-1.25753 -1.31154
-1.24821 -1.31447
-1.23883 -1.31721
-1.2325 -1.31894
-1.21985 -1.32213
-1.21344 -1.32361
-1.20699 -1.325
-1.19419 -1.3275
-1.18475 -1.32913
-1.17503 -1.33064
-1.1685 -1.33155
-1.1555 -1.3331
-1.14568 -1.33405
-1.13591 -1.33479
-1.12289 -1.33547
-1.1131 -1.33574
-1.10346 -1.33581
-1.09381 -1.33572
-1.08402 -1.33544
-1.07421 -1.33497
-1.06764 -1.33455
-1.05457 -1.33344
-1.04798 -1.33276
-1.03816 -1.33157
-1.02839 -1.3302
-1.0158 -1.32812
-1.00942 -1.32691
-0.999876 -1.32492
-0.990358 -1.32274
-0.977737 -1.31953
-0.968279 -1.31689
-0.961959 -1.31501
-0.949463 -1.31102
-0.943204 -1.30888
-0.933953 -1.30555
-0.924793 -1.30205
-0.915691 -1.29838
-0.906768 -1.29457
-0.898093 -1.29063
-0.889275 -1.28639
-0.877668 -1.28047
-0.869033 -1.2758
-0.863299 -1.27257
-0.854876 -1.26764
-0.843811 -1.26083
-0.835561 -1.2555
-0.830083 -1.25183
-0.821984 -1.24621
-0.813994 -1.24043
-0.808715 -1.23648
-0.798624 -1.22858
-0.793565 -1.22444
-0.783747 -1.21604
-0.776523 -1.20959
-0.769363 -1.20293
-0.762321 -1.19612
-0.755397 -1.18916
-0.746354 -1.17964
-0.739614 -1.1723
-0.732868 -1.16487
-0.726129 -1.15743
-0.721664 -1.1525
-0.712983 -1.14291
-0.708511 -1.13798
-0.70183 -1.13062
-0.695135 -1.12324
-0.688423 -1.11585
-0.681694 -1.10843
-0.672716 -1.09854
-0.668184 -1.09355
-0.661419 -1.0861
-0.654676 -1.07868
-0.648158 -1.0715
-0.641516 -1.06421
-0.632518 -1.05433
-0.627799 -1.04915
-0.617972 -1.03835
-0.610551 -1.03021
-0.603112 -1.02204
-0.595658 -1.01386
-0.588214 -1.0057
-0.580888 -0.997668
-0.576059 -0.992372
-0.568685 -0.984304
-0.561303 -0.976225
-0.553964 -0.968152
-0.546698 -0.960017
-0.539496 -0.951788
-0.532358 -0.943469
-0.527614 -0.937849
-0.51832 -0.926625
-0.509403 -0.915596
-0.504934 -0.909971
-0.498153 -0.901396
-0.491359 -0.892801
-0.484551 -0.884184
-0.477726 -0.875544
-0.468624 -0.86402
-0.461767 -0.855343
-0.457176 -0.849538
-0.452638 -0.843802
-0.443745 -0.8326
-0.436956 -0.824037
-0.430156 -0.815459
-0.421092 -0.804019
-0.414258 -0.795389
-0.40967 -0.789595
-0.400542 -0.778071
-0.395941 -0.772265
-0.386908 -0.760883
-0.382416 -0.75524
-0.377911 -0.749578
-0.368858 -0.738188
-0.36204 -0.729608
-0.355208 -0.721005
-0.348359 -0.712379
-0.341493 -0.703732
-0.334614 -0.695072
-0.327742 -0.686427
-0.321001 -0.677963
-0.316505 -0.672331
-0.30746 -0.660984
-0.298382 -0.649591
-0.2938 -0.643837
-0.289237 -0.638089
-0.280264 -0.626624
-0.273605 -0.617915
-0.267031 -0.609141
-0.260636 -0.600451
-0.254282 -0.591671
-0.248059 -0.582886
-0.241838 -0.57395
-0.235605 -0.564937
-0.229358 -0.5559
-0.223099 -0.546837
-0.216826 -0.537754
-0.210549 -0.528666
-0.202309 -0.516761
-0.198122 -0.510752
-0.191897 -0.501814
-0.185656 -0.492846
-0.179402 -0.483855
-0.173139 -0.474843
-0.166863 -0.465807
-0.158495 -0.453754
-0.152196 -0.44468
-0.147987 -0.438619
-0.139724 -0.426789
-0.135512 -0.420772
-0.129284 -0.411872
-0.123011 -0.402901
-0.114666 -0.390954
-0.108442 -0.381958
-0.104318 -0.375904
-0.0962425 -0.363787
-0.0922395 -0.357648
-0.0864343 -0.348613
-0.0806118 -0.339406
-0.0730455 -0.327131
-0.0693027 -0.320912
-0.0619749 -0.308448
-0.0583438 -0.30212
-0.0547519 -0.295758
-0.0477414 -0.283032
-0.0425971 -0.273421
-0.0359559 -0.260744
-0.0326121 -0.254234
-0.0260923 -0.24125
-0.0228741 -0.234675
-0.0197371 -0.228159
-0.013599 -0.215048
-0.00910186 -0.205126
-0.00470625 -0.195148
-0.000444391 -0.185191
0.0037038 -0.175304
0.00918441 -0.161865
0.0132054 -0.151694
0.0158481 -0.144854
0.0197085 -0.134608
0.0246466 -0.121012
0.028237 -0.110731
0.0305792 -0.103827
0.0350233 -0.0902921
0.0372381 -0.0833844
0.0415315 -0.0695424
0.043633 -0.0625322
0.0466924 -0.0520244
0.0496569 -0.0414722
0.0515862 -0.0343862
0.0561363 -0.0168361
0.0578287 -0.00995468
0.0596124 -0.00234129
0.060471 0.00173205
0.0607293 0.00314579
0.0607444 0.00323751
0.0607437 0.00323534
0.0607429 0.003231
0.0607419 0.00322499
0.0607409 0.00321777
0.0607402 0.00321245
0.0607387 0.00320111
0.0607376 0.00319214
0.0607364 0.00318293
0.0607353 0.00317356
0.0607341 0.00316411
0.060733 0.00315459
0.0607319 0.00314504
0.0607304 0.00313232
0.0607293 0.00312276
0.0607285 0.00311637
0.0607271 0.00310371
0.0607264 0.00309735
0.0607253 0.00308789
0.0607243 0.00307847
0.0607232 0.00306909
0.0607222 0.00305975
0.0607209 0.00304739
0.0607199 0.00303816
0.0607189 0.00302897
0.060718 0.00301982
0.0607173 0.00301372
0.0607161 0.00300167
0.0607155 0.00299563
0.0607155 0.00299563
0.0607155 0.00299563
0.0607155 0.00299563
0.0607155 0.00299563
0.0607155 0.00299563
0.0607155 0.00299563
0.0607155 0.00299563
0.0607155 0.00299563
0.0607155 0.00299563
0.0607155 0.00299563
0.0607155 0.00299563
0.0607155 0.00299563
0.0607155 0.00299563
0.0607155 0.00299563
0.0607155 0.00299563
0.0607155 0.00299563
0.0607155 0.00299563
0.0607155 0.00299563
0.0607155 0.00299563
0.0607155 0.00299563
0.0607155 0.00299563
0.0607155 0.00299563
0.0607155 0.00299563
0.0607155 0.00299563
