0 0
0 0
0 0
0 0
0 0
0 0
0 0
0 0
0 0
0 0
0 0
0 0
0 0
0 0
0 0
0 0
0 0
0 0
0 0
0 0
0 0
0 0
0 0
0 0
0 0
0 0
0 0
0 0
0 0
0 0
0 0
0 0
0.000767859 0.000767859
0.000778465 0.0228808
0.000789002 0.0228703
0.000795919 0.0198027
0.000806343 0.0197923
0.000816699 0.022024
0.000823599 0.0220172
0.000837208 0.0227398
0.000847363 0.0227298
0.000857453 0.0220574
0.000867478 0.0220477
0.000877439 0.0221164
0.000887335 0.0221067
0.00089393 0.0209911
0.000906937 0.0209784
0.00241342 0.0211523
0.00389285 0.0196781
0.00577858 0.025558
0.00727572 0.0240643
0.0073174 0.0293729
0.00837949 0.0283137
0.00941463 0.0266823
0.00851557 0.0275832
0.00858242 0.0275324
0.0086465 0.0274714
0.00967678 0.0263022
0.00876114 0.0272228
0.00916177 0.0266103
0.0108423 0.024931
0.00958694 0.0247415
0.00961042 0.0247269
0.00962471 0.0289445
0.0109434 0.0276454
0.00962601 0.0293854
0.00961328 0.0294108
0.0140646 0.0316935
0.0160342 0.0297287
0.0145158 0.0268337
0.0127637 0.0286204
0.0144178 0.0291442
0.0143758 0.0292051
0.0143495 0.0319328
0.0143399 0.0319633
0.0144169 0.0294158
0.0162636 0.0275641
0.0149165 0.0302285
0.0166047 0.0285421
0.0166966 0.0262733
0.0167856 0.0262114
0.0168683 0.0293135
0.016941 0.0292696
0.0170028 0.0285182
0.0170535 0.0285003
0.0154984 0.0304794
0.0171217 0.0288361
0.0171397 0.0282075
0.0155536 0.0299024
0.0155526 0.0338012
0.0155439 0.0338595
0.0155309 0.0288567
0.0170993 0.0272521
0.0170888 0.0305809
0.0170939 0.0306283
0.0171149 0.0295921
0.0172074 0.0295485
0.0160696 0.0319153
0.0163035 0.0317354
0.0179376 0.0285734
0.0165642 0.0301346
0.0181866 0.0285537
0.016808 0.0301372
0.0169163 0.0284382
0.0170146 0.0284149
0.0171032 0.025684
0.0171821 0.0256863
0.0157615 0.0242342
0.0173124 0.0225614
0.0158864 0.0267035
0.0174095 0.0250398
0.017449 0.0273287
0.0174864 0.0273954
0.0189698 0.0241032
0.0175826 0.0258259
0.0190679 0.0230897
0.0191401 0.0231148
0.0193341 0.0231503
0.0183802 0.0244105
0.0199935 0.025357
0.0215588 0.0236687
0.0203327 0.0233657
0.0234901 0.0199434
0.0250406 0.0237953
0.0236264 0.0254847
0.0235965 0.0287517
0.024964 0.0271992
0.0233974 0.0320215
0.0232808 0.0322217
0.0231601 0.0305491
0.0244001 0.0290487
0.0229211 0.0278823
0.0228169 0.0281026
0.0227343 0.0329678
0.0227723 0.0329927
0.0227618 0.0326297
0.0227041 0.0327913
0.022647 0.0302013
0.0236914 0.0286678
0.0225278 0.0317396
0.0235013 0.0302104
0.0224058 0.0329181
0.0233082 0.0313938
0.0222982 0.0300679
0.0223691 0.0300255
0.0255152 0.0281376
0.0268594 0.0261064
0.0263166 0.0291245
0.0274793 0.0275067
0.0266705 0.0308811
0.0269363 0.0307735
0.0273016 0.0328883
0.0285075 0.0311785
0.0310652 0.0259774
0.0279771 0.0309263
0.0303671 0.0291337
0.0283953 0.0324133
0.0295476 0.02993
0.0287831 0.0315655
0.0289654 0.0314945
0.0291405 0.0315103
0.0302485 0.032565
0.0294734 0.0342612
0.0305625 0.0271722
0.0307184 0.0272129
0.0308779 0.0302315
0.0302478 0.0317223
0.03153 0.0318476
0.0341786 0.0281498
0.0347477 0.0309751
0.0355189 0.0301868
0.0364251 0.0304932
0.0373767 0.0294561
0.0446202 0.0210924
0.0379802 0.0303181
0.0382448 0.0337618
0.0384978 0.0337433
0.0387385 0.0321815
0.0404988 0.0298885
0.0391877 0.0328876
0.0409177 0.0306081
0.0396216 0.0331494
0.046471 0.0238719
0.0403716 0.0348626
0.0407146 0.0347834
0.041022 0.034735
0.0428111 0.0323521
0.0417662 0.0351125
0.0435139 0.032775
0.0438252 0.0336422
0.0441278 0.0336083
0.0430102 0.0377794
0.0446992 0.0354721
0.044968 0.0351235
0.0452274 0.0351523
0.0441021 0.036043
0.045738 0.0337729
0.0447203 0.0357304
0.0465181 0.0332007
0.0443104 0.0403066
0.0459511 0.0379477
0.0451445 0.041079
0.0467789 0.0386892
0.0458935 0.040578
0.0475069 0.0381716
0.0466158 0.0423885
0.0481995 0.0400125
0.0485302 0.0425217
0.0488517 0.0425443
0.0504265 0.0385215
0.0494801 0.0408805
0.0497986 0.0404617
0.0513933 0.0380984
0.0507499 0.0426489
0.0523481 0.0403331
0.0515597 0.0422133
0.0532177 0.0397522
0.0524638 0.0437702
0.0583839 0.0344256
0.0532791 0.0447187
0.054836 0.0423908
0.0540597 0.0452859
0.0544357 0.0452952
0.0548034 0.0452178
0.0551659 0.0452555
0.055528 0.0449456
0.0558973 0.044974
0.0563992 0.0466813
0.0580092 0.0441771
0.0573742 0.0446897
0.0588978 0.0423665
0.0583621 0.0447925
0.0588186 0.044739
0.0603282 0.0411954
0.0597185 0.0434493
0.0612044 0.043114
0.060585 0.0454054
0.0620438 0.0422524
0.0614178 0.0445922
0.0628518 0.04396
0.0622357 0.0463159
0.0626575 0.0456615
0.0623138 0.0476326
0.0637631 0.0477391
0.0652268 0.0454301
0.0657216 0.0458976
0.0662837 0.0456996
0.0658207 0.0485021
0.0672671 0.0461755
0.065897 0.0497253
0.0672844 0.0473408
0.0668562 0.0503553
0.0682195 0.0479982
0.0677882 0.0497297
0.069131 0.0473848
0.068715 0.0508366
0.0700649 0.0484447
0.070681 0.0495861
0.0712414 0.0494942
0.0726508 0.0451578
0.0723634 0.0472958
0.0737895 0.0434416
0.0726455 0.0479625
0.0740022 0.0485828
0.0779941 0.0413045
0.078718 0.0485864
0.079279 0.0485913
0.0798312 0.0466792
0.0803778 0.0467194
0.0809249 0.0466176
0.0826229 0.0440279
0.0822013 0.0484569
0.0828392 0.0484105
0.0834715 0.047163
0.0841606 0.0469959
0.0837424 0.0474759
0.0854252 0.0447483
0.0860482 0.0497485
0.0866618 0.0497377
0.0883366 0.0468492
0.0918377 0.0416354
0.0935686 0.0400014
0.0915848 0.0454743
0.0932164 0.0438377
0.0927461 0.0462687
0.0943905 0.0431845
0.0960181 0.040598
0.0965842 0.0405878
0.0971068 0.0406241
0.0976178 0.038106
0.0981238 0.0381879
0.0977004 0.0438815
0.0991211 0.0413697
0.0987524 0.0411234
0.100106 0.0386405
0.0998042 0.0397891
0.101099 0.0373654
0.102408 0.0383759
0.10152 0.0434404
0.102822 0.0402205
0.102785 0.042775
0.102848 0.0463327
0.103988 0.0437333
0.105126 0.0397975
0.105694 0.039903
0.106262 0.0444068
0.106832 0.0445591
0.107406 0.0431484
0.107609 0.0459107
0.10857 0.0426808
0.108857 0.0451199
0.109752 0.0422825
0.110322 0.0423541
0.110912 0.0435938
0.111313 0.0460961
0.112119 0.0426914
0.112502 0.0479887
0.113213 0.0484417
0.113847 0.0511942
0.114506 0.0485338
0.115215 0.0513314
0.11581 0.0471506
0.116418 0.0445911
0.117066 0.0490481
0.117608 0.0466401
0.118295 0.0457376
0.118902 0.0458423
0.119503 0.0460751
0.120134 0.0460966
0.120779 0.0457568
0.121431 0.0458856
0.122091 0.0484794
0.122755 0.0486001
0.123393 0.0513623
0.123658 0.0487566
0.124626 0.0484421
0.124852 0.0460568
0.125864 0.0464291
0.126482 0.0465621
0.126625 0.044765
0.127716 0.0472855
0.127802 0.0484698
0.128933 0.0509102
0.130244 0.0546186
0.130221 0.0522271
0.130802 0.0509356
0.131375 0.0508945
0.131313 0.0480315
0.132575 0.0505202
0.132464 0.0484674
0.133781 0.0510101
0.133624 0.0489625
0.135002 0.0514995
0.1348 0.0493252
0.136239 0.0519396
0.135988 0.0479202
0.137433 0.0503717
0.137918 0.0507191
0.139439 0.0531855
0.138981 0.0574226
0.140559 0.0600394
0.140004 0.0578606
0.1417 0.060599
0.141056 0.0567328
0.140414 0.0545204
0.142147 0.0608065
0.141418 0.0586624
0.143243 0.0589343
0.143635 0.0589037
0.144075 0.0593183
0.143109 0.057129
0.1421 0.0537674
0.143916 0.0562129
0.145899 0.0572037
0.146371 0.0573735
0.14861 0.0605714
0.147348 0.0583907
0.149678 0.061739
0.148307 0.0595037
0.148683 0.0612197
0.149119 0.0613561
0.147677 0.0576214
0.149995 0.0600197
0.148487 0.0534488
0.152992 0.0580679
0.151361 0.0559875
0.149756 0.0540136
0.152231 0.0543356
0.150349 0.0521749
0.152612 0.0565365
0.152955 0.0565687
0.153356 0.0568452
0.15376 0.0569593
0.154172 0.0561279
0.152303 0.0541878
0.155033 0.054021
0.155482 0.0541959
0.158422 0.0546074
0.15641 0.05282
0.156862 0.0562268
0.157224 0.0563281
0.157531 0.0543902
0.157882 0.0544979
0.155736 0.048325
0.158251 0.0500149
0.155888 0.0407427
0.158745 0.0425788
0.156547 0.0415835
0.159489 0.0433199
0.159865 0.0425708
0.1629 0.0444843
0.160412 0.0427511
0.163332 0.0446174
0.160916 0.0399339
0.163931 0.0415186
0.161502 0.044815
0.16181 0.0450627
0.162124 0.0405616
0.162438 0.0408268
0.162739 0.0416576
0.160257 0.0407639
0.160282 0.037465
0.160356 0.0377034
0.163042 0.0418748
0.163197 0.0420839
0.16336 0.0421742
0.163534 0.0424199
0.163722 0.0399623
0.163921 0.0402127
0.164132 0.0340907
0.161637 0.0336898
0.164554 0.0323679
0.16471 0.0326
0.164583 0.0333656
0.164665 0.0335779
0.167492 0.0325196
0.16478 0.0315686
0.167521 0.0343629
0.164868 0.0337227
0.167663 0.0317234
0.165031 0.030947
0.165115 0.0280285
0.165181 0.0282428
0.167727 0.0330402
0.164924 0.0324661
0.167551 0.0302358
0.164916 0.029925
0.164927 0.030757
0.164949 0.0309535
0.16498 0.028282
0.165014 0.0284824
0.162549 0.0243477
0.164923 0.0250971
0.16234 0.0261241
0.16453 0.0268394
0.164269 0.0253142
0.163973 0.0253087
0.163686 0.0330149
0.163414 0.0330249
0.163163 0.0309368
0.165437 0.0323368
0.162723 0.027427
0.162532 0.0274636
0.162355 0.0276965
0.159729 0.0267049
0.161914 0.0299943
0.161361 0.0298572
0.161072 0.0309179
0.160774 0.0309082
0.158056 0.0310882
0.160203 0.0321704
0.159939 0.0315097
0.159695 0.0315389
0.148868 0.0281772
0.141523 0.0266248
0.137707 0.0275731
0.140183 0.0279772
0.139912 0.029013
0.139369 0.0289987
0.139017 0.0301247
0.138655 0.0301566
0.138309 0.0262333
0.141169 0.0266236
0.137688 0.0287112
0.140637 0.0294279
0.137184 0.0255362
0.136969 0.0255851
0.136755 0.0257717
0.133317 0.0253585
0.132817 0.0232285
0.132512 0.0232588
0.132203 0.0262165
0.131903 0.0262555
0.134784 0.0270688
0.134555 0.0271203
0.134357 0.0271369
0.130989 0.0264195
0.134028 0.0282726
0.130648 0.0276444
0.133343 0.0286142
0.12993 0.028033
0.132854 0.0288008
0.12942 0.028376
0.132408 0.0251411
0.13223 0.0251708
0.132086 0.0264517
0.131972 0.0264918
0.131879 0.0287665
0.131777 0.0287985
0.131408 0.0250464
0.131203 0.0250533
0.134353 0.0313887
0.130849 0.0302787
0.127452 0.0299248
0.130594 0.0307644
0.127239 0.0312424
0.130472 0.0321048
0.130455 0.0303757
0.130447 0.0304115
0.127089 0.0235435
0.13005 0.0245215
0.129963 0.0288437
0.129883 0.0288615
0.126543 0.0270457
0.129791 0.0278012
0.126497 0.0221839
0.129835 0.0236809
0.143289 0.0378756
0.129996 0.0318814
0.130043 0.0282362
0.129827 0.0281155
0.136507 0.028227
0.139789 0.0302753
0.136531 0.034044
0.139868 0.0358684
0.139955 0.0311337
0.140077 0.0311767
0.130377 0.0282754
0.137101 0.0314596
0.140596 0.0306433
0.137352 0.0282521
0.130808 0.0261683
0.127669 0.0246368
0.140837 0.0345318
0.137719 0.0324772
0.141177 0.0308414
0.141399 0.0308629
0.141656 0.0344645
0.141943 0.0345196
0.142243 0.0327366
0.142427 0.0326928
0.139251 0.02988
0.142721 0.0322175
0.14297 0.0351718
0.143235 0.0351648
0.143531 0.0323459
0.143861 0.0323663
0.144226 0.0374741
0.144624 0.0375333
0.141812 0.0313192
0.145442 0.0337745
0.14246 0.0296204
0.145929 0.0319579
0.14312 0.0357581
0.146679 0.0379298
0.14709 0.0378479
0.147535 0.0378684
0.14485 0.0327374
0.148527 0.034989
0.149067 0.0382093
0.152844 0.0407792
0.149965 0.0368062
0.15357 0.0392554
0.150856 0.0376923
0.151367 0.0376899
0.1519 0.0369738
0.143797 0.0304153
0.144457 0.0302264
0.145142 0.0301437
0.145858 0.0299623
0.143671 0.028129
0.147217 0.0261957
0.145012 0.0239562
0.148715 0.031381
0.146717 0.0292982
0.150336 0.0289758
0.148468 0.0268326
0.154896 0.0425475
0.153003 0.0399384
0.153967 0.0408888
0.154936 0.0409386
0.153156 0.0392438
0.156658 0.0416044
0.157678 0.0389353
0.161408 0.041668
0.159699 0.0402722
0.160715 0.0402673
0.161749 0.0432696
0.160244 0.0407008
0.163885 0.0419657
0.164974 0.0420066
0.168521 0.0496347
0.166924 0.0467811
0.165565 0.0410761
0.169209 0.0437056
0.167869 0.0366189
0.171462 0.0389924
0.170172 0.042916
0.17377 0.0454674
0.174956 0.043699
0.176155 0.043746
0.177342 0.0422647
0.180811 0.0447478
0.179578 0.0422261
0.183287 0.0451551
0.182072 0.0442144
0.180999 0.0418022
0.184564 0.0429469
0.183536 0.0404779
0.187115 0.0434707
0.186142 0.0411102
0.189721 0.0405181
0.188725 0.0378862
0.192148 0.0474672
0.193506 0.0475009
0.197163 0.0483224
0.196203 0.045744
0.197552 0.0444869
0.198914 0.0444893
0.200293 0.0473149
0.201688 0.0473585
0.200952 0.0442687
0.204447 0.0469922
0.203617 0.0411817
0.20505 0.0411794
0.208621 0.044361
0.212235 0.0470549
0.211506 0.045059
0.210903 0.0425565
0.212378 0.0467904
0.21387 0.0468208
0.217404 0.0497029
0.216882 0.047139
0.220237 0.0508065
0.221741 0.0507732
0.223291 0.0495739
0.224829 0.0495757
0.224404 0.0460698
0.227907 0.0487321
0.229459 0.0508984
0.231026 0.050938
0.230677 0.0484882
0.234188 0.0510001
0.233834 0.0476254
0.235293 0.0474358
0.236937 0.0501002
0.240469 0.0526683
0.24022 0.0468934
0.243712 0.0494785
0.245345 0.0533038
0.246991 0.0533363
0.24865 0.0552424
0.252227 0.0578762
0.251954 0.0520618
0.255382 0.0546318
0.255197 0.0530486
0.25512 0.0504463
0.258623 0.0545258
0.258558 0.0520339
0.26204 0.0548218
0.263762 0.0548475
0.265496 0.0542101
0.267239 0.0542623
0.270776 0.0563734
0.270607 0.0532511
0.272347 0.0535665
0.274145 0.053597
0.275934 0.0588116
0.277719 0.0588087
0.277823 0.0526085
0.281302 0.0553303
0.281436 0.0530848
0.286671 0.0588113
0.286745 0.0594777
0.288504 0.0594321
0.290249 0.0597989
0.290476 0.057162
0.292359 0.0575227
0.294228 0.057519
0.296097 0.0578378
0.299577 0.0605632
0.301453 0.0559002
0.301741 0.0532058
0.305229 0.0580703
0.307107 0.0580973
0.308879 0.0601933
0.310807 0.0602067
0.31118 0.0573276
0.314686 0.060092
0.315043 0.057254
0.318474 0.0600472
0.320353 0.0614417
0.322235 0.0615735
0.324119 0.0606944
0.326002 0.0608306
0.32618 0.0574812
0.329574 0.0600763
0.329727 0.0565023
0.329857 0.0540821
0.33519 0.0579412
0.335255 0.0553557
0.338924 0.060045
0.33895 0.0574462
0.34268 0.061206
0.34267 0.0587032
0.344536 0.0577592
0.346387 0.0579111
0.34809 0.0588328
0.349784 0.0587537
0.353576 0.0627547
0.349131 0.0530178
0.350744 0.0504037
0.354416 0.0530033
0.353986 0.0537914
0.362702 0.0634114
0.362256 0.0585983
0.366277 0.0611665
0.370382 0.060775
0.369613 0.0583364
0.371053 0.0540232
0.372676 0.0540824
0.374352 0.0611124
0.369973 0.0547322
0.377705 0.0589865
0.379363 0.0591659
0.378332 0.0550891
0.387052 0.0624261
0.390278 0.0536752
0.395819 0.0576506
0.399094 0.0518972
0.402135 0.0537382
0.403034 0.0499566
0.403618 0.0503271
0.403617 0.052351
0.403616 0.0523524
0.403613 0.0515857
0.403611 0.0515867
0.403609 0.0532782
0.403606 0.0532802
0.403604 0.052498
0.403603 0.0524991
0.4036 0.053102
0.403599 0.0531031
0.403597 0.0524773
0.403595 0.0524784
0.40355 0.0506188
0.403462 0.0505687
0.403101 0.0526442
0.402936 0.0525491
0.402937 0.0527962
0.403025 0.0528482
0.403261 0.0494449
0.403353 0.0494962
0.403535 0.0511059
0.403623 0.0511489
0.403799 0.0431164
0.403886 0.043152
0.404016 0.052552
0.404146 0.0526162
0.404276 0.0413792
0.404406 0.0414409
0.404493 0.0421272
0.404667 0.0421942
0.404755 0.045196
0.404932 0.0452612
0.405066 0.0430274
0.405201 0.0430733
0.405293 0.0403769
0.405431 0.0404234
0.405571 0.0434404
0.40576 0.0435019
0.405858 0.0408395
0.406107 0.0409013
0.406157 0.0378764
0.406337 0.037915
0.406407 0.0400067
0.406422 0.0400116
0.406405 0.038611
0.406388 0.0386092
0.406371 0.0394805
0.406349 0.0394778
0.406338 0.0378601
0.406315 0.0378581
0.406304 0.037076
0.405803 0.0370225
0.405106 0.035927
0.404099 0.0358431
0.403901 0.0370674
0.403245 0.0369971
0.404566 0.040858
0.403924 0.0407663
0.403952 0.037244
0.403986 0.0372558
0.40145 0.0367256
0.402168 0.0368309
0.4016 0.038218
0.402409 0.0383296
0.401851 0.035802
0.402656 0.0359076
0.402774 0.0343564
0.402205 0.0343517
0.402994 0.0361708
0.403092 0.0362081
0.403181 0.033882
0.40322 0.0338926
0.403212 0.0319779
0.402559 0.031969
0.403188 0.0357103
0.402532 0.0356583
0.402715 0.0369294
0.399171 0.0366153
0.398362 0.0353046
0.392159 0.0354539
0.392611 0.032191
0.391921 0.0322272
0.391433 0.0352502
0.389044 0.0349813
0.390579 0.0351798
0.390349 0.0351756
0.392793 0.0353578
0.389841 0.0348671
0.392734 0.0352731
0.390017 0.0346866
0.393423 0.0348466
0.39078 0.034145
0.388249 0.0349094
0.391374 0.0355479
0.388838 0.0358308
0.392305 0.0363238
0.38991 0.0343823
0.39052 0.0344069
0.391176 0.0340616
0.394812 0.0348247
0.383868 0.0355777
0.387533 0.0363607
0.388489 0.0301459
0.389473 0.0301609
0.390278 0.0365564
0.391239 0.0365963
0.392329 0.0378684
0.390184 0.0370739
0.394673 0.0391775
0.392625 0.0382655
0.393892 0.0408949
0.395219 0.0409321
0.39989 0.0385779
0.40131 0.0386326
0.402659 0.0385274
0.403923 0.0384927
0.405415 0.0415707
0.406959 0.0416163
0.40855 0.0420578
0.410182 0.0420925
0.411832 0.039923
0.410306 0.0390212
0.415296 0.0413016
0.413856 0.0404743
0.415667 0.0365112
0.420289 0.0376465
0.42206 0.0387591
0.420627 0.0379328
0.425684 0.0403273
0.424259 0.0394019
0.424644 0.0385554
0.423116 0.0383991
0.42495 0.0347681
0.426808 0.034792
0.428691 0.0392121
0.430559 0.0392664
0.429305 0.0361253
0.434413 0.0361332
0.433255 0.0364543
0.43845 0.036389
0.437377 0.0382459
0.445714 0.0387296
0.444617 0.0397975
0.450001 0.0402318
0.448979 0.0405798
0.454354 0.0405329
0.453379 0.0340947
0.452549 0.0341859
0.457907 0.03551
0.463395 0.0359461
0.46259 0.0373419
0.467976 0.0377434
0.467228 0.0387873
0.466645 0.0387278
0.472146 0.0364705
0.474629 0.0365272
0.476778 0.0378979
0.478916 0.0378754
0.481555 0.0366894
0.481147 0.0365222
0.484045 0.0375551
0.486931 0.037608
0.492975 0.0334435
0.492741 0.03343
0.498971 0.0374287
0.50198 0.0374642
0.508275 0.0348557
0.508057 0.0342736
0.511153 0.0353833
0.514285 0.0354479
0.514303 0.0333552
0.520417 0.0334971
0.523635 0.0352006
0.526882 0.0352625
0.530144 0.0343361
0.533397 0.0343747
0.536676 0.0371811
0.543142 0.0381972
0.543339 0.0344655
0.549828 0.0351797
0.549958 0.0343339
0.553303 0.034377
0.556766 0.0303335
0.563332 0.0315377
0.563715 0.0385172
0.567199 0.0385711
0.570709 0.0311026
0.571311 0.0304724
0.577823 0.0378645
0.578483 0.037339
0.584783 0.036434
0.588436 0.036485
0.592107 0.0374422
0.592911 0.036775
0.596589 0.0368373
0.600289 0.0368825
0.609803 0.0395227
0.610607 0.0383648
0.611543 0.0365216
0.617975 0.0375772
0.621738 0.0386513
0.625581 0.0386922
0.629439 0.0355407
0.633277 0.0355928
0.637131 0.0409678
0.641008 0.0410274
0.642162 0.0410904
0.646095 0.0411445
0.650025 0.0401398
0.65651 0.0412007
0.660507 0.0423631
0.664518 0.0424421
0.665835 0.0388354
0.672526 0.0400282
0.676546 0.0411825
0.683347 0.042319
0.684657 0.0397168
0.691421 0.041013
0.692639 0.0410441
0.694106 0.0402201
0.700896 0.0390862
0.702438 0.038371
0.709193 0.042117
0.710755 0.0412799
0.717519 0.0440594
0.719134 0.0431573
0.725923 0.0422936
0.727548 0.0412846
0.734184 0.041821
0.738462 0.0418893
0.74275 0.0445816
0.747024 0.0446353
0.751301 0.0458504
0.755592 0.0459037
0.759904 0.0410203
0.761731 0.0405223
0.76855 0.0427532
0.772727 0.0427578
0.77711 0.0416443
0.781515 0.041719
0.785918 0.0405512
0.790311 0.0406336
0.797244 0.0473482
0.799133 0.0460014
0.803572 0.0430277
0.808017 0.0430987
0.81 0.045299
0.814345 0.0453132
0.818865 0.0412831
0.825803 0.0421988
0.830304 0.0428124
0.834812 0.0429049
0.839332 0.0411753
0.84387 0.0412509
0.848421 0.0431951
0.852941 0.0432703
0.855031 0.0442891
0.861975 0.0454959
0.864244 0.0449183
0.871207 0.0461844
0.875816 0.0446235
0.882836 0.0462804
0.885063 0.0434954
0.889709 0.0435888
0.894357 0.0465225
0.898881 0.0465265
0.903535 0.0491884
0.90595 0.0480214
0.912971 0.0466811
0.91539 0.0455544
0.922348 0.0478829
0.927005 0.0480325
0.929342 0.0502604
0.936311 0.0522319
0.938574 0.0499016
0.943023 0.0499497
0.947568 0.0532637
0.951772 0.0505863
0.953725 0.0520256
0.960559 0.0539137
0.958933 0.049103
0.965538 0.0510723
0.969577 0.0502983
0.97083 0.048927
0.977508 0.0502525
0.981301 0.0504509
0.984735 0.0469304
0.985335 0.0457565
0.988862 0.0440515
0.995445 0.0453878
0.99892 0.0437124
0.999099 0.0439991
1.00566 0.0429562
1.00881 0.0433874
1.01535 0.0410656
1.01487 0.0404601
1.01778 0.0407882
1.02058 0.0411919
1.01964 0.0401653
1.02209 0.040653
1.02459 0.0434546
1.03042 0.0427943
1.02907 0.0423571
1.03484 0.0416022
1.03692 0.0376047
1.03892 0.0379351
1.04084 0.0354196
1.04266 0.0357196
1.04432 0.0364323
1.04943 0.0352702
1.04685 0.0346794
1.04437 0.0368675
1.04922 0.0345923
1.04656 0.0368882
1.05124 0.0322108
1.0521 0.0323873
1.05275 0.0268655
1.04957 0.0279806
1.05368 0.0199186
1.05409 0.0200017
1.05449 0.0247285
1.05481 0.0248114
1.05154 0.0255347
1.05547 0.0243382
1.05216 0.0228054
1.05582 0.021376
1.05594 0.0253452
1.05612 0.0254312
1.05271 0.0245005
1.05289 0.0245947
1.05305 0.0219206
1.0532 0.0219793
1.05326 0.0223205
1.05686 0.0209598
1.05665 0.0222691
1.05657 0.0223681
1.05651 0.0224127
1.05645 0.022496
1.0564 0.0206505
1.05634 0.02075
1.05627 0.0233832
1.05616 0.0234372
1.05593 0.0215087
1.05201 0.0229069
1.05516 0.0189241
1.05487 0.0190149
1.05458 0.0124428
1.05078 0.0139376
1.05399 0.0172412
1.0502 0.0183109
1.05337 0.013648
1.05295 0.0137161
1.05233 0.0125657
1.05179 0.0126794
1.05126 0.0105971
1.05072 0.0106693
1.05019 0.01432
1.04965 0.0143958
1.04567 0.0170262
1.04511 0.0170885
1.0445 0.0155094
1.03618 0.0204464
1.03508 0.0196095
1.0308 0.0224591
1.03334 0.0136102
1.03602 0.0135402
1.03183 0.0123296
1.01688 0.0199633
1.01978 0.0170829
1.0159 0.0194298
1.0155 0.0186229
1.01495 0.0188281
1.0181 0.0207688
1.01803 0.0208006
1.02175 0.0186257
1.01839 0.0196649
1.01525 0.0223737
1.01937 0.0207761
1.0165 0.0223683
1.02069 0.0205094
1.01799 0.0247816
1.02262 0.0232308
1.0202 0.0210865
1.02501 0.0199323
1.02282 0.0250152
1.02793 0.0236543
1.02598 0.0281733
1.03128 0.0274552
1.03304 0.0227459
1.03489 0.0227384
1.03682 0.0225697
1.03523 0.0234095
1.03702 0.0275527
1.0391 0.027574
1.04479 0.0255972
1.04354 0.0258038
1.04932 0.0266058
1.05169 0.0266304
1.05773 0.0267265
1.0567 0.0264996
1.06286 0.0296541
1.06195 0.029304
1.06791 0.0283784
1.06716 0.0277284
1.0666 0.026901
1.06944 0.0268553
1.07235 0.0309158
1.07867 0.0309335
1.08175 0.0331229
1.08829 0.0337098
1.08811 0.0352204
1.08809 0.0338359
1.09425 0.0365728
1.09744 0.0366696
1.10056 0.0381364
1.10378 0.0382431
1.10704 0.0338413
1.11033 0.0339609
1.11366 0.0368847
1.11703 0.0370253
1.1204 0.0392747
1.12052 0.0376216
1.12689 0.0409085
1.13017 0.0409946
1.13672 0.0392513
1.13678 0.0373505
1.14014 0.0400405
1.1435 0.0402301
1.14685 0.0417743
1.15018 0.0419764
1.15015 0.0360089
1.15648 0.0376636
1.15638 0.0371191
1.15952 0.0373201
1.16586 0.035582
1.1724 0.0376825
1.17209 0.0377068
1.17865 0.0395876
1.17827 0.0357173
1.18454 0.0376923
1.18404 0.0391402
1.18699 0.0393074
1.18993 0.0403876
1.19282 0.0405556
1.19566 0.0405338
1.19511 0.0393397
1.20137 0.0373519
1.20076 0.0362818
1.21024 0.0434732
1.20942 0.042167
1.21567 0.0429216
1.2148 0.0415937
1.21748 0.0409446
1.22014 0.0411442
1.21925 0.0365412
1.22531 0.0379849
1.22436 0.0390896
1.23369 0.0418698
1.23254 0.04076
1.23036 0.038956
1.22916 0.0420796
1.23517 0.0436628
1.23401 0.0377006
1.24004 0.0393631
1.23889 0.0408925
1.2413 0.041021
1.24349 0.0417341
1.24246 0.0407592
1.24489 0.0399357
1.24736 0.0400838
1.24987 0.0408016
1.25242 0.0409414
1.25499 0.0408533
1.2494 0.0382261
1.25139 0.0434532
1.25337 0.0432865
1.2632 0.042601
1.26211 0.0407375
1.26518 0.0446515
1.2643 0.0433829
1.27147 0.0420143
1.27065 0.040738
1.27779 0.0459561
1.2808 0.0460736
1.28388 0.0476524
1.28704 0.0478351
1.28629 0.0454571
1.28953 0.0456421
1.29281 0.0433461
1.30005 0.045136
1.30332 0.0490035
1.30262 0.0474342
1.30964 0.0495485
1.30902 0.0477639
1.31623 0.0499404
1.31959 0.0501337
1.32298 0.0498555
1.32249 0.0481678
1.32975 0.0500849
1.33298 0.0501673
1.33629 0.0514413
1.33582 0.0496002
1.34309 0.0517594
1.3427 0.0501152
1.35004 0.0527327
1.35353 0.0529191
1.35701 0.0531398
1.36033 0.0532245
1.35995 0.0494641
1.36722 0.0515648
1.36694 0.0492488
1.37429 0.0515409
1.37408 0.0507714
1.37768 0.0509705
1.38502 0.0562067
1.38843 0.0562876
1.38817 0.0522586
1.3875 0.0501065
1.38711 0.051342
1.39044 0.0519258
1.39765 0.0526761
1.40093 0.0532156
1.40012 0.0518037
1.40298 0.0523764
1.4099 0.0524182
1.41282 0.0528929
1.41164 0.0476393
1.41445 0.0482255
1.41722 0.052721
1.41991 0.05331
1.42243 0.0480229
1.4288 0.0490133
1.43117 0.0475501
1.43353 0.0480277
1.43585 0.0521515
1.44251 0.0530121
1.44029 0.0494018
1.44231 0.0498953
1.44428 0.0530091
1.44187 0.0539527
1.44775 0.0507847
1.44944 0.0512627
1.45113 0.0498143
1.4484 0.0510104
1.45417 0.0528382
1.45123 0.0540841
1.47322 0.0490669
1.4701 0.0486136
1.47139 0.0515715
1.47241 0.0517818
1.47342 0.0467824
1.4743 0.0470313
1.47084 0.049397
1.46358 0.0510893
1.46426 0.0489148
1.46055 0.050541
1.46545 0.0470425
1.4829 0.0452974
1.47866 0.0499334
1.47881 0.0501445
1.47895 0.0460225
1.47481 0.0469821
1.47907 0.0452365
1.46618 0.0499502
1.46603 0.0448961
1.47858 0.0407424
1.46527 0.0464376
1.47765 0.0424573
1.46406 0.046794
1.45936 0.0493649
1.46276 0.0385784
1.45798 0.04044
1.46504 0.0348033
1.45992 0.0361711
1.46273 0.0322417
1.45748 0.0341024
1.45608 0.0337893
1.45445 0.0339264
1.44912 0.0367208
1.45075 0.0347321
1.44528 0.036087
1.44668 0.0334005
1.4445 0.0306054
1.44222 0.0305908
1.43982 0.0301949
1.43726 0.0302053
1.43147 0.0313548
1.42871 0.031459
1.42588 0.0306741
1.42572 0.0271427
1.41994 0.0288837
1.41941 0.025064
1.41358 0.0265841
1.41255 0.0225631
1.39869 0.0244298
1.39744 0.0200856
1.39154 0.0244399
1.38563 0.0287384
1.38374 0.0197753
1.36821 0.0365666
1.36614 0.0210631
1.36214 0.0211294
1.35817 0.0194765
1.35422 0.0195281
1.35026 0.0192644
1.3443 0.0236852
1.34221 0.0201646
1.3363 0.0243972
1.33621 0.0164467
1.33024 0.0205236
1.32831 0.0178359
1.32234 0.0217104
1.31839 0.0178605
1.31436 0.0181125
1.30841 0.0243402
1.3064 0.0208442
1.30044 0.0225972
1.29846 0.0189729
1.29453 0.0203963
1.28858 0.0241874
1.28668 0.0180578
1.28267 0.0183193
1.27871 0.0189628
1.27475 0.0191347
1.2708 0.0176243
1.2648 0.0214343
1.26088 0.0236253
1.25698 0.0237594
1.25309 0.0203163
1.24909 0.0206111
1.24516 0.0225556
1.24123 0.0226998
1.2394 0.0203907
1.2355 0.0205865
1.23385 0.0172813
1.22777 0.0206399
1.22175 0.0214513
1.21994 0.018915
1.21606 0.0189562
1.21216 0.019194
1.20828 0.0185837
1.20441 0.0188168
1.20058 0.0186097
1.19677 0.0188095
1.19293 0.0199047
1.18902 0.0201881
1.18294 0.0189127
1.18133 0.0161436
1.17523 0.0229019
1.17367 0.0205124
1.16759 0.0222223
1.16613 0.0199579
1.16233 0.0185581
1.16087 0.017091
1.15469 0.019851
1.15089 0.0201216
1.1471 0.0203452
1.14099 0.0229048
1.13961 0.0227626
1.13352 0.0255188
1.13217 0.0241227
1.12837 0.0243994
1.12465 0.0229344
1.11851 0.0251139
1.11719 0.0191614
1.11349 0.019413
1.10983 0.0215491
1.1062 0.0218188
1.10008 0.0200842
1.09879 0.0184476
1.09514 0.0220779
1.09148 0.0223398
1.08783 0.0186159
1.08421 0.0188833
1.07808 0.0249534
1.07451 0.0252033
1.07094 0.0239376
1.06983 0.0232782
1.06626 0.0213904
1.06535 0.0208249
1.05912 0.0217431
1.04155 0.0306975
1.0407 0.0288118
1.03471 0.031564
1.03394 0.0270894
1.02795 0.028629
1.027 0.0188002
1.02342 0.0190661
1.01746 0.0278482
1.01616 0.0268252
1.01246 0.023694
1.00872 0.0238786
1.00281 0.0250767
1.00102 0.0237012
0.996925 0.0203998
0.99286 0.0206272
0.986919 0.0242693
0.984601 0.0226681
0.980409 0.0194443
0.974529 0.0219312
0.97187 0.0180611
0.969021 0.0171137
0.963078 0.0143257
0.95991 0.0128655
0.953999 0.00976243
0.948218 0.0131762
0.944796 0.0146108
0.94012 0.0147828
0.935383 0.015684
0.92332 0.023459
0.918837 0.0235671
0.91437 0.0237595
0.909811 0.0215987
0.904783 0.0255317
0.900238 0.0241246
0.89565 0.0243165
0.891084 0.0192998
0.886324 0.0191971
0.881536 0.0197117
0.876718 0.0194805
0.871872 0.0187199
0.867597 0.0228605
0.86289 0.0243537
0.858149 0.0242478
0.852427 0.0191041
0.847535 0.0189086
0.841337 0.0158225
0.837727 0.0197229
0.831362 0.0105917
0.828077 0.0147506
0.823278 0.0119099
0.818521 0.0113925
0.815755 0.0206873
0.811148 0.0200901
0.806568 0.019557
0.799804 0.015072
0.797696 0.0159273
0.790744 0.011612
0.786278 0.0148087
0.781858 0.0140698
0.777497 0.0138909
0.765591 0.0152677
0.76413 0.0146832
0.756438 0.0166571
0.755346 0.0141754
0.760698 0.0167679
0.746859 0.0156697
0.753335 0.015733
0.742401 0.0161866
0.738699 0.0157961
0.731329 0.0204293
0.731757 0.0175721
0.724617 0.0216067
0.73041 0.0168724
0.723345 0.0240064
0.734702 0.013436
0.746584 0.0164546
0.740212 0.0149401
0.733748 0.0172335
0.735824 0.0161478
0.729581 0.0176492
0.731709 0.0161438
0.72533 0.0149244
0.727612 0.0133215
0.725597 0.0160691
0.723596 0.0157849
0.725781 0.0145357
0.719632 0.014913
0.717865 0.0144519
0.715941 0.0142082
0.714049 0.0146831
0.716452 0.0125184
0.710482 0.0140786
0.712916 0.0127605
0.706925 0.0188046
0.705183 0.0185637
0.703644 0.0130084
0.706192 0.0109361
0.70029 0.0115884
0.702973 0.00972452
0.697198 0.014276
0.699907 0.0102847
0.694119 0.0142045
0.696877 0.0108799
0.691327 0.013524
0.68988 0.0133463
0.688473 0.0120804
0.687192 0.01186
0.685889 0.0119738
0.684601 0.011844
0.687608 0.0066841
0.686361 0.00651572
0.685299 0.0127238
0.679869 0.0159482
0.683017 0.0146223
0.673314 0.0220447
0.676688 0.0137689
0.67996 0.00973688
0.674668 0.0159926
0.673707 0.0158178
0.672953 0.014706
0.672052 0.014607
0.671198 0.0168642
0.670473 0.0167387
0.669728 0.0118983
0.673283 0.00773529
0.672572 0.00839257
0.671887 0.00837036
0.667148 0.0125072
0.670823 0.00835348
0.665988 0.0196114
0.669816 0.0152951
0.660727 0.0248769
0.664686 0.0204692
0.659877 0.0231728
0.663906 0.0187415
0.667967 0.0140049
0.650852 0.0312504
0.639193 0.0308327
0.632657 0.0374623
0.630058 0.0339248
0.627848 0.0362002
0.627823 0.0343823
0.627801 0.0344053
0.627791 0.0335716
0.627782 0.0335806
0.627767 0.0297448
0.627754 0.0297585
0.627747 0.0330724
0.627738 0.0330817
0.62773 0.0306569
0.627721 0.0306658
0.627712 0.0309882
0.627707 0.0309941
0.627695 0.031134
0.62769 0.0311398
0.627679 0.0307016
0.627674 0.0307072
0.627663 0.0273088
0.627658 0.0273143
0.627647 0.0295286
0.62764 0.0295365
0.62763 0.0277783
0.627625 0.0277834
0.627618 0.0292143
0.62761 0.0292218
0.627606 0.0294641
0.627596 0.0294738
0.627589 0.033138
0.62758 0.0331475
0.627576 0.0281059
0.627569 0.0281129
0.627563 0.0327087
0.627556 0.0327154
0.627556 0.0327154
0.627556 0.0327154
0.627556 0.0327154
0.627556 0.0327154
0.627556 0.0327154
0.627556 0.0327154
0.627556 0.0327154
0.627556 0.0327154
0.627556 0.0327154
0.627556 0.0327154
0.627556 0.0327154
0.627556 0.0327154
0.627556 0.0327154
0.627556 0.0327154
0.627556 0.0327154
0.627556 0.0327154
0.627556 0.0327154
0.627556 0.0327154
0.627556 0.0327154
