0 0
0 0
0 0
0 0
0 0
0 0
0 0
0 0
0 0
0 0
0 0
0 0
0 0
0 0
0 0
0 0
0 0
0 0
0 0
0 0
0 0
0 0
0 0
0 0
0 0
0 0
0 0
0 0
0 0
0 0
0 0
0 0
-0.000763619 8.0588e-05
-0.000774162 8.17412e-05
-0.000784636 8.28931e-05
-0.000791511 8.36527e-05
-0.000801871 8.48025e-05
-0.000812164 8.59511e-05
-0.000819021 8.672e-05
-0.000832544 8.82446e-05
-0.000842635 8.9389e-05
-0.00085266 9.0532e-05
-0.00086262 9.16734e-05
-0.000872516 9.28132e-05
-0.000882348 9.39515e-05
-0.000888899 9.47133e-05
-0.000901818 9.62237e-05
-0.000911458 9.73575e-05
-0.000891873 8.73058e-05
-0.000777879 8.99784e-05
0.000224709 7.88615e-05
0.00318262 1.39621e-05
0.00512058 -3.3162e-05
0.00708572 -8.05913e-05
0.0109862 -0.00017437
0.0139211 -0.000244232
0.0168592 -0.000313554
0.0188299 -0.000359897
0.0227505 -0.000451793
0.0258532 -0.000524369
0.0281732 -0.000578782
0.0334389 -0.00070292
0.0374227 -0.000796956
0.0414167 -0.000891475
0.0440983 -0.000955142
0.049435 -0.00108251
0.0534593 -0.0011793
0.0574935 -0.00127712
0.0605228 -0.00135135
0.0670634 -0.00151379
0.0738481 -0.00168553
0.0771914 -0.00177133
0.0822506 -0.00190198
0.0872953 -0.00203374
0.0923241 -0.00216293
0.0972657 -0.00228753
0.100412 -0.00238318
0.106806 -0.00256567
0.110111 -0.00266641
0.115043 -0.00281618
0.119978 -0.00296505
0.124922 -0.00311377
0.129876 -0.0032625
0.134843 -0.00341141
0.139822 -0.00356076
0.146465 -0.00376045
0.149819 -0.00386165
0.154837 -0.00401362
0.161529 -0.00421778
0.166575 -0.00437308
0.171631 -0.00453015
0.176694 -0.00468919
0.180087 -0.00479681
0.185146 -0.0049581
0.190191 -0.00512031
0.19522 -0.00528029
0.200174 -0.00543611
0.206458 -0.00565355
0.211275 -0.00583004
0.214579 -0.00595276
0.221138 -0.00619621
0.224446 -0.00631844
0.231025 -0.0065612
0.235986 -0.00674393
0.240959 -0.00692709
0.245945 -0.00711091
0.250944 -0.00729561
0.257662 -0.00754485
0.260979 -0.00766848
0.267729 -0.00792156
0.271062 -0.00804733
0.276119 -0.00823952
0.281182 -0.00843371
0.284574 -0.00856473
0.291293 -0.00882555
0.294667 -0.00895778
0.299689 -0.00914992
0.304571 -0.00933928
0.310826 -0.00959995
0.314041 -0.009743
0.317344 -0.00989075
0.323901 -0.0101832
0.330469 -0.0104749
0.333796 -0.010625
0.340476 -0.0109569
0.345563 -0.0112683
0.349001 -0.0115217
0.355866 -0.0121628
0.361032 -0.0127681
0.366197 -0.0134801
0.369655 -0.0140169
0.376502 -0.0152235
0.38162 -0.0162508
0.386696 -0.0173764
0.391582 -0.0185503
0.39651 -0.0198354
0.40148 -0.0212315
0.406422 -0.0227228
0.40972 -0.0237759
0.416232 -0.0259951
0.419494 -0.0271779
0.425928 -0.029655
0.429146 -0.0309679
0.435476 -0.0336973
0.439979 -0.0357712
0.444023 -0.0377667
0.44665 -0.0391496
0.451946 -0.0421306
0.454853 -0.04384
0.460585 -0.047274
0.464779 -0.0497924
0.468819 -0.0522091
0.471645 -0.0538939
0.477296 -0.0572618
0.48155 -0.0597947
0.487262 -0.063192
0.490082 -0.0648675
0.492949 -0.0665702
0.498657 -0.0699564
0.502961 -0.072508
0.507277 -0.0750645
0.510174 -0.07678
0.515936 -0.0801911
0.518842 -0.0819109
0.52318 -0.0844785
0.527514 -0.0870452
0.533098 -0.0903578
0.535695 -0.0919156
0.541071 -0.0951937
0.545327 -0.0978044
0.549768 -0.100529
0.554487 -0.103413
0.559592 -0.106484
0.563525 -0.10883
0.571467 -0.113563
0.577453 -0.117125
0.583454 -0.120693
0.589471 -0.124268
0.593511 -0.126667
0.601551 -0.131439
0.605607 -0.133845
0.613658 -0.138624
0.617698 -0.141021
0.625354 -0.1456
0.631273 -0.149184
0.637245 -0.152804
0.641191 -0.155195
0.649004 -0.15992
0.652987 -0.162326
0.658939 -0.16592
0.664902 -0.169517
0.672857 -0.17431
0.676875 -0.176729
0.682885 -0.180346
0.688909 -0.183969
0.696933 -0.188795
0.700975 -0.191226
0.708876 -0.195984
0.712678 -0.198292
0.72253 -0.204337
0.726453 -0.206745
0.734256 -0.21153
0.738167 -0.213924
0.746111 -0.218784
0.75003 -0.22118
0.758006 -0.226051
0.761945 -0.228455
0.767927 -0.232102
0.773924 -0.235757
0.777948 -0.238209
0.785945 -0.243081
0.791953 -0.246742
0.795907 -0.249154
0.803494 -0.253833
0.807471 -0.256306
0.815343 -0.261202
0.819198 -0.263597
0.827023 -0.268449
0.83098 -0.270902
0.838848 -0.275774
0.842821 -0.278231
0.850728 -0.283118
0.856692 -0.286801
0.86267 -0.290492
0.868659 -0.294188
0.874652 -0.297885
0.880633 -0.301577
0.886386 -0.305142
0.890194 -0.307525
0.898043 -0.312468
0.901996 -0.314956
0.909683 -0.31979
0.915567 -0.323482
0.919511 -0.325956
0.927355 -0.330872
0.931316 -0.333353
0.9392 -0.338285
0.943182 -0.340775
0.951107 -0.345726
0.955106 -0.348225
0.963048 -0.353187
0.968996 -0.356904
0.976604 -0.361695
0.980457 -0.364148
0.984404 -0.366665
0.990274 -0.370405
0.99601 -0.374055
1.00381 -0.379011
1.00774 -0.381507
1.01757 -0.387737
1.02146 -0.390204
1.02939 -0.395222
1.0333 -0.397699
1.04127 -0.402736
1.04519 -0.40522
1.05316 -0.410262
1.05705 -0.412718
1.06268 -0.416307
1.06848 -0.420048
1.07241 -0.422585
1.08011 -0.427543
1.08397 -0.430031
1.09373 -0.436304
1.0976 -0.438785
1.10359 -0.442628
1.11001 -0.446749
1.11675 -0.451067
1.12351 -0.455394
1.13028 -0.459727
1.13705 -0.464063
1.14158 -0.466962
1.15027 -0.472555
1.15694 -0.47689
1.16362 -0.481233
1.17018 -0.485495
1.17911 -0.491291
1.18352 -0.494147
1.1902 -0.498478
1.19691 -0.502817
1.20141 -0.505729
1.21037 -0.51152
1.2149 -0.514452
1.22623 -0.521887
1.23067 -0.524868
1.23928 -0.530826
1.24358 -0.533897
1.24792 -0.537034
1.25429 -0.541712
1.2607 -0.546518
1.26709 -0.551398
1.27344 -0.556351
1.28184 -0.563054
1.28604 -0.566482
1.29435 -0.573386
1.29851 -0.576914
1.3067 -0.584014
1.31079 -0.58763
1.31485 -0.591268
1.32453 -0.600147
1.32829 -0.603684
1.33592 -0.611053
1.34357 -0.618626
1.34731 -0.622403
1.35109 -0.626269
1.35669 -0.632098
1.36224 -0.638
1.36775 -0.643974
1.3732 -0.650016
1.38036 -0.658139
1.38392 -0.662257
1.39073 -0.670281
1.39419 -0.674412
1.39929 -0.68062
1.40421 -0.686726
1.41073 -0.695069
1.41401 -0.699357
1.42208 -0.710172
1.42522 -0.714497
1.43153 -0.723364
1.43459 -0.727768
1.4407 -0.736759
1.44364 -0.741161
1.44651 -0.745525
1.45232 -0.754493
1.45522 -0.75906
1.46089 -0.768185
1.46508 -0.775089
1.46912 -0.78191
1.47311 -0.788842
1.47707 -0.795899
1.48095 -0.80301
1.48477 -0.810166
1.4885 -0.817351
1.4921 -0.824442
1.49443 -0.829112
1.49913 -0.838715
1.50146 -0.84359
1.506 -0.853333
1.50934 -0.860715
1.51154 -0.865684
1.51582 -0.875598
1.51792 -0.880606
1.52192 -0.890465
1.52583 -0.900572
1.52771 -0.905558
1.53041 -0.912928
1.53308 -0.920366
1.53486 -0.925442
1.5383 -0.935581
1.53998 -0.940717
1.54324 -0.95097
1.54484 -0.956165
1.54791 -0.966532
1.54941 -0.971781
1.55228 -0.982233
1.55367 -0.987505
1.55628 -0.997861
1.5581 -1.00541
1.56049 -1.0158
1.56163 -1.02097
1.56383 -1.03159
1.56483 -1.03688
1.56664 -1.04768
1.56743 -1.05303
1.56816 -1.05848
1.56939 -1.06936
1.5699 -1.07485
1.57068 -1.08575
1.57109 -1.09368
1.57136 -1.10176
1.57145 -1.10722
1.57148 -1.11268
1.57132 -1.12348
1.57087 -1.13431
1.57034 -1.14247
1.56935 -1.1534
1.56876 -1.15879
1.56732 -1.16968
1.56652 -1.17499
1.56519 -1.18293
1.56368 -1.19093
1.56259 -1.19628
1.5602 -1.20688
1.55889 -1.2122
1.55532 -1.22543
1.55378 -1.23063
1.55215 -1.23589
1.54872 -1.24621
1.54696 -1.25113
1.54318 -1.26089
1.54009 -1.2683
1.53683 -1.27572
1.53341 -1.28309
1.52985 -1.29041
1.52737 -1.29529
1.52224 -1.30488
1.51821 -1.31203
1.51256 -1.3215
1.50969 -1.32611
1.50521 -1.33301
1.50066 -1.33976
1.49601 -1.34637
1.4912 -1.35295
1.48791 -1.35729
1.48139 -1.36554
1.47803 -1.36958
1.47093 -1.37775
1.46725 -1.38181
1.45977 -1.38973
1.45399 -1.39556
1.4461 -1.40315
1.44224 -1.40673
1.43414 -1.41394
1.43006 -1.41744
1.42162 -1.4244
1.41739 -1.42776
1.41088 -1.43274
1.40426 -1.43761
1.39754 -1.44235
1.39073 -1.44695
1.38618 -1.44991
1.37942 -1.45411
1.37252 -1.4582
1.36326 -1.46343
1.3561 -1.46726
1.34886 -1.47096
1.34153 -1.47451
1.3341 -1.47794
1.32659 -1.48122
1.31899 -1.48435
1.31386 -1.48637
1.30359 -1.49017
1.29585 -1.49283
1.28832 -1.49527
1.28054 -1.49764
1.27003 -1.50058
1.26488 -1.50192
1.2543 -1.50442
1.24904 -1.50555
1.23828 -1.50764
1.23295 -1.50856
1.22484 -1.50981
1.21672 -1.5109
1.206 -1.51208
1.2008 -1.51257
1.18992 -1.51337
1.18454 -1.51366
1.17638 -1.51397
1.16818 -1.51413
1.15997 -1.51412
1.15175 -1.51395
1.14624 -1.51374
1.13544 -1.51315
1.13005 -1.51278
1.1194 -1.51197
1.11144 -1.51133
1.10353 -1.5107
1.0956 -1.51007
1.08766 -1.50944
1.07971 -1.50882
1.06901 -1.50797
1.06373 -1.50756
1.05572 -1.50693
1.04769 -1.5063
1.04231 -1.50588
1.03174 -1.50504
1.02411 -1.5044
1.01619 -1.50372
1.00829 -1.50303
1.00298 -1.50256
0.992452 -1.50164
0.984519 -1.50095
0.976566 -1.50027
0.971226 -1.4998
0.960117 -1.49884
0.953951 -1.49831
0.94099 -1.49719
0.931002 -1.49632
0.921304 -1.49545
0.911397 -1.49454
0.901505 -1.49362
0.891601 -1.4927
0.878304 -1.49147
0.871739 -1.49087
0.858377 -1.48964
0.85178 -1.48903
0.841771 -1.48811
0.831766 -1.48719
0.82515 -1.48657
0.815443 -1.48564
0.805532 -1.48467
0.795632 -1.4837
0.78573 -1.48273
0.77253 -1.48144
0.762577 -1.48047
0.752599 -1.4795
0.745901 -1.47885
0.732595 -1.47755
0.72591 -1.4769
0.71298 -1.4756
0.706326 -1.47492
0.693181 -1.47356
0.686552 -1.47287
0.67337 -1.47151
0.663431 -1.47049
0.653467 -1.46947
0.64348 -1.46844
0.63348 -1.46741
0.623496 -1.46639
0.61379 -1.46537
0.603923 -1.4643
0.590687 -1.46286
0.584161 -1.46215
0.57753 -1.46143
0.564336 -1.46
0.557672 -1.45928
0.544413 -1.45785
0.534421 -1.45678
0.52443 -1.45569
0.517793 -1.45497
0.504856 -1.45353
0.494972 -1.4524
0.485093 -1.45127
0.478469 -1.45052
0.465295 -1.44902
0.458641 -1.44826
0.445401 -1.44676
0.432024 -1.44525
0.425431 -1.4445
0.415495 -1.44337
0.405833 -1.44225
0.3992 -1.44146
0.386079 -1.43989
0.379463 -1.4391
0.366307 -1.43753
0.356388 -1.43636
0.346444 -1.43518
0.336476 -1.43399
0.329788 -1.4332
0.316521 -1.43162
0.309969 -1.43084
0.296978 -1.42924
0.290378 -1.42842
0.277252 -1.42678
0.270634 -1.42596
0.257467 -1.42432
0.247538 -1.42309
0.237585 -1.42186
0.227612 -1.42063
0.217638 -1.41939
0.207792 -1.41816
0.201339 -1.41734
0.18823 -1.41564
0.178367 -1.41436
0.168499 -1.41308
0.15861 -1.4118
0.148697 -1.41052
0.13876 -1.40923
0.128799 -1.40795
0.122119 -1.40709
0.108891 -1.40537
0.102425 -1.40453
0.0893939 -1.40277
0.0827993 -1.40188
0.0696906 -1.40011
0.0598174 -1.39878
0.0499203 -1.39745
0.0432752 -1.39656
0.0300522 -1.39478
0.0200896 -1.39344
0.00676714 -1.39165
0.000393309 -1.39078
-0.0127154 -1.38895
-0.0192055 -1.38804
-0.0290524 -1.38665
-0.0389114 -1.38527
-0.0487922 -1.38389
-0.0586703 -1.38252
-0.0685359 -1.38121
-0.0784174 -1.37999
-0.0850465 -1.37923
-0.0980358 -1.37786
-0.104508 -1.37721
-0.117667 -1.37602
-0.124246 -1.37549
-0.137334 -1.37456
-0.143938 -1.37415
-0.160462 -1.37335
-0.167036 -1.37309
-0.177055 -1.37272
-0.18707 -1.37234
-0.193656 -1.37209
-0.206746 -1.37154
-0.216739 -1.3711
-0.230094 -1.3705
-0.236662 -1.37021
-0.246615 -1.36977
-0.256584 -1.36933
-0.263276 -1.36904
-0.276589 -1.36847
-0.286607 -1.36804
-0.299793 -1.36746
-0.306275 -1.36715
-0.312973 -1.36682
-0.326259 -1.36616
-0.332917 -1.36582
-0.346149 -1.36516
-0.35282 -1.36483
-0.36609 -1.36417
-0.376094 -1.36369
-0.386109 -1.3632
-0.396101 -1.36272
-0.409177 -1.36204
-0.415774 -1.36167
-0.429156 -1.36093
-0.435712 -1.36057
-0.442377 -1.3602
-0.455609 -1.35946
-0.462286 -1.35909
-0.475571 -1.35837
-0.482277 -1.35801
-0.495592 -1.35729
-0.502209 -1.35693
-0.515247 -1.35616
-0.525231 -1.35555
-0.538575 -1.35473
-0.545139 -1.35433
-0.555082 -1.35372
-0.56504 -1.35312
-0.575022 -1.35252
-0.585024 -1.35192
-0.591731 -1.35152
-0.604962 -1.35073
-0.611443 -1.35032
-0.621378 -1.34967
-0.634651 -1.34879
-0.647963 -1.34789
-0.654522 -1.34746
-0.661185 -1.34701
-0.671147 -1.34635
-0.681132 -1.3457
-0.694437 -1.34483
-0.70114 -1.34439
-0.714153 -1.34352
-0.724071 -1.34281
-0.734047 -1.34209
-0.743989 -1.34137
-0.750647 -1.34089
-0.763863 -1.33994
-0.77382 -1.33922
-0.7838 -1.33851
-0.790498 -1.33803
-0.803801 -1.33709
-0.810443 -1.33662
-0.820145 -1.3359
-0.830115 -1.33512
-0.843369 -1.33409
-0.850014 -1.33357
-0.863219 -1.33254
-0.873164 -1.33177
-0.883132 -1.331
-0.893121 -1.33023
-0.906518 -1.32921
-0.913068 -1.32871
-0.926141 -1.32765
-0.932722 -1.32711
-0.939399 -1.32655
-0.952612 -1.32544
-0.95926 -1.32489
-0.972469 -1.32378
-0.982424 -1.32296
-0.992401 -1.32214
-1.00239 -1.32132
-1.01574 -1.32022
-1.02212 -1.31968
-1.03199 -1.31881
-1.04196 -1.31793
-1.05189 -1.31704
-1.06181 -1.31615
-1.06846 -1.31556
-1.08167 -1.31439
-1.08835 -1.3138
-1.10502 -1.31233
-1.11161 -1.31175
-1.12147 -1.31088
-1.13122 -1.30998
-1.1379 -1.30936
-1.14785 -1.30841
-1.15777 -1.30747
-1.16768 -1.30653
-1.18088 -1.30529
-1.19084 -1.30435
-1.19752 -1.30373
-1.21079 -1.30249
-1.22075 -1.30156
-1.23043 -1.30063
-1.24036 -1.29964
-1.24702 -1.29897
-1.26022 -1.29765
-1.26686 -1.29698
-1.28008 -1.29563
-1.2901 -1.29454
-1.30013 -1.29334
-1.31016 -1.29205
-1.3202 -1.29065
-1.32689 -1.28966
-1.33979 -1.28758
-1.34643 -1.28641
-1.35304 -1.28521
-1.36937 -1.28203
-1.37596 -1.28067
-1.38905 -1.27783
-1.39565 -1.27634
-1.40874 -1.27323
-1.41534 -1.2716
-1.42517 -1.26907
-1.43495 -1.26645
-1.44447 -1.26379
-1.4539 -1.26102
-1.46663 -1.25709
-1.47304 -1.25505
-1.48263 -1.25188
-1.4954 -1.24737
-1.5018 -1.24496
-1.51443 -1.23991
-1.52075 -1.23724
-1.53313 -1.2317
-1.54536 -1.22586
-1.55131 -1.22287
-1.56 -1.21831
-1.56879 -1.21342
-1.57757 -1.2083
-1.58626 -1.20299
-1.59486 -1.19749
-1.60334 -1.19181
-1.60895 -1.18793
-1.61776 -1.18149
-1.62073 -1.17905
-1.62539 -1.17473
-1.62792 -1.17212
-1.63013 -1.16965
-1.63075 -1.16891
-1.63116 -1.16843
-1.63116 -1.16843
-1.63116 -1.16844
-1.63117 -1.16844
-1.63117 -1.16844
-1.63117 -1.16844
-1.63117 -1.16845
-1.63117 -1.16845
-1.63117 -1.16845
-1.63117 -1.16846
-1.63117 -1.16846
-1.63118 -1.16846
-1.63118 -1.16846
-1.63114 -1.1685
-1.63109 -1.16857
-1.63085 -1.16887
-1.63074 -1.16901
-1.63074 -1.16901
-1.6308 -1.16894
-1.63095 -1.16874
-1.63101 -1.16866
-1.63112 -1.16851
-1.63117 -1.16843
-1.63127 -1.16828
-1.63132 -1.1682
-1.63139 -1.16809
-1.63145 -1.16797
-1.63152 -1.16786
-1.63158 -1.16774
-1.63162 -1.16766
-1.6317 -1.16751
-1.63174 -1.16743
-1.63181 -1.16726
-1.63186 -1.16714
-1.63191 -1.16701
-1.63194 -1.16693
-1.63198 -1.1668
-1.63203 -1.16666
-1.63208 -1.16648
-1.63211 -1.16639
-1.63217 -1.16615
-1.63218 -1.1661
-1.63222 -1.16592
-1.63223 -1.16585
-1.63224 -1.16584
-1.63223 -1.16585
-1.63223 -1.16587
-1.63223 -1.16589
-1.63223 -1.16591
-1.63223 -1.16592
-1.63223 -1.16595
-1.63223 -1.16596
-1.63223 -1.16597
-1.63226 -1.1657
-1.63233 -1.16526
-1.63257 -1.16351
-1.63275 -1.16222
-1.6332 -1.15895
-1.63338 -1.15765
-1.63365 -1.15568
-1.63392 -1.15371
-1.63411 -1.15238
-1.63447 -1.14972
-1.63465 -1.14835
-1.63499 -1.14558
-1.63514 -1.14417
-1.63542 -1.14138
-1.63561 -1.13928
-1.63572 -1.13787
-1.63591 -1.13506
-1.63603 -1.13295
-1.63612 -1.13084
-1.6362 -1.12878
-1.63626 -1.12676
-1.63631 -1.12542
-1.63639 -1.12275
-1.63643 -1.12141
-1.63653 -1.11871
-1.63661 -1.11632
-1.63672 -1.11365
-1.63681 -1.11151
-1.63706 -1.10607
-1.63728 -1.10131
-1.63754 -1.09587
-1.63773 -1.09189
-1.63815 -1.08345
-1.6385 -1.07634
-1.63902 -1.06606
-1.63928 -1.06078
-1.63982 -1.04914
-1.64009 -1.0432
-1.64063 -1.03112
-1.64089 -1.02518
-1.64116 -1.01915
-1.64169 -1.00749
-1.64198 -1.00154
-1.64256 -0.989614
-1.64286 -0.983598
-1.64331 -0.974611
-1.64377 -0.965616
-1.64437 -0.95368
-1.64468 -0.947658
-1.64531 -0.934896
-1.64579 -0.924886
-1.64627 -0.914891
-1.64676 -0.905121
-1.64727 -0.895241
-1.64779 -0.885275
-1.64815 -0.87859
-1.64886 -0.865307
-1.64923 -0.858615
-1.64977 -0.848644
-1.6503 -0.838654
-1.651 -0.825346
-1.65152 -0.815344
-1.65203 -0.805453
-1.65257 -0.795686
-1.65313 -0.785728
-1.65369 -0.775755
-1.65426 -0.765772
-1.65484 -0.755784
-1.65542 -0.745816
-1.6558 -0.739126
-1.65655 -0.725827
-1.65692 -0.719122
-1.65745 -0.709087
-1.65806 -0.69615
-1.65844 -0.686124
-1.65865 -0.679379
-1.65893 -0.665959
-1.65901 -0.659189
-1.65902 -0.642324
-1.65895 -0.635708
-1.6588 -0.625681
-1.65864 -0.615665
-1.65848 -0.605658
-1.65831 -0.595699
-1.65821 -0.589022
-1.658 -0.575754
-1.6579 -0.569057
-1.6577 -0.55574
-1.6576 -0.549031
-1.65734 -0.532455
-1.65723 -0.525847
-1.65698 -0.512431
-1.65685 -0.505825
-1.6566 -0.492463
-1.65647 -0.485887
-1.65635 -0.479207
-1.65611 -0.465923
-1.65587 -0.452507
-1.65576 -0.445898
-1.65552 -0.432631
-1.65538 -0.426047
-1.65524 -0.419338
-1.65495 -0.406027
-1.65472 -0.396033
-1.6545 -0.386073
-1.65428 -0.375797
-1.65405 -0.364998
-1.65389 -0.357626
-1.65367 -0.346612
-1.65344 -0.335639
-1.65311 -0.32116
-1.65292 -0.313783
-1.65255 -0.299143
-1.65226 -0.28817
-1.65189 -0.273479
-1.65171 -0.266234
-1.65144 -0.255238
-1.65117 -0.244225
-1.65099 -0.236849
-1.65062 -0.222443
-1.65031 -0.211442
-1.64998 -0.200438
-1.64965 -0.189443
-1.64933 -0.178486
-1.649 -0.16752
-1.64858 -0.152794
-1.64837 -0.145528
-1.64796 -0.130785
-1.64775 -0.123682
-1.64739 -0.112784
-1.64702 -0.101778
-1.64651 -0.0870424
-1.64626 -0.0798147
-1.64589 -0.0688549
-1.64552 -0.0578806
-1.64527 -0.0505149
-1.64479 -0.0358728
-1.64455 -0.0285028
-1.64404 -0.0141605
-1.64362 -0.00315825
-1.64319 0.00784187
-1.6429 0.0152102
-1.64247 0.0261614
-1.64204 0.0371212
-1.64133 0.0554669
-1.64106 0.0627321
-1.64078 0.0701077
-1.64023 0.0845202
-1.63976 0.0954446
-1.63928 0.106444
-1.63879 0.117442
-1.63831 0.128392
-1.63783 0.139349
-1.63735 0.150323
-1.63703 0.157688
-1.63656 0.168694
-1.6361 0.179682
-1.63545 0.19403
-1.63491 0.205028
-1.63438 0.216024
-1.63402 0.223378
-1.6333 0.237941
-1.63277 0.248903
-1.63207 0.263627
-1.63172 0.27089
-1.63103 0.28557
-1.63067 0.292631
-1.63029 0.299959
-1.62951 0.314581
-1.62911 0.321948
-1.62833 0.336511
-1.62793 0.343848
-1.62716 0.358436
-1.62677 0.3658
-1.62601 0.380431
-1.62563 0.387762
-1.62483 0.402126
-1.62419 0.413118
-1.62355 0.424109
-1.6229 0.43506
-1.62226 0.446006
-1.62162 0.456965
-1.62099 0.467948
-1.62057 0.475316
-1.61974 0.489921
-1.6191 0.500648
-1.61842 0.511623
-1.61772 0.522609
-1.61702 0.533577
-1.61633 0.544519
-1.61541 0.559194
-1.61495 0.566437
-1.61427 0.577427
-1.61359 0.588422
-1.61314 0.595712
-1.61243 0.606476
-1.61169 0.617463
-1.6107 0.63207
-1.60995 0.643006
-1.6092 0.653947
-1.60846 0.664903
-1.60772 0.675882
-1.60699 0.686875
-1.60626 0.697815
-1.60577 0.704976
-1.60472 0.719534
-1.60418 0.726889
-1.60312 0.741461
-1.60232 0.752399
-1.60125 0.767068
-1.60073 0.774309
-1.59994 0.785294
-1.59916 0.79628
-1.59838 0.807044
-1.59755 0.817947
-1.59698 0.825303
-1.59584 0.839896
-1.59527 0.847213
-1.59414 0.861754
-1.59327 0.872746
-1.59264 0.880152
-1.59125 0.894863
-1.59047 0.902264
-1.58924 0.913065
-1.58783 0.923964
-1.58576 0.938553
-1.58465 0.945836
-1.58217 0.960413
-1.58077 0.967755
-1.57769 0.982333
-1.57503 0.993304
-1.57307 1.00063
-1.56872 1.01505
-1.56512 1.0257
-1.56132 1.0359
-1.55852 1.04276
-1.55402 1.05304
-1.54753 1.06651
-1.54229 1.0765
-1.5386 1.08311
-1.53088 1.09601
-1.52479 1.10542
-1.51619 1.11778
-1.51177 1.12375
-1.50484 1.13264
-1.49767 1.14131
-1.4928 1.14688
-1.48525 1.15505
-1.47734 1.16308
-1.46658 1.17326
-1.46098 1.17827
-1.44955 1.18788
-1.44069 1.19483
-1.4316 1.20152
-1.42229 1.20796
-1.41277 1.21412
-1.40312 1.21996
-1.39016 1.22723
-1.3837 1.2306
-1.37698 1.23393
-1.3634 1.24015
-1.35645 1.24308
-1.34245 1.2485
-1.33177 1.2522
-1.32111 1.25556
-1.31402 1.25765
-1.29976 1.26158
-1.28903 1.26437
-1.27826 1.26706
-1.26751 1.26963
-1.26028 1.27129
-1.24585 1.27444
-1.23857 1.27594
-1.22428 1.27876
-1.21349 1.28077
-1.2026 1.28271
-1.19528 1.28395
-1.18432 1.28571
-1.17332 1.28738
-1.16231 1.28893
-1.15132 1.29036
-1.13668 1.29207
-1.1259 1.29322
-1.11494 1.29429
-1.10393 1.29526
-1.09289 1.29613
-1.0818 1.29689
-1.07069 1.29755
-1.05955 1.29809
-1.04843 1.29852
-1.03739 1.29883
-1.03017 1.29897
-1.01556 1.29915
-1.00452 1.29915
-0.993445 1.29906
-0.98601 1.29893
-0.971218 1.29852
-0.963751 1.29824
-0.948937 1.29754
-0.937884 1.29688
-0.927014 1.29613
-0.916033 1.29525
-0.905036 1.29426
-0.894023 1.29316
-0.882993 1.29194
-0.871949 1.29061
-0.864545 1.28965
-0.8535 1.28813
-0.842492 1.2865
-0.828011 1.28418
-0.817502 1.28238
-0.810381 1.28109
-0.796046 1.27849
-0.781617 1.27594
-0.774497 1.27475
-0.76725 1.27358
-0.752832 1.27141
-0.74558 1.27041
-0.734814 1.26909
-0.724301 1.26801
-0.710118 1.26684
-0.699364 1.26621
-0.684897 1.2657
-0.67775 1.26559
-0.670482 1.26558
-0.656027 1.26583
-0.648745 1.26611
-0.634534 1.26692
-0.62734 1.26745
-0.613004 1.26878
-0.605825 1.26959
-0.591615 1.27148
-0.584453 1.27258
-0.570175 1.27501
-0.562968 1.27632
-0.548694 1.27906
-0.538007 1.28124
-0.527321 1.28352
-0.516661 1.28589
-0.509557 1.28754
-0.499217 1.29004
-0.488692 1.29272
-0.474696 1.29648
-0.467659 1.29845
-0.453768 1.30249
-0.443337 1.30565
-0.429381 1.31005
-0.422515 1.31228
-0.40862 1.31694
-0.401843 1.3193
-0.388336 1.32418
-0.381605 1.3267
-0.374792 1.3293
-0.364704 1.33327
-0.354631 1.33733
-0.341256 1.3429
-0.331219 1.34722
-0.317801 1.35316
-0.311217 1.35616
-0.30453 1.35924
-0.291613 1.36527
-0.281708 1.36995
-0.271885 1.37459
-0.261975 1.37926
-0.252046 1.38393
-0.242091 1.38862
-0.23211 1.39331
-0.22211 1.398
-0.212114 1.40269
-0.205475 1.40581
-0.192418 1.41198
-0.182558 1.41666
-0.169304 1.42292
-0.162705 1.426
-0.152625 1.4306
-0.142472 1.43511
-0.132254 1.43952
-0.121995 1.44383
-0.115151 1.44663
-0.101639 1.45205
-0.0947332 1.45475
-0.0844029 1.4587
-0.0706684 1.46375
-0.0566603 1.46869
-0.0497203 1.47105
-0.0355661 1.4757
-0.028583 1.47791
-0.0146098 1.48221
-0.00762076 1.4843
0.00301704 1.48739
0.0136947 1.49038
0.0243923 1.49327
0.0350819 1.49603
0.0422973 1.49783
0.0566691 1.50124
0.0639171 1.50288
0.0817485 1.50672
0.0888912 1.50819
0.103458 1.51104
0.110662 1.51237
0.121607 1.51431
0.132575 1.51615
0.139898 1.51731
0.154497 1.51945
0.161845 1.52045
0.179916 1.52272
0.187157 1.52355
0.201877 1.52512
0.209135 1.52585
0.223849 1.52731
0.231106 1.52803
0.245819 1.52949
0.253052 1.5302
0.263966 1.53127
0.27464 1.53233
0.281932 1.53307
0.292833 1.53417
0.303757 1.53528
0.314709 1.5364
0.325687 1.53752
0.336678 1.53864
0.347657 1.53976
0.358726 1.54088
0.370127 1.54204
0.390236 1.5442
0.398743 1.54513
0.411656 1.54654
0.420327 1.5475
0.437572 1.5494
0.446263 1.55035
0.463453 1.55223
0.476208 1.55363
0.48902 1.55506
0.501902 1.55649
0.51055 1.55746
0.523484 1.55891
0.536445 1.56037
0.553678 1.5623
0.566597 1.56374
0.575182 1.5647
0.592153 1.56662
0.600779 1.56761
0.617942 1.56957
0.630885 1.57105
0.643847 1.57253
0.652533 1.57353
0.669711 1.57549
0.682447 1.57694
0.695261 1.57843
0.703886 1.57943
0.721046 1.58143
0.729712 1.58244
0.746944 1.58445
0.759886 1.58597
0.772799 1.58746
0.785525 1.58895
0.794098 1.58996
0.811216 1.59199
0.819858 1.59301
0.837057 1.59506
0.845737 1.5961
0.858693 1.59764
0.875859 1.59967
0.888575 1.60119
0.897149 1.60222
0.914334 1.60423
0.923061 1.60519
0.936168 1.60646
0.953717 1.60778
0.966931 1.60846
0.975719 1.60876
0.988666 1.609
1.00611 1.60893
1.01926 1.60858
1.02809 1.60819
1.04127 1.6074
1.05447 1.60633
1.06763 1.605
1.08067 1.60343
1.0977 1.60096
1.11061 1.59874
1.12354 1.59625
1.13644 1.59349
1.15367 1.58936
1.1621 1.58717
1.17475 1.58365
1.18736 1.57988
1.19577 1.57722
1.21213 1.57167
1.22443 1.56712
1.23671 1.56228
1.24488 1.5589
1.26087 1.55191
1.26887 1.54823
1.28863 1.53858
1.29638 1.53457
1.30801 1.52831
1.31933 1.52191
1.33059 1.51519
1.34167 1.50827
1.34905 1.50349
1.36353 1.4937
1.37428 1.48607
1.38141 1.48082
1.39539 1.47011
1.40912 1.45897
1.4156 1.4535
1.42541 1.4449
1.43511 1.43606
1.44152 1.43001
1.45404 1.41772
1.46325 1.40823
1.47226 1.39856
1.481 1.38881
1.48959 1.37887
1.49792 1.36884
1.50605 1.35859
1.51141 1.35159
1.5218 1.33739
1.52686 1.33006
1.53873 1.31153
1.5432 1.30401
1.55183 1.28847
1.55586 1.28068
1.56167 1.26873
1.56706 1.2567
1.57048 1.2485
1.57671 1.23222
1.57963 1.22386
1.58495 1.20708
1.58851 1.19429
1.5917 1.18136
1.5945 1.16833
1.5969 1.15528
1.59828 1.14664
1.60004 1.1336
1.60141 1.12045
1.60261 1.10286
1.60295 1.09396
1.60309 1.07627
1.60289 1.0674
1.602 1.04994
1.60089 1.03672
1.59885 1.01916
1.59768 1.01072
1.59636 1.00229
1.5934 0.985135
1.59182 0.976509
1.58855 0.959523
1.58606 0.946791
1.58357 0.93403
1.58109 0.921248
1.57861 0.908514
1.57696 0.900123
1.57358 0.883171
1.57188 0.874629
1.56765 0.853413
1.56597 0.845014
1.56258 0.827921
1.56091 0.81949
1.55839 0.80677
1.55585 0.794181
1.55412 0.785641
1.55068 0.768726
1.54895 0.760214
1.54553 0.743308
1.54295 0.730565
1.54122 0.722014
1.53781 0.705096
1.53523 0.692511
1.53259 0.679776
1.52997 0.667077
1.52734 0.654382
1.52559 0.645871
1.52296 0.633147
1.52034 0.620396
1.51772 0.607649
1.51512 0.595112
1.51245 0.582387
1.50977 0.569671
1.50623 0.552814
1.50356 0.540117
1.49999 0.523058
1.49823 0.514645
1.49644 0.506115
1.4929 0.48939
1.49018 0.476674
1.48747 0.463997
1.48475 0.45132
1.48204 0.438631
1.47933 0.425914
1.47662 0.413177
1.47393 0.400517
1.47121 0.387943
1.46936 0.379429
1.46569 0.36257
1.46384 0.354082
1.46017 0.337223
1.45833 0.328711
1.45466 0.311787
1.45193 0.299142
1.44821 0.282254
1.44635 0.273877
1.44355 0.26122
1.44075 0.248563
1.43887 0.240077
1.43515 0.223193
1.43328 0.214672
1.42957 0.197846
1.42676 0.185279
1.42391 0.172593
1.422 0.16411
1.41822 0.1473
1.41538 0.134639
1.41253 0.121948
1.40969 0.10924
1.40779 0.100745
1.40401 0.0840636
1.40111 0.071388
1.39823 0.0587534
1.39534 0.0461172
1.39245 0.033465
1.39052 0.0249716
1.38763 0.0122756
1.38475 -0.000400699
1.38091 -0.0170727
1.37797 -0.0297384
1.37404 -0.0466553
1.37211 -0.0549884
1.37014 -0.0634562
1.36623 -0.0803284
1.36421 -0.0888639
1.36002 -0.10574
1.35776 -0.114162
1.35285 -0.130968
1.34889 -0.143444
1.34609 -0.151785
1.3402 -0.168264
1.33547 -0.180585
1.33048 -0.192837
1.327 -0.200996
1.3198 -0.216959
1.31422 -0.228568
1.30828 -0.24026
1.30416 -0.248038
1.29566 -0.263349
1.28898 -0.274742
1.28437 -0.282311
1.27491 -0.297141
1.26509 -0.311707
1.26013 -0.318781
1.24982 -0.332789
1.24452 -0.339671
1.23905 -0.346595
1.22787 -0.360141
1.21922 -0.37012
1.21047 -0.379841
1.20149 -0.38945
1.19228 -0.398906
1.18281 -0.408152
1.17317 -0.416985
1.16646 -0.422803
1.15622 -0.431237
1.14584 -0.439278
1.13158 -0.449563
1.12058 -0.456944
1.10932 -0.464011
1.09784 -0.470754
1.08614 -0.47715
1.07823 -0.48122
1.06652 -0.486887
1.05447 -0.492278
1.03817 -0.498899
1.02571 -0.503458
1.00876 -0.508984
1.00033 -0.511451
0.983279 -0.51591
0.97476 -0.517883
0.961778 -0.520558
0.94874 -0.522848
0.93998 -0.524152
0.926802 -0.525771
0.913575 -0.526984
0.896147 -0.527977
0.887296 -0.528228
0.869675 -0.528208
0.856394 -0.527734
0.843104 -0.526862
0.829837 -0.525587
0.812276 -0.52328
0.803691 -0.521892
0.786305 -0.518549
0.777777 -0.516642
0.769144 -0.51453
0.752102 -0.509808
0.743577 -0.507165
0.730968 -0.502907
0.71858 -0.498312
0.702292 -0.491635
0.694309 -0.488078
0.67863 -0.480445
0.666921 -0.474214
0.651547 -0.465421
0.644142 -0.460979
0.636675 -0.456383
0.621993 -0.447105
0.607295 -0.437705
0.600064 -0.433082
0.58555 -0.423763
0.578334 -0.419109
0.5637 -0.409663
0.556561 -0.405056
0.54566 -0.398032
0.534745 -0.391006
0.527417 -0.386293
0.512862 -0.376942
0.502081 -0.369994
0.491164 -0.362922
0.480256 -0.355845
0.472995 -0.351137
0.458539 -0.341776
0.451238 -0.337054
0.436713 -0.327668
0.425786 -0.320616
0.415021 -0.313644
0.407716 -0.308891
0.393226 -0.299448
0.385978 -0.294726
0.37154 -0.285333
0.364249 -0.280595
0.349743 -0.271178
0.342429 -0.266434
0.328083 -0.257107
0.317195 -0.249987
0.306318 -0.242863
0.295517 -0.235795
0.284663 -0.228703
0.273791 -0.221606
0.266493 -0.216846
0.255592 -0.209741
0.24482 -0.202714
0.230391 -0.193238
0.223112 -0.188448
0.205057 -0.176582
0.197903 -0.171885
0.190632 -0.167116
0.176165 -0.157637
0.165288 -0.150518
0.154566 -0.143472
0.143708 -0.136304
0.132862 -0.129136
0.12209 -0.122022
0.111267 -0.114883
0.104006 -0.110098
0.0931458 -0.102948
0.082275 -0.0957978
0.067989 -0.0863754
0.0607232 -0.0815586
0.0463153 -0.071993
0.0391214 -0.0672186
0.0210728 -0.0552602
0.0139233 -0.0505293
-0.00061887 -0.0409149
-0.00777094 -0.0361926
-0.0149156 -0.0314588
-0.0292942 -0.0218821
-0.0390827 -0.015333
-0.044494 -0.0114973
-0.0465944 -0.00986403
-0.0483538 -0.00841795
-0.0483739 -0.00840116
-0.0483921 -0.00838716
-0.0483999 -0.00838116
-0.048407 -0.0083756
-0.0484194 -0.00836589
-0.0484301 -0.00835742
-0.048435 -0.00835343
-0.0484422 -0.00834749
-0.0484491 -0.00834162
-0.048456 -0.0083358
-0.0484627 -0.00833004
-0.0484672 -0.00832621
-0.048476 -0.00831867
-0.0484803 -0.00831491
-0.0484889 -0.00830751
-0.0484931 -0.00830381
-0.0485014 -0.00829655
-0.0485055 -0.00829294
-0.0485135 -0.00828582
-0.0485194 -0.00828054
-0.0485273 -0.00827354
-0.0485311 -0.00827013
-0.0485367 -0.00826501
-0.0485423 -0.00825993
-0.048546 -0.00825656
-0.0485532 -0.00824994
-0.0485586 -0.00824502
-0.0485656 -0.00823851
-0.048569 -0.00823534
-0.0485741 -0.00823058
-0.0485791 -0.00822586
-0.0485841 -0.00822119
-0.0485841 -0.00822119
-0.0485841 -0.00822119
-0.0485841 -0.00822119
-0.0485841 -0.00822119
-0.0485841 -0.00822119
-0.0485841 -0.00822119
-0.0485841 -0.00822119
-0.0485841 -0.00822119
-0.0485841 -0.00822119
-0.0485841 -0.00822119
-0.0485841 -0.00822119
-0.0485841 -0.00822119
-0.0485841 -0.00822119
-0.0485841 -0.00822119
-0.0485841 -0.00822119
-0.0485841 -0.00822119
-0.0485841 -0.00822119
-0.0485841 -0.00822119
-0.0485841 -0.00822119
