0 0
0 0
0 0
0 0
0 0
0 0
0 0
0 0
0 0
0 0
0 0
0 0
0 0
0 0
0 0
0 0
0 0
0 0
0 0
0 0
0 0
0 0
0 0
0 0
0 0
0 0
0 0
0 0
0 0
0 0
0 0
0 0
0 0
0 0
0 0
0 0
0 0
0 0
0 0
0 0
0 0
0 0
0 0
0 0
0 0
0 0
0 0
0 0
0 0
0 0
0 0
0 0
0 0
0 0
0 0
0 0
0 0
0 0
0 0
0 0
0 0
0 0
-0.0297687 -0.00492884
-0.0297687 -0.00492884
-0.0350864 -0.00347749
-0.0350864 -0.00347749
-0.031709 -0.00463862
-0.031709 -0.00463862
-0.0318741 -0.00390722
-0.0318741 -0.00390722
-0.0307081 -0.00494805
-0.0307081 -0.00494805
-0.0305675 -0.00325815
-0.0305675 -0.00325815
-0.0342203 -0.00379576
-0.0342203 -0.00379576
-0.0325204 -0.00445437
-0.0325204 -0.00445437
-0.0321198 -0.00347537
-0.0321198 -0.00347537
-0.0299441 -0.00418596
-0.0299441 -0.00418596
-0.0294831 -0.00425732
-0.0294831 -0.00425732
-0.0299494 -0.00269483
-0.0299494 -0.00269483
-0.0317401 -0.00289262
-0.0317401 -0.00289262
-0.030603 -0.00446257
-0.030603 -0.00446257
-0.0294499 -0.00515419
-0.0294499 -0.00515419
-0.0291515 -0.00474595
-0.0291515 -0.00474595
-0.0332483 -0.00266717
-0.0332483 -0.00266717
-0.0308052 -0.00398412
-0.0308052 -0.00398412
-0.0310914 -0.00205745
-0.0310914 -0.00205745
-0.0299558 -0.00432787
-0.0299558 -0.00432787
-0.0310036 -0.00682296
-0.0310036 -0.00682296
-0.030736 -0.0037742
-0.030736 -0.0037742
-0.0307903 -0.00444784
-0.0307903 -0.00444784
-0.0299391 -0.0056207
-0.0299391 -0.0056207
-0.0331462 -0.00514269
-0.0331462 -0.00514269
-0.0299669 -0.0037964
-0.0299669 -0.0037964
-0.030557 -0.00480113
-0.030557 -0.00480113
-0.0311628 -0.0054945
-0.0311628 -0.0054945
-0.0304881 -0.0028415
-0.0304881 -0.0028415
-0.0326715 -0.00339331
-0.0326715 -0.00339331
-0.0300388 -0.00407007
-0.0300388 -0.00407007
-0.0318621 -0.00398436
-0.0318621 -0.00398436
-0.0308547 -0.00612956
-0.0308547 -0.00612956
-0.0312263 -0.00169826
-0.0312263 -0.00169826
-0.0317567 -0.00454699
-0.0317567 -0.00454699
-0.0318346 -0.00512361
-0.0318346 -0.00512361
-0.0322259 -0.00487504
-0.0322259 -0.00487504
-0.030099 -0.00495944
-0.030099 -0.00495944
-0.0316539 -0.00479752
-0.030154 -0.0047805
-0.0290656 -0.00592405
-0.0270657 -0.0059013
-0.0275617 0.00010064
-0.024562 0.000140611
-0.0223178 -0.00395996
-0.0193181 -0.00391943
-0.017239 0.000690525
-0.0142393 0.000735787
-0.0130149 0.00343153
-0.0100153 0.00348056
-0.00692074 -0.000270859
-0.00392118 -0.000219112
-0.00264086 0.00212706
0.000358645 0.00218164
-0.000583378 8.12222e-05
0.00241615 0.000134416
0.00578656 0.000875928
0.00878613 0.000926934
0.0164316 -0.000260201
0.0229306 -0.000144575
0.0238318 0.00341482
0.0278312 0.00348728
0.0291507 0.000714508
0.0371495 0.000854637
0.0386881 0.00173598
0.0386881 0.00173598
0.0470189 0.00236798
0.0515181 0.00245214
0.0561035 0.0026727
0.0611027 0.00275763
0.0652661 0.000186684
0.0702654 0.000272575
0.0730557 0.00442711
0.0780546 0.00452865
0.0852629 0.00284128
0.0902619 0.00294033
0.0912841 0.00386907
0.096283 0.00397387
0.105177 0.00317105
0.110176 0.00327153
0.113592 0.00274072
0.118591 0.00284676
0.12596 0.00122691
0.130959 0.00132763
0.134706 0.00575601
0.139705 0.00586584
0.146056 0.00316418
0.151055 0.0032747
0.153335 -0.00030092
0.158334 -0.000210003
0.163928 0.00400656
0.168927 0.00410427
0.172001 0.00230247
0.177 0.00240649
0.182623 0.00606509
0.187621 0.00618841
0.195072 0.00624033
0.200071 0.00635699
0.203339 0.00436963
0.208338 0.00449615
0.215454 0.00490899
0.220452 0.00503934
0.222377 0.00648192
0.227375 0.00660661
0.233981 0.00254731
0.243978 0.00276077
0.241904 0.000427063
0.251904 0.000434832
0.254131 0.00469127
0.259129 0.00455893
0.263876 0.00899126
0.268866 0.0086892
0.274528 0.00483506
0.279504 0.00434753
0.287457 0.00596753
0.292412 0.00529937
0.29551 0.00833225
0.300436 0.00747289
0.30432 0.00689586
0.309207 0.00583544
0.308183 0.00396276
0.317889 0.0015591
0.321547 0.00474044
0.326361 0.00338878
0.331269 0.00565305
0.336022 0.004101
0.343072 0.00106858
0.352407 -0.00251649
0.350012 0.000871256
0.354627 -0.00105339
0.364197 -0.00676598
0.368732 -0.00887324
0.37122 -0.00664467
0.375682 -0.00889968
0.384548 -0.0163384
0.388955 -0.0186994
0.392862 -0.0194777
0.397258 -0.0218607
0.404694 -0.0226808
0.409089 -0.0250645
0.411463 -0.0265948
0.415859 -0.0289778
0.41858 -0.0310202
0.422948 -0.0334535
0.426742 -0.0368925
0.4311 -0.0393431
0.438907 -0.0432061
0.443263 -0.0456601
0.444758 -0.0436055
0.44912 -0.0460498
0.452836 -0.0499295
0.457202 -0.0523654
0.462373 -0.0546661
0.46674 -0.0571015
0.466425 -0.060618
0.47079 -0.0630564
0.477474 -0.0657206
0.48184 -0.0681573
0.485201 -0.0707136
0.489571 -0.0731427
0.492614 -0.0749381
0.496989 -0.0773589
0.504203 -0.0791164
0.508563 -0.0815633
0.513442 -0.0836704
0.517776 -0.0861636
0.522331 -0.0890913
0.526662 -0.0915888
0.529509 -0.0888499
0.533847 -0.091337
0.541897 -0.0969454
0.546234 -0.0994323
0.548791 -0.101941
0.553133 -0.104421
0.556173 -0.105226
0.560514 -0.107707
0.566235 -0.111715
0.570578 -0.114193
0.574591 -0.118271
0.578937 -0.120744
0.58285 -0.121699
0.587193 -0.124176
0.591678 -0.127581
0.596019 -0.130062
0.597465 -0.131115
0.601778 -0.133645
0.604607 -0.135744
0.60891 -0.13829
0.618198 -0.138739
0.622509 -0.141271
0.627005 -0.146049
0.631319 -0.148576
0.630175 -0.150134
0.634491 -0.152659
0.639259 -0.153897
0.643575 -0.156422
0.647508 -0.159475
0.651823 -0.162002
0.657743 -0.163207
0.662062 -0.165727
0.661507 -0.168144
0.665825 -0.170664
0.673976 -0.172886
0.678294 -0.175406
0.682013 -0.179594
0.686313 -0.182146
0.68872 -0.184013
0.693004 -0.18659
0.697768 -0.18803
0.702049 -0.190613
0.705268 -0.190369
0.709551 -0.192948
0.713642 -0.195841
0.717931 -0.19841
0.721349 -0.200705
0.725639 -0.203273
0.727738 -0.209663
0.732032 -0.212224
0.738642 -0.213797
0.742939 -0.216355
0.742388 -0.219462
0.746688 -0.222014
0.751584 -0.223142
0.755879 -0.225701
0.761958 -0.227155
0.766244 -0.22973
0.768738 -0.231883
0.773002 -0.234494
0.778138 -0.234583
0.782393 -0.237208
0.786824 -0.242439
0.791089 -0.245048
0.794076 -0.247277
0.798347 -0.249875
0.801258 -0.25505
0.805528 -0.257651
0.810603 -0.258906
0.814871 -0.261511
0.821006 -0.263996
0.825278 -0.266594
0.826567 -0.269107
0.830838 -0.271708
0.832943 -0.275968
0.837216 -0.278565
0.842083 -0.280335
0.846354 -0.282935
0.848838 -0.28678
0.853074 -0.289435
0.857522 -0.29096
0.861747 -0.293633
0.865378 -0.297146
0.869607 -0.299815
0.874123 -0.300974
0.878359 -0.303631
0.88295 -0.306576
0.887192 -0.309223
0.892506 -0.311865
0.896745 -0.314518
0.900062 -0.317047
0.904303 -0.319696
0.909134 -0.323821
0.913368 -0.326481
0.91617 -0.329179
0.920405 -0.331836
0.924479 -0.335682
0.928717 -0.338336
0.933547 -0.338767
0.93777 -0.341445
0.937681 -0.344875
0.94188 -0.347589
0.945825 -0.34816
0.950024 -0.350875
0.954598 -0.352874
0.958798 -0.355587
0.961657 -0.359855
0.965857 -0.362567
0.969275 -0.364737
0.973477 -0.367447
0.981792 -0.37025
0.986011 -0.372934
0.98765 -0.377528
0.991862 -0.380223
0.997652 -0.385557
1.00186 -0.388253
1.00709 -0.390885
1.0113 -0.393584
1.01219 -0.396536
1.01639 -0.399238
1.02199 -0.400153
1.02616 -0.402906
1.03083 -0.401836
1.035 -0.40459
1.03791 -0.410374
1.04209 -0.41312
1.0419 -0.411284
1.04609 -0.414008
1.05185 -0.418318
1.05611 -0.420948
1.05646 -0.423451
1.06081 -0.425927
1.06332 -0.427376
1.06776 -0.429663
1.07285 -0.434567
1.07738 -0.436688
1.07972 -0.439334
1.08433 -0.441266
1.08826 -0.446889
1.09293 -0.448677
1.09756 -0.450035
1.10229 -0.451653
1.10516 -0.450484
1.10995 -0.451912
1.11518 -0.458027
1.12003 -0.459262
1.12501 -0.460571
1.1299 -0.461615
1.13258 -0.463186
1.13751 -0.464034
1.14099 -0.465097
1.14594 -0.465758
1.15135 -0.466255
1.15633 -0.46673
1.15858 -0.468938
1.16357 -0.46925
1.16869 -0.47043
1.17369 -0.470541
1.17782 -0.471708
1.18282 -0.471619
1.18802 -0.474754
1.19301 -0.47446
1.19689 -0.474941
1.20187 -0.474442
1.21569 -0.469108
1.22063 -0.468335
1.22031 -0.470989
1.22525 -0.470245
1.22933 -0.47305
1.23427 -0.472293
1.24104 -0.470343
1.24598 -0.469597
1.25206 -0.469695
1.25701 -0.468954
1.25957 -0.466343
1.26452 -0.465611
1.26941 -0.466104
1.27436 -0.465379
1.2779 -0.464872
1.28284 -0.464098
1.28925 -0.465197
1.29419 -0.464416
1.30319 -0.464255
1.30812 -0.463468
1.30981 -0.457623
1.31475 -0.456828
1.31955 -0.460322
1.32448 -0.459524
1.33228 -0.456581
1.33721 -0.455798
1.33012 -0.455026
1.33506 -0.454288
1.33873 -0.452159
1.34369 -0.451519
1.35353 -0.451002
1.3585 -0.450464
1.3607 -0.448792
1.36568 -0.448354
1.37094 -0.449714
1.37592 -0.449352
1.37567 -0.446705
1.38566 -0.446203
1.39183 -0.44843
1.39682 -0.448192
1.39777 -0.446109
1.40276 -0.44587
1.40701 -0.44409
1.41201 -0.443861
1.41828 -0.442243
1.42327 -0.442003
1.42707 -0.446643
1.43206 -0.446406
1.43695 -0.441138
1.44194 -0.440895
1.44866 -0.441709
1.45366 -0.441491
1.45709 -0.443572
1.46208 -0.44334
1.46706 -0.444147
1.47206 -0.443892
1.47693 -0.444387
1.48193 -0.444116
1.48346 -0.438164
1.48845 -0.4379
1.49533 -0.442882
1.50033 -0.44262
1.50388 -0.440606
1.51886 -0.439809
1.51998 -0.438808
1.52498 -0.438691
1.52903 -0.436573
1.53403 -0.436644
1.5369 -0.434505
1.54189 -0.434723
1.54616 -0.435877
1.55114 -0.436392
1.55623 -0.435471
1.56117 -0.436247
1.56717 -0.4392
1.57205 -0.440278
1.57582 -0.436621
1.58062 -0.438013
1.58805 -0.436545
1.59273 -0.438302
1.59524 -0.438527
1.59524 -0.438527
1.59749 -0.440026
1.59749 -0.440026
1.59539 -0.439012
1.59539 -0.439012
1.60253 -0.437742
1.60253 -0.437742
1.59991 -0.439184
1.59991 -0.439184
1.59995 -0.438545
1.59995 -0.438545
1.59966 -0.436031
1.59966 -0.436031
1.59903 -0.435675
1.59903 -0.435675
1.60119 -0.435184
1.60119 -0.435184
1.59725 -0.436941
1.59725 -0.436941
1.60158 -0.438612
1.60158 -0.438612
1.60174 -0.433554
1.60174 -0.433554
1.60032 -0.432575
1.60032 -0.432575
1.60221 -0.434502
1.60221 -0.434502
1.60754 -0.431388
1.60754 -0.431388
1.61199 -0.430433
1.61199 -0.430433
1.61047 -0.433366
1.61047 -0.433366
1.61063 -0.429888
1.61063 -0.429888
1.61385 -0.430521
1.61385 -0.430521
1.61131 -0.432626
1.61131 -0.432626
1.61969 -0.430393
1.61969 -0.430393
1.619 -0.429188
1.619 -0.429188
1.61993 -0.42621
1.61993 -0.42621
1.62515 -0.42663
1.62515 -0.42663
1.62119 -0.428273
1.62119 -0.428273
1.62564 -0.425219
1.62564 -0.425219
1.62775 -0.427785
1.62775 -0.427785
1.62562 -0.425777
1.62562 -0.425777
1.62859 -0.427946
1.62859 -0.427946
1.63043 -0.426331
1.63043 -0.426331
1.62904 -0.42732
1.62904 -0.42732
1.62908 -0.428794
1.62908 -0.428794
1.63038 -0.427104
1.63038 -0.427104
1.63395 -0.424586
1.63395 -0.424586
1.63629 -0.425569
1.63629 -0.425569
1.63344 -0.428654
1.63344 -0.428654
1.63473 -0.429019
1.63473 -0.429019
1.63281 -0.42937
1.63281 -0.42937
1.63318 -0.430296
1.63318 -0.430296
1.63252 -0.424709
1.63252 -0.424709
1.63639 -0.428163
1.63639 -0.428163
1.6315 -0.42907
1.6315 -0.42907
1.63296 -0.430194
1.63296 -0.430194
1.63551 -0.431852
1.63551 -0.431852
1.63584 -0.430314
1.63584 -0.430314
1.63416 -0.429728
1.63416 -0.429728
1.63516 -0.431541
1.63514 -0.432041
1.63718 -0.428486
1.63712 -0.429985
1.63441 -0.432842
1.63431 -0.43534
1.636 -0.437994
1.63587 -0.440991
1.63322 -0.442755
1.63309 -0.445752
1.6332 -0.448457
1.63305 -0.451454
1.63574 -0.455003
1.6356 -0.457999
1.63859 -0.461724
1.63844 -0.46472
1.63552 -0.466608
1.63537 -0.469605
1.63274 -0.474322
1.6326 -0.477319
1.63181 -0.476578
1.63167 -0.479574
1.63171 -0.485715
1.63158 -0.488712
1.63506 -0.48817
1.63493 -0.491168
1.63182 -0.492694
1.6317 -0.495691
1.63212 -0.500375
1.63195 -0.504371
1.63375 -0.507866
1.63351 -0.51286
1.63058 -0.514846
1.6303 -0.519839
1.63344 -0.527314
1.63315 -0.532305
1.62899 -0.535414
1.62869 -0.540405
1.62971 -0.54603
1.62941 -0.55102
1.63141 -0.554189
1.63112 -0.559181
1.63008 -0.565577
1.62978 -0.570568
1.6288 -0.57416
1.6285 -0.579151
1.62528 -0.586083
1.625 -0.591075
1.6241 -0.594901
1.62381 -0.599893
1.62719 -0.602938
1.62691 -0.60793
1.62597 -0.617961
1.62559 -0.62395
1.62463 -0.631669
1.62424 -0.637656
1.62316 -0.643645
1.62276 -0.649631
1.62467 -0.654735
1.62425 -0.66072
1.62379 -0.666908
1.62337 -0.672893
1.6221 -0.67681
1.62169 -0.682796
1.6211 -0.687187
1.62069 -0.693174
1.62378 -0.701893
1.62337 -0.707879
1.62216 -0.712246
1.62176 -0.718233
1.61868 -0.723019
1.61822 -0.729001
1.61821 -0.731128
1.61776 -0.737112
1.6164 -0.746782
1.61594 -0.752764
1.61703 -0.758468
1.61657 -0.76445
1.61584 -0.771749
1.61537 -0.77773
1.61678 -0.781681
1.61631 -0.787662
1.61322 -0.792849
1.61276 -0.798832
1.61109 -0.803716
1.61064 -0.809699
1.61371 -0.815995
1.61324 -0.821977
1.61279 -0.828147
1.61228 -0.834125
1.61045 -0.838962
1.60993 -0.84494
1.60817 -0.849299
1.60765 -0.855276
1.61117 -0.863987
1.61062 -0.869962
1.60829 -0.872744
1.60775 -0.87872
1.60949 -0.884452
1.60896 -0.890428
1.60404 -0.898062
1.60352 -0.90404
1.60338 -0.908809
1.60289 -0.914789
1.60591 -0.920411
1.60533 -0.926383
1.60592 -0.933346
1.60534 -0.939318
1.59964 -0.942707
1.59906 -0.948678
1.59893 -0.953875
1.59834 -0.959846
1.59947 -0.964458
1.59887 -0.970428
1.59409 -0.975309
1.59349 -0.981278
1.59778 -0.989111
1.5972 -0.995082
1.59455 -0.999849
1.59396 -1.00582
1.59278 -1.01194
1.59218 -1.01791
1.59594 -1.02499
1.59529 -1.03096
1.59208 -1.03635
1.59141 -1.04231
1.58886 -1.04686
1.5882 -1.05282
1.59097 -1.04829
1.58951 -1.0602
1.58676 -1.06719
1.58581 -1.07311
1.5854 -1.08189
1.58427 -1.08779
1.58411 -1.09336
1.58273 -1.0992
1.58134 -1.1075
1.57975 -1.11328
1.57885 -1.11864
1.57702 -1.12435
1.57738 -1.12736
1.57533 -1.133
1.57342 -1.13968
1.57107 -1.1452
1.57118 -1.15112
1.56858 -1.15653
1.56808 -1.16452
1.56527 -1.16981
1.56356 -1.1721
1.56054 -1.17729
1.55924 -1.18363
1.55601 -1.18869
1.55136 -1.19806
1.54794 -1.20299
1.54879 -1.20617
1.54518 -1.21096
1.54106 -1.21871
1.53726 -1.22335
1.53022 -1.22581
1.52623 -1.23029
1.52537 -1.23856
1.52122 -1.2429
1.51686 -1.24548
1.51254 -1.24965
1.51107 -1.25595
1.50658 -1.25993
1.50343 -1.26441
1.49875 -1.26816
1.49276 -1.27306
1.48792 -1.27661
1.48421 -1.28107
1.47922 -1.28442
1.47463 -1.28862
1.46953 -1.29179
1.46632 -1.29714
1.4611 -1.3001
1.45591 -1.3044
1.45058 -1.30716
1.44826 -1.31118
1.44282 -1.31372
1.43508 -1.31711
1.42955 -1.31944
1.42457 -1.32293
1.41895 -1.32504
1.41354 -1.33057
1.40784 -1.33244
1.40098 -1.33016
1.39522 -1.33183
1.39474 -1.33616
1.38891 -1.33759
1.38076 -1.34222
1.37488 -1.34342
1.36851 -1.34391
1.36259 -1.34486
1.35519 -1.34546
1.34923 -1.34618
1.34409 -1.34878
1.33811 -1.34925
1.33215 -1.35223
1.32616 -1.35247
1.31918 -1.35383
1.31318 -1.35404
1.31202 -1.35138
1.30602 -1.35157
1.29874 -1.35558
1.29274 -1.35577
1.28695 -1.35874
1.28095 -1.35893
1.27593 -1.3574
1.26994 -1.35758
1.26393 -1.35393
1.25793 -1.35411
1.25086 -1.35879
1.24486 -1.35897
1.24077 -1.35556
1.23478 -1.35573
1.22747 -1.35396
1.21297 -1.35443
1.21626 -1.35498
1.20777 -1.35529
1.195 -1.35883
1.1855 -1.35916
1.18898 -1.36127
1.16849 -1.36205
1.15802 -1.3609
1.14703 -1.36132
1.13335 -1.35569
1.12086 -1.35614
1.12496 -1.35757
1.11148 -1.35815
1.08501 -1.36461
1.07002 -1.36526
1.04339 -1.36773
1.02741 -1.36839
1.02405 -1.36901
1.00806 -1.36968
0.990849 -1.3669
0.974865 -1.36762
0.961524 -1.37018
0.945541 -1.37092
0.929739 -1.37136
0.913755 -1.37207
0.89705 -1.37137
0.881067 -1.37211
0.868183 -1.37082
0.852201 -1.37157
0.836263 -1.37765
0.820281 -1.3784
0.801921 -1.37495
0.785939 -1.3757
0.77012 -1.37512
0.754138 -1.37589
0.741483 -1.38084
0.725503 -1.38164
0.706534 -1.38408
0.690553 -1.38485
0.677361 -1.382
0.661381 -1.3828
0.647202 -1.38219
0.631221 -1.38297
0.620053 -1.38718
0.604072 -1.38797
0.58574 -1.38753
0.569761 -1.38836
0.551565 -1.38537
0.535586 -1.38619
0.520827 -1.39163
0.504848 -1.39245
0.491459 -1.39134
0.475481 -1.39217
0.461399 -1.39192
0.445423 -1.39281
0.427003 -1.38913
0.411024 -1.38995
0.394282 -1.39567
0.378304 -1.39652
0.362923 -1.39653
0.346949 -1.39744
0.331229 -1.40727
0.315253 -1.40815
0.304095 -1.39976
0.288122 -1.40069
0.26855 -1.40492
0.252575 -1.40582
0.23754 -1.40595
0.221565 -1.40684
0.209017 -1.41268
0.193042 -1.41357
0.175295 -1.41302
0.159323 -1.41397
0.147656 -1.41218
0.131685 -1.41314
0.112672 -1.41675
0.0966982 -1.41768
0.0786319 -1.42179
0.0626596 -1.42273
0.0521287 -1.42209
0.0361566 -1.42303
0.0184619 -1.42566
0.00249079 -1.42662
-0.0106427 -1.42079
-0.0266128 -1.42177
-0.0455968 -1.42432
-0.0615634 -1.42535
-0.0757395 -1.4266
-0.0917099 -1.42758
-0.10642 -1.42631
-0.122389 -1.4273
-0.137667 -1.42794
-0.153634 -1.42897
-0.168106 -1.43122
-0.184074 -1.43223
-0.199587 -1.43614
-0.215555 -1.43716
-0.233511 -1.44058
-0.249476 -1.44165
-0.2642 -1.43889
-0.280164 -1.43996
-0.295311 -1.4383
-0.311278 -1.43933
-0.326388 -1.4465
-0.34235 -1.44759
-0.354136 -1.44647
-0.370097 -1.44759
-0.387128 -1.44702
-0.403091 -1.44811
-0.419687 -1.4485
-0.435649 -1.4496
-0.451396 -1.45392
-0.467356 -1.45504
-0.48061 -1.45437
-0.496572 -1.45548
-0.512687 -1.45375
-0.528648 -1.45486
-0.545351 -1.45477
-0.56131 -1.45593
-0.575429 -1.46148
-0.591387 -1.46262
-0.60952 -1.46244
-0.62548 -1.46357
-0.638596 -1.46601
-0.654552 -1.46719
-0.669723 -1.4687
-0.685678 -1.46989
-0.698593 -1.46895
-0.714553 -1.47008
-0.729908 -1.46959
-0.745863 -1.47078
-0.760185 -1.47341
-0.776139 -1.47464
-0.796986 -1.47655
-0.812945 -1.4777
-0.826999 -1.47716
-0.842954 -1.47837
-0.857511 -1.48022
-0.873463 -1.48146
-0.888622 -1.48085
-0.904575 -1.48207
-0.921132 -1.48428
-0.937084 -1.48551
-0.952817 -1.48724
-0.968769 -1.48848
-0.982629 -1.48955
-0.998582 -1.49077
-1.0168 -1.49122
-1.03275 -1.49247
-1.04327 -1.49384
-1.05922 -1.49513
-1.07603 -1.49633
-1.09198 -1.49762
-1.10589 -1.49914
-1.12184 -1.5004
-1.13803 -1.50214
-1.15397 -1.50344
-1.17029 -1.50197
-1.18623 -1.5033
-1.20169 -1.50677
-1.21764 -1.50806
-1.23426 -1.51218
-1.2502 -1.51347
-1.26179 -1.51559
-1.27773 -1.51695
-1.29069 -1.51603
-1.29069 -1.51603
-1.30371 -1.5161
-1.30371 -1.5161
-1.31374 -1.51641
-1.31374 -1.51641
-1.31877 -1.52055
-1.31877 -1.52055
-1.31794 -1.51903
-1.31794 -1.51903
-1.31561 -1.51949
-1.31561 -1.51949
-1.31902 -1.5188
-1.31902 -1.5188
-1.31682 -1.51854
-1.31682 -1.51854
-1.32403 -1.5224
-1.32403 -1.5224
-1.31714 -1.52027
-1.31714 -1.52027
-1.32055 -1.52079
-1.32055 -1.52079
-1.31843 -1.52574
-1.31843 -1.52574
-1.31735 -1.5246
-1.31735 -1.5246
-1.31704 -1.52706
-1.31704 -1.52706
-1.31796 -1.52893
-1.31796 -1.52893
-1.31892 -1.5277
-1.31892 -1.5277
-1.32235 -1.52606
-1.32235 -1.52606
-1.3199 -1.52934
-1.3199 -1.52934
-1.31926 -1.53398
-1.31926 -1.53398
-1.32031 -1.53285
-1.32031 -1.53285
-1.32354 -1.52925
-1.32354 -1.52925
-1.32402 -1.52827
-1.32402 -1.52827
-1.32403 -1.53341
-1.32403 -1.53341
-1.32532 -1.53628
-1.32532 -1.53628
-1.32755 -1.53882
-1.32755 -1.53882
-1.33345 -1.53263
-1.33345 -1.53263
-1.32763 -1.53467
-1.32763 -1.53467
-1.32843 -1.53487
-1.32843 -1.53487
-1.33445 -1.53526
-1.33445 -1.53526
-1.33605 -1.5367
-1.33605 -1.5367
-1.33395 -1.53693
-1.33395 -1.53693
-1.33518 -1.53795
-1.33518 -1.53795
-1.33697 -1.53822
-1.33697 -1.53822
-1.33671 -1.54007
-1.33671 -1.54007
-1.33906 -1.53742
-1.33906 -1.53742
-1.34153 -1.53623
-1.34153 -1.53623
-1.34221 -1.53786
-1.34221 -1.53786
-1.34223 -1.53727
-1.34223 -1.53727
-1.34174 -1.53887
-1.34174 -1.53887
-1.34328 -1.53899
-1.34328 -1.53899
-1.34467 -1.53865
-1.34467 -1.53865
-1.34036 -1.53959
-1.34036 -1.53959
-1.34109 -1.53684
-1.34109 -1.53684
-1.33887 -1.53655
-1.33887 -1.53655
-1.33867 -1.53769
-1.33867 -1.53769
-1.33874 -1.54126
-1.33895 -1.5408
-1.34247 -1.53953
-1.34333 -1.53773
-1.34484 -1.53296
-1.34572 -1.53117
-1.34295 -1.52626
-1.34387 -1.52448
-1.34238 -1.52514
-1.34456 -1.52121
-1.34547 -1.51981
-1.34695 -1.51721
-1.34906 -1.51743
-1.3506 -1.51486
-1.35022 -1.51069
-1.35182 -1.50815
-1.35284 -1.50809
-1.35448 -1.50558
-1.35457 -1.50184
-1.35625 -1.49936
-1.35757 -1.50139
-1.36102 -1.49648
-1.36014 -1.4931
-1.36189 -1.49066
-1.36634 -1.48631
-1.36805 -1.48384
-1.36754 -1.48343
-1.3692 -1.48093
-1.37186 -1.48101
-1.37347 -1.47848
-1.37355 -1.47267
-1.37511 -1.47011
-1.37732 -1.46797
-1.37883 -1.46537
-1.38358 -1.46479
-1.38503 -1.46216
-1.38601 -1.46105
-1.38741 -1.4584
-1.38763 -1.45514
-1.38897 -1.45246
-1.39324 -1.44809
-1.39453 -1.44538
-1.39528 -1.44652
-1.39652 -1.44379
-1.39947 -1.44089
-1.40065 -1.43813
-1.40465 -1.43241
-1.40577 -1.42963
-1.40271 -1.42774
-1.4038 -1.42494
-1.40606 -1.4248
-1.40712 -1.42199
-1.41063 -1.41743
-1.41163 -1.41461
-1.4125 -1.41191
-1.41345 -1.40906
-1.41423 -1.40607
-1.41513 -1.40321
-1.41786 -1.40239
-1.4187 -1.39951
-1.41829 -1.3957
-1.41907 -1.3928
-1.4224 -1.39203
-1.42388 -1.38622
-1.41893 -1.38911
-1.42025 -1.38325
-1.42002 -1.38365
-1.42063 -1.38072
-1.42212 -1.37399
-1.42264 -1.37103
-1.42412 -1.37154
-1.4246 -1.36858
-1.42467 -1.36509
-1.42509 -1.36212
-1.43094 -1.35805
-1.4313 -1.35507
-1.43167 -1.35487
-1.432 -1.35189
-1.43447 -1.34776
-1.43475 -1.34478
-1.43591 -1.34387
-1.43613 -1.34087
-1.43219 -1.33605
-1.43229 -1.33305
-1.43623 -1.33058
-1.43622 -1.32758
-1.43668 -1.32543
-1.43656 -1.32243
-1.43822 -1.31786
-1.43767 -1.31189
-1.44112 -1.30971
-1.44075 -1.30674
-1.4387 -1.30425
-1.43826 -1.30128
-1.43692 -1.29721
-1.43641 -1.29426
-1.43483 -1.29229
-1.43425 -1.28934
-1.4361 -1.28603
-1.43547 -1.28309
-1.43137 -1.28084
-1.43075 -1.27791
-1.43495 -1.27637
-1.43432 -1.27344
-1.43536 -1.27136
-1.43473 -1.26842
-1.43281 -1.2666
-1.43219 -1.26366
-1.42824 -1.25962
-1.42761 -1.25669
-1.42936 -1.25499
-1.4287 -1.25206
-1.43055 -1.25087
-1.42986 -1.24795
-1.42397 -1.24595
-1.42328 -1.24303
-1.42579 -1.23863
-1.4251 -1.23571
-1.42259 -1.23192
-1.42189 -1.22901
-1.42185 -1.2249
-1.42115 -1.22198
-1.42049 -1.22125
-1.41979 -1.21834
-1.41983 -1.21561
-1.41913 -1.21269
-1.41793 -1.2112
-1.41723 -1.20828
-1.42049 -1.20555
-1.41978 -1.20263
-1.41899 -1.19616
-1.41828 -1.19325
-1.41792 -1.19055
-1.41721 -1.18764
-1.41362 -1.18792
-1.4129 -1.18501
-1.41282 -1.18123
-1.41212 -1.17831
-1.41369 -1.17721
-1.41299 -1.17429
-1.41476 -1.16857
-1.41407 -1.16565
-1.40787 -1.1643
-1.40718 -1.16138
-1.4095 -1.15967
-1.40878 -1.15675
-1.41077 -1.15718
-1.41001 -1.15428
-1.40817 -1.15203
-1.4074 -1.14913
-1.40758 -1.14527
-1.40681 -1.14237
-1.40446 -1.14146
-1.40369 -1.13856
-1.40366 -1.13631
-1.40289 -1.13341
-1.40191 -1.13137
-1.40025 -1.12509
-1.39601 -1.11999
-1.39485 -1.11564
-1.39681 -1.11222
-1.39552 -1.10739
-1.39422 -1.10178
-1.39291 -1.09695
-1.39134 -1.09017
-1.39005 -1.08534
-1.38697 -1.08062
-1.38568 -1.07579
-1.38302 -1.07149
-1.38174 -1.06665
-1.38465 -1.06469
-1.38337 -1.05985
-1.37858 -1.05342
-1.37724 -1.04861
-1.37729 -1.04047
-1.37589 -1.03567
-1.38077 -1.03538
-1.3793 -1.0306
-1.37866 -1.02752
-1.37709 -1.02277
-1.37648 -1.018
-1.3748 -1.01329
-1.3733 -1.00954
-1.37153 -1.00487
-1.3659 -0.999399
-1.36404 -0.99476
-1.36224 -0.988858
-1.3603 -0.98425
-1.35776 -0.979388
-1.35572 -0.974823
-1.35573 -0.969841
-1.35361 -0.965313
-1.35094 -0.96253
-1.34872 -0.958046
-1.34485 -0.951874
-1.34257 -0.947425
-1.34631 -0.943291
-1.34393 -0.938895
-1.34104 -0.93519
-1.33862 -0.930815
-1.33767 -0.925723
-1.33525 -0.921349
-1.32949 -0.918742
-1.32706 -0.914375
-1.32639 -0.908204
-1.32396 -0.903831
-1.32547 -0.902862
-1.32306 -0.89848
-1.31686 -0.893093
-1.31445 -0.888713
-1.31087 -0.883535
-1.30847 -0.879147
-1.30755 -0.87868
-1.30516 -0.874288
-1.30066 -0.868428
-1.29827 -0.864036
-1.29654 -0.858499
-1.2941 -0.854132
-1.29521 -0.853047
-1.29274 -0.848697
-1.2931 -0.845148
-1.29063 -0.840797
-1.28579 -0.834966
-1.28058 -0.82585
-1.27685 -0.827396
-1.27363 -0.821747
-1.27688 -0.812853
-1.27347 -0.806743
-1.267 -0.802367
-1.26015 -0.790156
-1.2624 -0.790847
-1.25889 -0.784792
-1.25865 -0.779127
-1.25506 -0.773121
-1.24812 -0.766967
-1.24437 -0.761057
-1.24372 -0.753124
-1.23982 -0.747314
-1.23483 -0.740761
-1.23081 -0.735031
-1.22932 -0.73048
-1.22524 -0.724789
-1.22026 -0.717028
-1.21616 -0.71136
-1.21192 -0.709195
-1.20782 -0.703515
-1.20478 -0.696978
-1.20068 -0.691302
-1.19873 -0.685418
-1.19464 -0.679739
-1.18844 -0.672754
-1.1843 -0.667114
-1.17922 -0.661785
-1.17496 -0.656228
-1.17593 -0.647802
-1.1716 -0.642303
-1.16662 -0.641418
-1.16219 -0.636003
-1.15947 -0.630178
-1.15492 -0.62485
-1.14858 -0.616698
-1.14393 -0.611468
-1.13897 -0.606479
-1.13422 -0.601334
-1.13042 -0.594651
-1.12556 -0.589613
-1.12401 -0.585191
-1.11407 -0.575335
-1.11555 -0.580866
-1.11059 -0.575928
-1.11005 -0.569578
-1.10508 -0.564645
-1.09741 -0.559607
-1.09245 -0.55467
-1.08907 -0.552226
-1.08411 -0.547288
-1.07664 -0.543174
-1.07168 -0.538236
-1.06762 -0.531655
-1.06262 -0.526762
-1.06032 -0.524093
-1.05525 -0.519267
-1.05042 -0.512752
-1.04525 -0.508029
-1.04183 -0.503002
-1.03656 -0.498391
-1.03005 -0.495515
-1.02468 -0.491015
-1.01824 -0.483775
-1.01277 -0.479396
-1.01052 -0.477208
-1.00497 -0.472937
-0.998903 -0.46393
-0.993278 -0.459763
-0.989899 -0.457024
-0.984207 -0.452949
-0.978473 -0.449297
-0.972697 -0.445342
-0.959937 -0.435796
-0.954074 -0.431972
-0.949693 -0.429894
-0.943807 -0.426105
-0.938298 -0.423966
-0.932403 -0.42019
-0.929629 -0.411275
-0.923741 -0.407488
-0.916536 -0.403561
-0.910646 -0.399778
-0.899325 -0.395328
-0.892601 -0.390994
-0.891466 -0.387874
-0.884349 -0.383227
-0.887129 -0.385856
-0.879585 -0.380949
-0.872572 -0.376291
-0.865004 -0.37142
-0.85473 -0.366314
-0.839177 -0.356295
-0.839662 -0.356194
-0.822422 -0.345101
-0.824659 -0.344028
-0.815007 -0.337776
-0.806097 -0.334829
-0.785609 -0.321395
-0.786424 -0.323401
-0.775518 -0.316326
-0.754705 -0.302092
-0.743716 -0.295145
-0.734207 -0.285932
-0.723106 -0.279167
-0.712218 -0.272984
-0.701002 -0.266411
-0.688801 -0.259017
-0.677445 -0.252689
-0.667907 -0.244073
-0.656448 -0.237934
-0.64843 -0.234276
-0.636939 -0.228196
-0.622069 -0.225122
-0.610574 -0.21905
-0.598969 -0.210044
-0.587477 -0.203966
-0.579298 -0.201036
-0.56778 -0.195008
-0.556544 -0.187742
-0.545046 -0.181676
-0.53476 -0.176415
-0.523272 -0.17033
-0.51068 -0.161184
-0.499183 -0.155116
-0.485427 -0.150608
-0.473925 -0.144549
-0.467074 -0.138433
-0.455589 -0.132341
-0.444006 -0.128997
-0.432533 -0.122884
-0.423321 -0.114138
-0.411826 -0.108065
-0.411367 -0.110118
-0.39981 -0.104165
-0.387068 -0.097632
-0.375406 -0.0918876
-0.36262 -0.0843057
-0.350853 -0.0787784
-0.340802 -0.0707445
-0.328919 -0.0654721
-0.314971 -0.0593015
-0.30298 -0.0542805
-0.295102 -0.0523687
-0.283023 -0.0475612
-0.272837 -0.0406281
-0.260666 -0.0360612
-0.244506 -0.0362509
-0.232246 -0.0319296
-0.2209 -0.0241227
-0.208551 -0.0200612
-0.195655 -0.0188488
-0.18324 -0.014995
-0.175478 -0.00633677
-0.162983 -0.00274919
-0.14829 0.000320597
-0.135724 0.00364953
-0.123096 0.00641972
-0.110468 0.0095075
-0.0984577 0.0115579
-0.0857668 0.0143759
-0.0761263 0.0178852
-0.0761263 0.0178852
-0.0568984 0.0214568
-0.0568984 0.0214568
-0.0492701 0.0249489
-0.0492701 0.0249489
-0.04937 0.0267182
-0.04937 0.0267182
-0.0493372 0.0242365
-0.0493372 0.0242365
-0.0491412 0.0282266
-0.0491412 0.0282266
-0.0479757 0.0255175
-0.0479757 0.0255175
-0.0482342 0.0267921
-0.0482342 0.0267921
-0.0484766 0.0274783
-0.0484766 0.0274783
-0.0489376 0.0262098
-0.0489376 0.0262098
-0.0498262 0.0268178
-0.0498262 0.0268178
-0.0479001 0.0255117
-0.0479001 0.0255117
-0.0486696 0.0238069
-0.0486696 0.0238069
-0.0488091 0.0269267
-0.0488091 0.0269267
-0.0486998 0.0249204
-0.0486998 0.0249204
-0.0496356 0.0263862
-0.0496356 0.0263862
-0.0486231 0.0264747
-0.0486231 0.0264747
-0.0481877 0.0270381
-0.0481877 0.0270381
-0.0485849 0.0266218
-0.0485849 0.0266218
-0.0494236 0.025097
-0.0494236 0.025097
-0.0490746 0.0251974
-0.0490746 0.0251974
-0.0488709 0.0247355
-0.0488709 0.0247355
-0.0488027 0.0243734
-0.0488027 0.0243734
-0.0488165 0.0249504
-0.0488165 0.0249504
-0.0485618 0.0253725
-0.0485618 0.0253725
-0.0482305 0.0252978
-0.0482305 0.0252978
-0.0480898 0.0255517
-0.0480898 0.0255517
-0.0480849 0.0257419
-0.0480849 0.0257419
-0.0482475 0.0259577
-0.0482475 0.0259577
-0.0481854 0.0260155
-0.0481854 0.0260155
-0.0482538 0.0261988
-0.0482538 0.0261988
-0.0481369 0.0262664
-0.0481369 0.0262664
-0.0481058 0.0263241
-0.0481058 0.0263241
-0.0481975 0.0263115
-0.0481975 0.0263115
-0.0481246 0.0263335
-0.0481246 0.0263335
-0.0480073 0.0264092
-0.0480073 0.0264092
-0.0480906 0.0262567
-0.0480906 0.0262567
-0.0480867 0.0262415
-0.0480867 0.0262415
-0.0479962 0.0262463
-0.0479962 0.0262463
-0.048022 0.0262913
-0.048022 0.0262913
-0.0479421 0.0263238
-0.0479421 0.0263238
-0.0478253 0.0263038
-0.0478253 0.0263038
-0.0478318 0.0261939
-0.0478318 0.0261939
-0.0477335 0.0262349
-0.0477335 0.0262349
-0.047661 0.0262501
-0.047661 0.0262501
-0.0476003 0.0262507
-0.0476003 0.0262507
-0.0475225 0.0261404
-0.0475225 0.0261404
-0.047465 0.0260692
-0.047465 0.0260692
-0.0474245 0.0260618
-0.0474245 0.0260618
-0.0473669 0.0260374
-0.0473669 0.0260374
-0.0473186 0.0260009
-0.0473186 0.0260009
-0.0472904 0.025949
-0.0472904 0.025949
-0.0472834 0.0258961
-0.0472834 0.0258961
-0.0472081 0.0258114
-0.0472081 0.0258114
-0.0472081 0.0258114
-0.0472081 0.0258114
-0.0472081 0.0258114
-0.0472081 0.0258114
-0.0472081 0.0258114
-0.0472081 0.0258114
-0.0472081 0.0258114
-0.0472081 0.0258114
-0.0472081 0.0258114
-0.0472081 0.0258114
-0.0472081 0.0258114
-0.0472081 0.0258114
-0.0472081 0.0258114
-0.0472081 0.0258114
-0.0472081 0.0258114
-0.0472081 0.0258114
-0.0472081 0.0258114
-0.0472081 0.0258114
-0.0472081 0.0258114
-0.0472081 0.0258114
-0.0472081 0.0258114
-0.0472081 0.0258114
-0.0472081 0.0258114
-0.0472081 0.0258114
-0.0472081 0.0258114
-0.0472081 0.0258114
-0.0472081 0.0258114
-0.0472081 0.0258114
-0.0472081 0.0258114
-0.0472081 0.0258114
-0.0472081 0.0258114
-0.0472081 0.0258114
-0.0472081 0.0258114
-0.0472081 0.0258114
-0.0472081 0.0258114
-0.0472081 0.0258114
-0.0472081 0.0258114
-0.0472081 0.0258114
-0.0472081 0.0258114
