0 0
0 0
0 0
0 0
0 0
0 0
0 0
0 0
0 0
0 0
0 0
0 0
0 0
0 0
0 0
0 0
0 0
0 0
0 0
0 0
0 0
0 0
0 0
0 0
0 0
0 0
0 0
0 0
0 0
0 0
0 0
0 0
0 0
0 0
0 0
0 0
0 0
0 0
0 0
0 0
0 0
0 0
0 0
0 0
0 0
0 0
0 0
0 0
0 0
0 0
0 0
0 0
0 0
0 0
0 0
0 0
0 0
0 0
0 0
0 0
0.00343803 0.00343803
0.00344361 0.00344361
0.00344915 0.0267492
0.00345464 0.0267438
0.00345824 0.0318043
0.0034655 0.0317971
0.00346905 0.0285945
0.00347619 0.0285874
0.00347969 0.0286426
0.00348494 0.0286374
0.00349015 0.027637
0.00349707 0.0276301
0.00350045 0.0272461
0.00350726 0.0272393
0.00351058 0.0309264
0.00351559 0.0309214
0.00352055 0.0293177
0.00352713 0.0293111
0.003532 0.0287816
0.00353519 0.0287784
0.00354161 0.026709
0.00354475 0.0267059
0.00354792 0.0262581
0.00355416 0.0262519
0.00355881 0.0265145
0.00356342 0.0265099
0.00356649 0.0283083
0.00357254 0.0283023
0.00357556 0.0273689
0.00358151 0.027363
0.00358595 0.026342
0.00359035 0.0263376
0.00359618 0.0259641
0.00359903 0.0259613
0.00360333 0.0297535
0.00360759 0.0297493
0.00361324 0.0274609
0.003616 0.0274582
0.00362157 0.0275383
0.00362429 0.0275356
0.00362839 0.0266562
0.00363245 0.0266521
0.00363785 0.0281641
0.00364183 0.0281602
0.00364444 0.0273331
0.00364969 0.0273279
0.00365225 0.0274756
0.0036561 0.0274718
0.00365992 0.0268402
0.00366245 0.0268377
0.00366744 0.0298975
0.00367239 0.0298926
0.00367481 0.0265437
0.00367844 0.0265401
0.00368203 0.0272732
0.00368679 0.0272685
0.00368911 0.0279868
0.0036926 0.0279833
0.00369605 0.0269281
0.00369946 0.0269247
0.00370284 0.0291504
0.00370731 0.029146
0.00371061 0.0266179
0.00371276 0.0266158
0.00371706 0.028405
0.00371915 0.0284029
0.00372227 0.0277807
0.00372534 0.0277777
0.00372937 0.0275431
0.00373133 0.0275411
0.00373426 0.0283645
0.00373714 0.0283617
0.00374094 0.0285291
0.00374373 0.0285264
0.00374554 0.0288686
0.00374826 0.0288659
0.00375094 0.0267819
0.00375358 0.0267793
0.00375618 0.0282812
0.00525835 0.0267962
0.00676104 0.0259551
0.00869534 0.0240724
0.0104665 0.0245967
0.0118633 0.0232001
0.0130913 0.0230586
0.0141288 0.022035
0.013233 0.0235154
0.0142704 0.0224793
0.0143393 0.0244038
0.0124367 0.0262876
0.0134952 0.024932
0.0125462 0.025883
0.0135963 0.02661
0.0126286 0.0275773
0.0136688 0.0304228
0.0126812 0.031414
0.013711 0.0300144
0.0137207 0.0300073
0.0137226 0.0253758
0.0161904 0.0229099
0.0180471 0.0242839
0.0183732 0.0239637
0.0143473 0.0265296
0.019633 0.0212397
0.0182492 0.0251016
0.0142006 0.0291607
0.0167509 0.026299
0.0185658 0.0244876
0.0192044 0.0242752
0.0193694 0.0241167
0.020993 0.0233253
0.0194473 0.0248832
0.0196665 0.0269904
0.0197447 0.0269222
0.0214409 0.022896
0.0199017 0.0244516
0.0215938 0.0267803
0.0200394 0.0283514
0.0217177 0.0227383
0.0201355 0.0243431
0.0217957 0.0242485
0.0201822 0.0258904
0.0185022 0.0252767
0.0201793 0.0235948
0.0184693 0.0267071
0.0201279 0.0250557
0.020086 0.023595
0.0200377 0.0236616
0.0199886 0.0266896
0.0182653 0.0284556
0.0199214 0.0259623
0.0199147 0.0259877
0.020099 0.0277747
0.0202993 0.0275918
0.0187515 0.0286228
0.0204773 0.0268864
0.0205672 0.0243709
0.0206512 0.0243108
0.0190921 0.0275823
0.0207915 0.0258586
0.0208446 0.0237169
0.0208857 0.0237042
0.0209149 0.0268262
0.0209321 0.0268397
0.0192929 0.0270434
0.0241379 0.0221049
0.025779 0.0278224
0.0289166 0.0247749
0.030516 0.0254646
0.0303631 0.0256843
0.0301931 0.0264005
0.0283866 0.0282795
0.0302569 0.0255271
0.0303705 0.0254756
0.0285267 0.0245083
0.0302152 0.0228493
0.028422 0.0271092
0.0300575 0.0254969
0.029959 0.0267166
0.0298478 0.026868
0.0247345 0.0326997
0.0295804 0.027907
0.0261319 0.0284471
0.024261 0.0303608
0.0223218 0.0334305
0.0221427 0.0336331
0.0237287 0.029383
0.0285836 0.0245454
0.0235556 0.0331378
0.0234398 0.0332675
0.0233105 0.0273381
0.0231723 0.0274871
0.0280216 0.031385
0.0261739 0.0332419
0.032815 0.0253564
0.0327469 0.0254332
0.0327142 0.026598
0.0326906 0.0266356
0.0326654 0.0247992
0.0309375 0.0265514
0.0326284 0.0270439
0.0327406 0.0269571
0.0332279 0.0281008
0.0318692 0.0294923
0.0335873 0.0277876
0.0336321 0.0277673
0.0338225 0.0239008
0.0340306 0.02372
0.0341181 0.0284785
0.0342045 0.0284243
0.0342872 0.0281402
0.034364 0.0281002
0.0344326 0.0274582
0.0344916 0.0274406
0.0345406 0.0310014
0.0345799 0.0310093
0.0346096 0.0288573
0.0346307 0.0288881
0.0346453 0.029769
0.0346585 0.0298121
0.0362898 0.0296635
0.0347008 0.0313575
0.0364234 0.0274519
0.0354559 0.0285043
0.0372777 0.0264016
0.035741 0.0280296
0.0373953 0.0259529
0.0360852 0.0273534
0.0378347 0.0297887
0.0363618 0.0313505
0.0364639 0.0264526
0.036561 0.026406
0.0366514 0.0277936
0.0383061 0.026132
0.0368037 0.0297859
0.0384405 0.0281439
0.0369154 0.0277809
0.0353377 0.0295049
0.0353702 0.0289331
0.0370151 0.0272619
0.0370402 0.0284981
0.0370676 0.0285396
0.0371186 0.0279266
0.0374611 0.0276317
0.0379466 0.0303837
0.0380834 0.0302855
0.0381403 0.0317582
0.036721 0.0333172
0.0385384 0.0286148
0.0370899 0.0301909
0.0387645 0.0269311
0.0388628 0.0268802
0.0373825 0.0335635
0.0390404 0.0318428
0.0391157 0.0321558
0.037604 0.0338384
0.0392353 0.0321637
0.0392797 0.0321767
0.0393143 0.0316592
0.0393401 0.0316942
0.039361 0.035794
0.0393808 0.0358374
0.0394036 0.0328919
0.0394801 0.0328746
0.0398936 0.0320148
0.0402898 0.0316298
0.0403536 0.0335539
0.040401 0.0335365
0.0405378 0.0336641
0.0408046 0.0334125
0.0408896 0.0358957
0.0424856 0.0342205
0.0410606 0.0357513
0.041138 0.0357096
0.0412072 0.0365386
0.0412663 0.0365183
0.041315 0.0362419
0.0413533 0.0362463
0.0398253 0.0365112
0.0413994 0.0348325
0.039852 0.0404646
0.0414149 0.038794
0.04142 0.0390257
0.04143 0.0390636
0.0401302 0.0396272
0.0419966 0.0376088
0.0437555 0.0374452
0.0422994 0.0390445
0.0423342 0.039746
0.0425226 0.0395566
0.0427221 0.0377117
0.0412605 0.0393354
0.0428621 0.0388787
0.0429263 0.0388311
0.0429839 0.0386298
0.0414924 0.0402915
0.0430709 0.0385606
0.0446085 0.0369061
0.043116 0.0370446
0.0431228 0.0370645
0.04312 0.0396763
0.0415566 0.0414303
0.0415437 0.0425627
0.0430817 0.0408948
0.0415502 0.0424759
0.0432647 0.0406061
0.0422551 0.0427342
0.0438548 0.0409845
0.0453722 0.0396499
0.0438877 0.0412529
0.0441169 0.0411545
0.0442414 0.0410202
0.0427558 0.0430699
0.042803 0.0430192
0.044385 0.0408457
0.0428774 0.0424935
0.0444482 0.0398384
0.0429134 0.04152
0.0444702 0.0406934
0.0444652 0.0407044
0.0444497 0.0395253
0.0444246 0.0395604
0.0443927 0.0408731
0.0427947 0.0426229
0.0443249 0.0406112
0.0428014 0.0422729
0.0431731 0.0422934
0.0449681 0.0403287
0.043459 0.0454952
0.0450122 0.0438054
0.0450519 0.0448674
0.0453024 0.0445778
0.0438096 0.0461519
0.043842 0.0460993
0.04387 0.0465835
0.0438915 0.0465463
0.0439043 0.0474563
0.0439067 0.0474412
0.0454708 0.0420016
0.0438794 0.0436976
0.0454301 0.0435643
0.0438098 0.0452795
0.0453482 0.0411936
0.0452969 0.0412382
0.0452438 0.040351
0.0451931 0.0403943
0.0451949 0.0434265
0.0440971 0.0445499
0.0442785 0.0436399
0.0458354 0.0419705
0.0442357 0.0447405
0.0459041 0.0429344
0.0461209 0.04258
0.0461398 0.0425295
0.0445888 0.0499642
0.0446468 0.0498586
0.0447316 0.0476345
0.044841 0.0474593
0.0464782 0.0492855
0.0450729 0.0507236
0.045171 0.0526517
0.0452598 0.052485
0.0468273 0.0491508
0.0469034 0.0489793
0.0470133 0.0506822
0.0474202 0.0501277
0.0476968 0.0493575
0.0491612 0.0475933
0.0477959 0.0491387
0.0464055 0.0506101
0.0478373 0.0513395
0.0478358 0.0511908
0.0478208 0.0495215
0.0464123 0.0510467
0.0463872 0.0507847
0.0463568 0.0506621
0.0463229 0.0526123
0.0476137 0.0508288
0.0462272 0.0537837
0.0474729 0.0520099
0.0487888 0.0497271
0.0479696 0.0505353
0.0493193 0.0510262
0.0468339 0.0539675
0.0468305 0.0534922
0.0468184 0.0532557
0.0479964 0.0521753
0.047952 0.0519565
0.0478967 0.0513865
0.0478301 0.0511885
0.0477526 0.0520983
0.048802 0.0503385
0.0545131 0.0431498
0.0530374 0.0446961
0.0541392 0.0480635
0.0539197 0.0480711
0.0536955 0.0489875
0.0548212 0.0473211
0.0533149 0.0470756
0.0530942 0.0470863
0.0528711 0.0459908
0.0539856 0.0443582
0.0524284 0.0483418
0.053561 0.0467067
0.0520568 0.0483439
0.053422 0.0464436
0.052374 0.0488915
0.0522425 0.0488339
0.0521006 0.047419
0.0519553 0.0473858
0.0518054 0.0433679
0.0516493 0.0433552
0.0500757 0.0480862
0.0499 0.0480958
0.0497219 0.0483879
0.0509686 0.0467069
0.0493641 0.0454566
0.0506341 0.0437745
0.0504727 0.0558376
0.0502719 0.0559231
0.0485634 0.0590127
0.0498414 0.0573935
0.0481244 0.0543262
0.0494441 0.0526842
0.0479521 0.0570155
0.0495939 0.0550545
0.0511093 0.0529953
0.0495006 0.054668
0.0508961 0.0582968
0.0537935 0.0550186
0.053705 0.0538508
0.0536429 0.0538383
0.0535707 0.0578882
0.0518887 0.0596035
0.053394 0.058709
0.05168 0.0604514
0.0531773 0.0575852
0.0514428 0.0593431
0.0529405 0.0587786
0.0544005 0.0571651
0.0527229 0.059086
0.054223 0.0574439
0.0525859 0.0573028
0.0525403 0.0572763
0.0526672 0.0585733
0.0514238 0.0598137
0.0514376 0.059756
0.0530365 0.0580175
0.0530339 0.0580918
0.0530243 0.0580461
0.0530062 0.0615931
0.0529775 0.0615677
0.0513124 0.061236
0.0528861 0.0595396
0.0528231 0.0609899
0.0623469 0.0510398
0.0638877 0.0533401
0.0620687 0.0551886
0.0601044 0.0582231
0.0616173 0.0566803
0.0595538 0.061072
0.0610364 0.0595812
0.0607707 0.0604979
0.0608211 0.0604531
0.0607457 0.0605475
0.0606145 0.0606816
0.0586281 0.0613913
0.058402 0.0616104
0.0649177 0.0617099
0.0627957 0.0637972
0.06422 0.0602553
0.0638143 0.0606165
0.0589053 0.0630434
0.0579588 0.0639969
0.0579491 0.0614786
0.0579356 0.0614922
0.0579287 0.0637654
0.0579143 0.0637798
0.0579035 0.0571897
0.0578926 0.0572007
0.0578854 0.0593741
0.0578744 0.0593853
0.0578633 0.0595128
0.0578558 0.0595204
0.0578408 0.0604845
0.0578332 0.0604923
0.0578181 0.0612142
0.0578065 0.0612259
0.0577643 0.0593505
0.0576768 0.0594396
0.0575454 0.0628543
0.057305 0.0630987
0.0571129 0.0586761
0.0569857 0.0588057
0.0567923 0.0603436
0.0565684 0.0605773
0.0563915 0.062432
0.056022 0.0628225
0.0558278 0.0606026
0.0552215 0.0612508
0.0547689 0.0579428
0.0539507 0.0588592
0.0536289 0.055626
0.0534377 0.0558481
0.0535628 0.0558067
0.0537201 0.0556205
0.0536461 0.0570582
0.0534436 0.0573043
0.0533135 0.054316
0.0530602 0.0546358
0.0529406 0.0561058
0.0527072 0.0564032
0.0525966 0.0502636
0.0524345 0.0504921
0.0522791 0.0519487
0.0521304 0.052172
0.0519882 0.0533345
0.051808 0.0536357
0.0517237 0.0494196
0.0518012 0.0492655
0.0517763 0.0514444
0.0517582 0.0514723
0.0517489 0.0499059
0.0516883 0.0500204
0.0516139 0.0468909
0.0515661 0.0469876
0.0514732 0.0501108
0.0514295 0.0502069
0.0513451 0.0467392
0.0513057 0.0468348
0.0512672 0.0467116
0.0511955 0.0469095
0.0511458 0.0473607
0.0510998 0.0475043
0.0510442 0.0466602
0.0510073 0.046799
0.0509852 0.0471278
0.0509459 0.0473183
0.0509293 0.0469049
0.0509028 0.0470958
0.050894 0.0449476
0.0508869 0.0450126
0.0508833 0.0445122
0.0508808 0.0445177
0.0508795 0.0433857
0.0508776 0.0433899
0.0508757 0.0444433
0.0508738 0.0444474
0.0508719 0.0435274
0.0508694 0.0435328
0.0508682 0.0481117
0.0508657 0.0481173
0.0508645 0.0429867
0.0508626 0.0429909
0.0508607 0.0456042
0.0508583 0.0456096
0.050857 0.0437883
0.0508552 0.0437923
0.0508534 0.0408296
0.0508509 0.0408349
0.0508497 0.0417467
0.0508479 0.0417508
0.0508461 0.0433206
0.0508443 0.0433246
0.0508425 0.0413185
0.0507911 0.0409762
0.0506979 0.0424094
0.0505387 0.0420278
0.0502851 0.0432142
0.0500551 0.0423969
0.0496614 0.0417998
0.0493758 0.0410797
0.0489463 0.0444442
0.048662 0.0437492
0.0483077 0.0438292
0.0479552 0.0438667
0.0476043 0.0416146
0.0472549 0.0416436
0.0468401 0.039935
0.0464904 0.0399714
0.046205 0.0418017
0.0458605 0.0417944
0.0455139 0.0421516
0.045251 0.0414737
0.0448143 0.0453539
0.0444622 0.0453545
0.0441088 0.0429156
0.0438435 0.0422375
0.043324 0.0440566
0.0429628 0.0440507
0.0425993 0.0470147
0.0423094 0.0462377
0.0418334 0.0454157
0.0415164 0.044081
0.0412734 0.0420169
0.0406617 0.0422346
0.0404289 0.0449463
0.0396143 0.046138
0.0390832 0.0420671
0.0385529 0.0420884
0.0380237 0.0460272
0.037496 0.0460667
0.0369705 0.0447696
0.0364475 0.044817
0.0359274 0.0448808
0.0351819 0.0462476
0.0348891 0.0442725
0.0341498 0.0455604
0.0338647 0.0457999
0.0331112 0.0471016
0.0328299 0.0461876
0.0323084 0.0461877
0.0317838 0.0474701
0.0315892 0.0463149
0.0307302 0.0466443
0.030592 0.0452588
0.0308257 0.0427699
0.0313308 0.0409873
0.0301199 0.0412303
0.0304491 0.0399675
0.0290399 0.0417471
0.0276944 0.0431364
0.027958 0.0408281
0.0274205 0.0408738
0.026889 0.0407968
0.0255082 0.0422728
0.0258503 0.0429483
0.0244626 0.0444025
0.0248328 0.0442804
0.0234086 0.0457564
0.0228806 0.0414514
0.0233115 0.0399521
0.0228348 0.0416811
0.022539 0.0414121
0.0211545 0.0453304
0.0217655 0.0438994
0.0213255 0.0465823
0.0208837 0.0465968
0.0204403 0.0443859
0.0199971 0.0444201
0.0195571 0.0436475
0.0191247 0.043683
0.0186981 0.0428933
0.0170558 0.0443433
0.0166343 0.0447973
0.0162197 0.0448075
0.0171447 0.045553
0.01677 0.0455552
0.016404 0.0471836
0.0160558 0.0471715
0.0159514 0.0444707
0.0159127 0.0442011
0.0156492 0.0439894
0.0137703 0.0455127
0.0150889 0.0457213
0.0131423 0.0472542
0.014526 0.0478166
0.0142493 0.0478515
0.0139836 0.0432573
0.0119522 0.0448631
0.0117078 0.0485263
0.0133217 0.0469704
0.0131437 0.04588
0.0129781 0.0458872
0.0147098 0.0457622
0.0126895 0.0471624
0.0125752 0.0478719
0.0126735 0.0477045
0.0130435 0.0455199
0.0130984 0.0454286
0.0130461 0.0439489
0.0129929 0.043958
0.0129366 0.0490799
0.0128787 0.0491045
0.012823 0.0494808
0.0127764 0.0495107
0.0127465 0.0496536
0.0127295 0.0496909
0.0127877 0.0529968
0.0128295 0.053013
0.01089 0.0502356
0.0109767 0.0502313
0.0110815 0.0523645
0.0112088 0.0523608
0.0115602 0.0523892
0.0139454 0.0505931
0.016182 0.0454657
0.0144189 0.0469483
0.0163975 0.04741
0.0146129 0.0488929
0.0146972 0.051177
0.0147764 0.0512128
0.0130047 0.060107
0.0186833 0.055286
0.0206933 0.0539041
0.0210845 0.0538196
0.0213111 0.0511556
0.0193986 0.0528599
0.021368 0.0512111
0.019455 0.0529307
0.0214095 0.0495969
0.0195028 0.051221
0.0214458 0.049952
0.0214681 0.0502
0.0215763 0.0514263
0.0202942 0.0525749
0.0224993 0.0501334
0.0206947 0.051521
0.0226518 0.0487645
0.0208985 0.0501392
0.0228593 0.0457142
0.0247842 0.0447856
0.0229637 0.0482086
0.0248731 0.0472611
0.0230198 0.0467736
0.0211106 0.0482223
0.0230192 0.0438593
0.0229978 0.0440975
0.0229634 0.0440695
0.024812 0.0432299
0.0228806 0.041895
0.0228572 0.0421227
0.0229701 0.0454924
0.0212011 0.0465459
0.0231315 0.0410265
0.0212894 0.0421168
0.0232203 0.0430282
0.0232718 0.0432325
0.0234723 0.0402479
0.0221044 0.0410419
0.0240826 0.0393247
0.0240723 0.0395386
0.0240501 0.0389909
0.0221051 0.0398503
0.0240017 0.0380461
0.0258769 0.0377362
0.02427 0.0373301
0.0224674 0.0380353
0.0244078 0.0348959
0.0244328 0.035091
0.024445 0.0338834
0.0244427 0.0340781
0.0244257 0.0321742
0.0243937 0.0323743
0.0262498 0.0319422
0.0242862 0.0323848
0.0242157 0.0311878
0.0241465 0.0313686
0.0259933 0.0279438
0.0241488 0.0282262
0.0262665 0.0325444
0.0226409 0.0328847
0.0228252 0.0295807
0.0247953 0.0293576
0.0229174 0.0267625
0.0229413 0.0268993
0.0229511 0.0276815
0.0229459 0.0278155
0.0248623 0.0285131
0.0228932 0.0285132
0.0247961 0.0266536
0.0228257 0.0266266
0.0247481 0.0243532
0.0267194 0.0248963
0.030831 0.0237404
0.0290044 0.0233874
0.0291322 0.0258615
0.03117 0.0258608
0.0312975 0.022209
0.0314219 0.0222458
0.0315471 0.0194923
0.0316753 0.0195334
0.0336294 0.0213494
0.0319735 0.0212349
0.0321222 0.0251005
0.0304421 0.0251688
0.0305959 0.0207085
0.0307556 0.0207412
0.0327189 0.0242869
0.0329087 0.0243316
0.0337619 0.0264024
0.0417427 0.0282039
0.0428758 0.0258068
0.0437629 0.0258537
0.044649 0.0233545
0.0426632 0.0230638
0.0462838 0.0220181
0.0564067 0.0210479
0.0574981 0.0226794
0.0581002 0.0227875
0.0701023 0.0292978
0.0748819 0.030713
0.0689217 0.0302246
0.0738399 0.0284929
0.0841272 0.0221474
0.0895856 0.022966
0.100319 0.0245674
0.106137 0.0280625
0.101661 0.0208133
0.107257 0.021802
0.107696 0.025618
0.108124 0.0257216
0.108552 0.0233097
0.109008 0.0234055
0.109464 0.0237282
0.110035 0.0238572
0.110616 0.0255464
0.111146 0.0256601
0.106831 0.0273694
0.107404 0.0274871
0.112759 0.0221303
0.113327 0.0222284
0.114055 0.0269241
0.114684 0.027053
0.115302 0.028459
0.120488 0.0297985
0.116569 0.024065
0.121722 0.0249338
0.117969 0.0231133
0.11422 0.0228992
0.119439 0.0264966
0.120149 0.0266095
0.116457 0.0286666
0.121606 0.0281593
0.122355 0.0251224
0.12325 0.0252185
0.128299 0.0263147
0.124852 0.0264701
0.129845 0.0307018
0.126473 0.0305254
0.131425 0.026173
0.128216 0.0261204
0.133195 0.0279902
0.130012 0.0284554
0.134908 0.0292347
0.131789 0.0300025
0.132683 0.034368
0.133597 0.0345063
0.130736 0.0307436
0.135605 0.0298526
0.132711 0.0319878
0.137526 0.0309732
0.13471 0.0236507
0.139474 0.0223048
0.144215 0.0312998
0.137917 0.0342227
0.142642 0.0286275
0.140038 0.0301788
0.144722 0.0297756
0.145763 0.0299095
0.146823 0.0259019
0.144494 0.0283034
0.149108 0.0271106
0.150209 0.0272199
0.151317 0.0311009
0.152433 0.0311988
0.150172 0.0299841
0.154754 0.0279662
0.15263 0.026412
0.157106 0.0246814
0.155017 0.0305089
0.159454 0.0279698
0.163851 0.0244435
0.161818 0.026038
0.166272 0.0317737
0.164344 0.0335546
0.168687 0.0300813
0.169894 0.0301744
0.168047 0.0317773
0.169279 0.0319019
0.170608 0.0344945
0.168949 0.0369802
0.173195 0.035295
0.174483 0.0354156
0.175783 0.0349009
0.177072 0.0350209
0.175586 0.0354399
0.176973 0.0355157
0.181125 0.0298005
0.182466 0.0299038
0.183818 0.034028
0.185167 0.0341294
0.186509 0.0370577
0.187942 0.0371191
0.189342 0.0319247
0.193396 0.0297532
0.189534 0.0393387
0.19354 0.0360983
0.197532 0.0346974
0.196348 0.0372135
0.200382 0.0352917
0.199283 0.0376912
0.200726 0.0350253
0.20218 0.0351333
0.203628 0.0380941
0.205068 0.0381863
0.206595 0.040622
0.205727 0.0438214
0.209582 0.0415936
0.208753 0.0446602
0.212578 0.0387695
0.2164 0.0361
0.215578 0.0390506
0.214907 0.0421473
0.21869 0.0394269
0.220226 0.0395157
0.221773 0.0397438
0.225531 0.0369444
0.222692 0.0468728
0.226457 0.0433538
0.225922 0.0486517
0.227519 0.0487492
0.229124 0.048754
0.230725 0.0488242
0.232315 0.0453392
0.235969 0.0421055
0.237623 0.0445967
0.239247 0.0446949
0.24087 0.0449926
0.242503 0.0450882
0.246122 0.0442093
0.245743 0.0472538
0.249373 0.043199
0.2491 0.0461849
0.250764 0.045984
0.252432 0.046106
0.254105 0.0474939
0.255763 0.0476103
0.25565 0.0504438
0.25737 0.0505159
0.260877 0.0501472
0.260807 0.0539624
0.264295 0.0499114
0.265999 0.0500001
0.267694 0.0510789
0.269461 0.0510778
0.271202 0.0506463
0.272944 0.0507463
0.274692 0.0529069
0.278149 0.0498102
0.278177 0.051591
0.279938 0.0516381
0.281736 0.0489932
0.285166 0.0457508
0.285297 0.0513269
0.28871 0.0477353
0.288867 0.0551556
0.284581 0.0674696
0.281784 0.0666821
0.279928 0.0720118
0.278485 0.0673783
0.277508 0.0694283
0.27746 0.0630126
0.277459 0.0630175
0.277456 0.0646176
0.277456 0.0646201
0.277455 0.0661892
0.277455 0.066191
0.277456 0.0639223
0.277456 0.0639231
0.277456 0.065811
0.277457 0.0658126
0.277457 0.0577683
0.27745 0.0577886
0.277409 0.0646128
0.277372 0.0646878
0.277331 0.0617495
0.277251 0.0618926
0.277209 0.0608109
0.277245 0.0607685
0.277323 0.0621955
0.277393 0.06211
0.277471 0.0609577
0.277509 0.0609125
0.277488 0.0591739
0.277419 0.0592514
0.277381 0.05911
0.277303 0.0591969
0.277263 0.0572853
0.277179 0.0573622
0.277137 0.057673
0.277047 0.0577555
0.276998 0.0561478
0.276942 0.0562026
0.276747 0.0559482
0.276534 0.0561189
0.276006 0.0554436
0.275771 0.0556006
0.275514 0.0558775
0.275431 0.0559292
0.275262 0.0535118
0.275175 0.0535699
0.274995 0.0512852
0.274855 0.0513753
0.27471 0.0484121
0.274561 0.0485049
0.274353 0.046137
0.274193 0.0461956
0.274029 0.0503959
0.273918 0.0504439
0.273804 0.0496824
0.273571 0.0497734
0.273393 0.0442818
0.27321 0.0443349
0.273024 0.0423079
0.272835 0.0423583
0.272576 0.0442197
0.272446 0.0442525
0.272179 0.0427716
0.271976 0.0428171
0.27177 0.0411128
0.271562 0.0411499
0.271423 0.0407231
0.271138 0.0407782
0.270996 0.0396413
0.270851 0.0396529
0.270561 0.0379491
0.270414 0.0379479
0.270121 0.0366337
0.269973 0.0366328
0.26968 0.0368435
0.269532 0.0368361
0.269283 0.0366538
0.269194 0.0366513
0.269097 0.0351682
0.269088 0.0351667
0.26912 0.0340205
0.269172 0.0340243
0.269223 0.0376864
0.269273 0.0376858
0.269337 0.0380399
0.269369 0.0380414
0.269416 0.0401928
0.269462 0.0401935
0.269523 0.0399352
0.269554 0.0399343
0.269614 0.0386664
0.27013 0.0386048
0.272117 0.0357441
0.272815 0.035689
0.272361 0.0363341
0.273019 0.0363398
0.272372 0.04105
0.272371 0.0410513
0.272365 0.042192
0.274719 0.0420161
0.27518 0.0419486
0.275159 0.041953
0.276085 0.0401359
0.275077 0.0402561
0.276 0.0425479
0.274996 0.042664
0.275899 0.0420801
0.276777 0.041879
0.276929 0.0437692
0.276142 0.0438956
0.277609 0.0422411
0.281818 0.0412728
0.281787 0.0440939
0.281892 0.0441302
0.280914 0.0427782
0.281835 0.0427134
0.281795 0.043753
0.28175 0.0438158
0.281699 0.0418712
0.280656 0.0421304
0.280586 0.0448534
0.280508 0.0449101
0.280422 0.0441639
0.281337 0.0441176
0.281242 0.0403653
0.280119 0.0405288
0.280002 0.0404261
0.280908 0.0403593
0.279746 0.0418431
0.280647 0.0417948
0.280506 0.0398571
0.28036 0.0399107
0.281231 0.0388552
0.280066 0.0390112
0.279926 0.0374945
0.279793 0.0375576
0.278638 0.0361359
0.278752 0.0361959
0.280066 0.0397225
0.281363 0.0398257
0.280504 0.037753
0.279411 0.0378294
0.280373 0.036247
0.281306 0.0363848
0.280217 0.0364011
0.280139 0.0364573
0.280059 0.0366987
0.279978 0.0367467
0.279895 0.0342864
0.27876 0.0342758
0.279722 0.0358861
0.279666 0.0359402
0.276792 0.0328425
0.279948 0.0333625
0.276927 0.0367629
0.279847 0.0369661
0.275695 0.0369591
0.275592 0.0369733
0.278485 0.0370095
0.278382 0.0370385
0.275293 0.0352725
0.276251 0.035339
0.275129 0.0357835
0.276103 0.0358758
0.275145 0.0307902
0.276467 0.0310465
0.276166 0.0302645
0.277258 0.0304241
0.277255 0.028716
0.277227 0.0287368
0.280146 0.0273098
0.280056 0.0273345
0.279913 0.0317853
0.279759 0.0317899
0.279597 0.0279022
0.278388 0.0276164
0.279246 0.0271527
0.279058 0.0271317
0.278861 0.0257371
0.28043 0.026506
0.281244 0.0231522
0.280085 0.0226012
0.279943 0.0239557
0.28078 0.02442
0.279646 0.0250783
0.280472 0.0255765
0.279353 0.0257341
0.280178 0.0262067
0.27909 0.0234841
0.279933 0.0240066
0.279032 0.0267007
0.279915 0.0271738
0.279012 0.0217207
0.279912 0.0221948
0.279911 0.0203881
0.279914 0.0204241
0.279021 0.0210962
0.279037 0.0211378
0.279981 0.0250425
0.27958 0.0248929
0.280819 0.0228954
0.280542 0.0227741
0.2816 0.0204506
0.280763 0.0200921
0.281699 0.0254959
0.280846 0.0251901
0.281775 0.0226653
0.282676 0.0231342
0.281828 0.0246894
0.282721 0.025175
0.281856 0.0244098
0.282741 0.0249368
0.281861 0.0238691
0.282738 0.024317
0.281844 0.0231211
0.282714 0.0235595
0.281809 0.02339
0.282674 0.023765
0.281762 0.0194373
0.282627 0.0198273
0.28172 0.0203155
0.280793 0.0198055
0.281689 0.0199155
0.280769 0.0194266
0.281696 0.0221117
0.282679 0.0225417
0.281868 0.0217316
0.281892 0.0217565
0.28192 0.0193023
0.281953 0.0193317
0.281099 0.0169858
0.282033 0.0174824
0.281201 0.022264
0.282233 0.0226813
0.282744 0.0197552
0.283321 0.0200149
0.283027 0.0169395
0.283148 0.0169726
0.284109 0.0183291
0.283307 0.0181359
0.284261 0.0174823
0.283446 0.0172298
0.284393 0.0191143
0.283562 0.0189593
0.2845 0.018472
0.284545 0.0184931
0.284585 0.0188099
0.286833 0.0193004
0.288373 0.0231247
0.28782 0.0228932
0.289669 0.0202572
0.28988 0.0203405
0.289929 0.0204707
0.291435 0.0212267
0.288551 0.0204015
0.290148 0.0212195
0.290284 0.0229835
0.290383 0.0230273
0.290489 0.0242987
0.290603 0.0243419
0.289337 0.019335
0.291206 0.0200132
0.290473 0.0233186
0.292123 0.024081
0.296721 0.0236721
0.29683 0.0237417
0.295386 0.0157176
0.2954 0.0157506
0.296883 0.0153955
0.295407 0.0148345
0.296865 0.0144629
0.295404 0.0138868
0.296849 0.0142594
0.295431 0.0138057
0.296882 0.018183
0.29562 0.0176754
0.29707 0.0183282
0.295744 0.0176334
0.297156 0.0189872
0.29719 0.0190365
0.29722 0.0170519
0.297247 0.0170901
0.297273 0.0175299
0.297301 0.0175827
0.2974 0.0193723
0.296723 0.0188621
0.298459 0.0139543
0.297648 0.0131377
0.299104 0.0145252
0.298098 0.0136229
0.298327 0.0122145
0.299787 0.013249
0.298807 0.015585
0.300307 0.0164656
0.301859 0.0161385
0.300964 0.015153
0.302402 0.0118349
0.301469 0.0110947
0.302898 0.0157963
0.301946 0.014965
0.302171 0.0162141
0.302388 0.016241
0.3026 0.0150254
0.302809 0.015051
0.301797 0.0163701
0.303269 0.0170209
0.302723 0.0158409
0.304362 0.0167613
0.303453 0.0131178
0.30372 0.0131487
0.305188 0.0110711
0.304265 0.0109262
0.305738 0.0130537
0.309017 0.0148539
0.311303 0.0172759
0.313899 0.0185583
0.313677 0.011647
0.315944 0.0134365
0.314662 0.0149142
0.320396 0.0194102
0.320671 0.0128182
0.319143 0.0120934
0.319342 0.00914952
0.321264 0.00984922
0.321716 0.013282
0.322135 0.0134465
0.322397 0.0103051
0.322671 0.0103516
0.322974 0.0115074
0.323375 0.0116737
0.322181 0.00794903
0.322569 0.00799119
0.324493 0.0103032
0.323426 0.00876285
0.325341 0.0104219
0.325748 0.0104581
0.326145 0.00935472
0.326537 0.00938313
0.32693 0.00725419
0.328795 0.00869497
0.328006 0.00964525
0.329931 0.0113975
0.32892 0.0106767
0.329437 0.0109226
0.328435 0.00466532
0.330233 0.00682459
0.330593 0.00666471
0.330945 0.00675437
0.329928 0.00446715
0.330284 0.00457838
0.330633 0.00516431
0.332281 0.00686078
0.331322 0.00546754
0.332929 0.00702427
0.33448 0.00849498
0.333635 0.00632737
0.335257 0.00535882
0.338692 0.0105013
0.334197 0.00562172
0.335839 0.00439543
0.335236 0.00583821
0.336865 0.00343767
0.337365 0.00251637
0.337857 0.00256656
0.33834 0.00517308
0.338815 0.00523368
0.338158 0.0077415
0.339749 0.00629247
0.342872 0.00638273
0.343299 0.0065098
0.344858 0.00734099
0.344412 0.00913711
0.346035 0.005334
0.346522 0.00534396
0.346996 0.00598405
0.346475 0.00840304
0.346962 0.00915504
0.348393 0.00704534
0.347927 0.00641144
0.34931 0.00430048
0.34889 0.0103575
0.350228 0.0081275
0.350695 0.00496536
0.351174 0.00506509
0.350965 0.00986969
0.351472 0.0098942
0.352701 0.00773493
0.35247 0.0101212
0.355579 0.00183213
0.35613 0.00175428
0.35738 0.00109172
0.357934 0.00103716
0.358486 0.00195023
0.359036 0.0019821
0.359586 0.00570887
0.360137 0.00567813
0.360692 0.00478793
0.361926 0.00497725
0.363994 0.00308723
0.36563 0.005894
0.367128 0.00509965
0.36703 0.00410782
0.36874 0.00924361
0.36862 0.0115718
0.37026 0.00930112
0.370031 0.012086
0.371664 0.00656167
0.375214 0.00173975
0.376158 0.00989484
0.381352 0.00210945
0.382515 0.0112683
0.383624 0.0104384
0.386051 0.00838331
0.38963 0.00352872
0.392415 0.0132684
0.393386 0.0132398
0.400433 0.00115139
0.403036 0.00320544
0.402074 0.00302919
0.404583 0.00411041
0.403619 0.00260737
0.405988 0.00311859
0.405162 0.00189839
0.405927 0.00169609
0.406697 0.00452911
0.40751 0.00438898
0.407044 0.0105663
0.409407 0.00651351
0.410372 0.00405277
0.40996 0.00837026
0.410939 0.00694394
0.413288 0.00273149
0.412899 0.0112385
0.41525 0.00682367
0.414913 0.0107771
0.417243 0.00635863
0.418198 0.00775818
0.419145 0.00773067
0.421477 0.00276551
0.421087 0.00578147
0.422055 0.00399023
0.423032 0.00400427
0.42405 0.00814518
0.425006 0.00809788
0.42461 0.0135145
0.42689 0.00909195
0.426525 0.0143704
0.428781 0.0100263
0.428331 0.0278259
0.430455 0.0234611
0.431311 0.0220649
0.432119 0.0221256
0.432913 0.0203871
0.432618 0.0249135
0.434521 0.0211974
0.436354 0.0169927
0.436173 0.0191447
0.437937 0.0149052
0.437875 0.0239893
0.43788 0.0285039
0.439499 0.02528
0.440302 0.0253833
0.441111 0.0235933
0.441945 0.0236844
0.442791 0.0230883
0.444217 0.0187162
0.443985 0.0280925
0.445294 0.0238009
0.445702 0.0309699
0.446916 0.0266383
0.447419 0.029254
0.448557 0.0248729
0.449187 0.0292932
0.450227 0.0248951
0.451041 0.0258704
0.451852 0.025966
0.45266 0.0287335
0.452703 0.0418346
0.453122 0.0339171
0.453184 0.0353107
0.453185 0.0270511
0.453187 0.0271289
0.453188 0.0268654
0.453189 0.0269437
0.45319 0.0275403
0.453192 0.027599
0.453193 0.0266209
0.453194 0.0266793
0.453196 0.0261229
0.453197 0.0261816
0.453198 0.0262062
0.4532 0.026265
0.453202 0.0264537
0.453203 0.0264926
0.453204 0.0272712
0.453205 0.0273102
0.453206 0.0280971
0.453209 0.028196
0.45321 0.0266411
0.453212 0.0267005
0.453213 0.0279678
0.453214 0.0280076
0.453216 0.0274538
0.453218 0.0275337
0.45322 0.0279227
0.453222 0.0280029
0.453223 0.0286102
0.453225 0.0286906
0.453226 0.0277214
0.453228 0.0277815
0.45323 0.0273017
0.453231 0.027342
0.453234 0.0279149
0.453235 0.0279547
0.453238 0.0291992
0.453239 0.0292391
0.453241 0.0289573
0.453243 0.0289973
0.453245 0.0289799
0.453247 0.0290406
0.453249 0.0291341
0.45325 0.029195
0.453253 0.0291146
0.453255 0.0291757
0.453257 0.0288836
0.453259 0.0289448
0.453261 0.0287039
0.453263 0.0287652
0.453265 0.0286271
0.453267 0.0286885
0.45327 0.0287202
0.453272 0.0287609
0.453275 0.028951
0.453277 0.0290128
0.453279 0.0290008
0.453281 0.0290627
0.453283 0.0291287
0.453286 0.0292118
0.453288 0.0291238
0.453289 0.0291653
0.453292 0.0292049
0.453294 0.0292465
0.453297 0.0294215
0.4533 0.0294838
0.453302 0.0294702
0.453305 0.0295326
0.453307 0.0294641
0.45331 0.0295267
0.453313 0.0297039
0.453315 0.0297665
0.453319 0.0298501
0.453321 0.0298915
0.453324 0.0298862
0.453326 0.0299276
0.45333 0.0300269
0.453331 0.0300684
0.453333 0.0300255
0.453337 0.0301091
0.45334 0.0300625
0.453343 0.0301255
0.453345 0.0301987
0.453349 0.0303039
0.453351 0.0302406
0.453354 0.0303037
0.453357 0.0302928
0.45336 0.0303559
0.453363 0.0303599
0.453365 0.0304023
0.453369 0.0304357
0.453371 0.0304781
0.453376 0.0305227
0.453379 0.0305861
0.453383 0.0306333
0.453385 0.0306752
0.453388 0.0306882
0.453391 0.0307517
0.453395 0.0307767
0.453398 0.0308402
0.453401 0.0308885
0.453405 0.030952
0.453408 0.0310213
0.453411 0.0310848
0.453416 0.0311171
0.453417 0.0311381
0.453417 0.0311381
0.453417 0.0311381
0.453417 0.0311381
0.453417 0.0311381
0.453417 0.0311381
0.453417 0.0311381
0.453417 0.0311381
0.453417 0.0311381
0.453417 0.0311381
0.453417 0.0311381
0.453417 0.0311381
0.453417 0.0311381
0.453417 0.0311381
0.453417 0.0311381
0.453417 0.0311381
0.453417 0.0311381
0.453417 0.0311381
0.453417 0.0311381
0.453417 0.0311381
0.453417 0.0311381
0.453417 0.0311381
0.453417 0.0311381
0.453417 0.0311381
0.453417 0.0311381
0.453417 0.0311381
0.453417 0.0311381
0.453417 0.0311381
0.453417 0.0311381
0.453417 0.0311381
0.453417 0.0311381
0.453417 0.0311381
0.453417 0.0311381
0.453417 0.0311381
0.453417 0.0311381
0.453417 0.0311381
0.453417 0.0311381
0.453417 0.0311381
0.453417 0.0311381
0.453417 0.0311381
