0 0
0 0
0 0
0 0
0 0
0 0
0 0
0 0
0 0
0 0
0 0
0 0
0 0
0 0
0 0
0 0
0 0
0 0
0 0
0 0
0 0
0 0
0 0
0 0
0 0
0 0
0 0
0 0
0 0
0 0
0 0
0 0
0 0
0 0
0 0
0.0344343 0.0512763
0.0344343 0.0512763
0.0173368 0.0410312
0.0173368 0.0410312
0.0129081 0.0383396
0.0129081 0.0383396
0.0134299 0.0385365
0.0134299 0.0385365
0.0126248 0.0383034
0.0126248 0.0383034
0.0148881 0.0405603
0.0148881 0.0405603
0.013445 0.0370265
0.013445 0.0370265
0.0140712 0.0413692
0.0140712 0.0413692
0.0113585 0.038497
0.0113585 0.038497
0.0145767 0.0400936
0.0145767 0.0400936
0.0167705 0.039241
0.0167705 0.039241
0.0157981 0.0388473
0.0157981 0.0388473
0.0111724 0.0387077
0.0111724 0.0387077
0.0122316 0.0422735
0.0122316 0.0422735
0.0098357 0.0415245
0.0098357 0.0415245
0.015129 0.0393576
0.015129 0.0393576
0.0197291 0.0384921
0.0197291 0.0384921
0.014922 0.0403588
0.014922 0.0403588
0.0152235 0.0401059
0.0152235 0.0401059
0.0170041 0.0412318
0.0170041 0.0412318
0.0192305 0.0418015
0.0192305 0.0418015
0.0122381 0.0391794
0.0122381 0.0391794
0.0121902 0.040259
0.0121902 0.040259
0.0103434 0.0407405
0.0103434 0.0407405
0.0163971 0.0393519
0.0163971 0.0393519
0.0148193 0.0388697
0.0148193 0.0388697
0.015085 0.042163
0.015085 0.042163
0.0169243 0.0393108
0.0169243 0.0393108
0.0128721 0.0384206
0.0128721 0.0384206
0.0173507 0.038893
0.0173507 0.038893
0.0157625 0.0387153
0.0157625 0.0387153
0.0136165 0.0390725
0.0136165 0.0390725
0.0163491 0.0383663
0.0163491 0.0383663
0.0149167 0.0391395
0.0149167 0.0391395
0.0133627 0.0396247
0.0133627 0.0396247
0.0136396 0.0413303
0.0136396 0.0413303
0.0133521 0.0398082
0.0133521 0.0398082
0.0144642 0.0422601
0.0144642 0.0422601
0.0154165 0.0385568
0.0154165 0.0385568
0.0113896 0.0413165
0.0113896 0.0413165
0.0147152 0.040756
0.0147152 0.040756
0.0115135 0.0418187
0.0115135 0.0418187
0.0141836 0.0372477
0.0141836 0.0372477
0.0142187 0.0394253
0.0142187 0.0394253
0.0117719 0.0398648
0.0117719 0.0398648
0.0139605 0.0428759
0.0139605 0.0428759
0.0178595 0.0409799
0.0178595 0.0409799
0.0132428 0.0417116
0.0132428 0.0417116
0.0102093 0.0388388
0.0102093 0.0388388
0.013685 0.0373022
0.013685 0.0373022
0.0128898 0.0398707
0.0128898 0.0398707
0.0110991 0.0392656
0.0110991 0.0392656
0.0113834 0.0390713
0.0113834 0.0390713
0.0121221 0.0370942
0.0121221 0.0370942
0.0158559 0.0391815
0.0158559 0.0391815
0.0117623 0.0387963
0.0117623 0.0387963
0.0120511 0.038632
0.0120511 0.038632
0.0112274 0.0394869
0.0112274 0.0394869
0.0162155 0.0373024
0.0162155 0.0373024
0.0146104 0.0401574
0.0146104 0.0401574
0.0174865 0.0409415
0.0174865 0.0409415
0.0134457 0.0398714
0.0134457 0.0398714
0.0155857 0.0415682
0.0155857 0.0415682
0.0140644 0.0394852
0.0140644 0.0394852
0.0184749 0.0425457
0.0184749 0.0425457
0.0161892 0.0380174
0.0161892 0.0380174
0.0159085 0.0380933
0.0159085 0.0380933
0.0182452 0.0408968
0.0182452 0.0408968
0.0175452 0.0425817
0.0175452 0.0425817
0.0165882 0.0391926
0.0165882 0.0391926
0.0155346 0.0408447
0.0155346 0.0408447
0.0133765 0.0397767
0.0133765 0.0397767
0.0178602 0.0409619
0.0178602 0.0409619
0.0351018 0.049101
0.0351018 0.049101
0.0156413 0.0396545
0.0156413 0.0396545
0.0127602 0.0395891
0.0127602 0.0395891
0.0199943 0.0383859
0.0199943 0.0383859
0.0155793 0.0420966
0.0155793 0.0420966
0.0157398 0.0404378
0.0157398 0.0404378
0.0143848 0.0383028
0.0143848 0.0383028
0.0141874 0.0399892
0.0141874 0.0399892
0.014405 0.0403336
0.014405 0.0403336
0.0129941 0.0390617
0.0129941 0.0390617
0.0170368 0.0425387
0.0170368 0.0425387
0.0141262 0.0396405
0.0141262 0.0396405
0.0330592 0.0509857
0.0330592 0.0509857
0.0142969 0.0396472
0.0142969 0.0396472
0.0217606 0.0417824
0.0217606 0.0417824
0.016787 0.0371288
0.016787 0.0371288
0.0108524 0.0411554
0.0108524 0.0411554
0.0237468 0.0438974
0.0237468 0.0438974
0.0168193 0.0396693
0.0168193 0.0396693
0.0119747 0.0412134
0.0119747 0.0412134
0.0181121 0.0391517
0.0181121 0.0391517
0.0170953 0.0412035
0.0170953 0.0412035
0.0166386 0.0401963
0.0166386 0.0401963
0.015942 0.0424955
0.015942 0.0424955
0.0158312 0.038286
0.0158312 0.038286
0.0130838 0.0386079
0.0130838 0.0386079
0.0164437 0.0414713
0.0164437 0.0414713
0.0154537 0.0383355
0.0154537 0.0383355
0.0262562 0.0443151
0.0262562 0.0443151
0.0156846 0.0417448
0.0156846 0.0417448
0.0159295 0.0401105
0.0159295 0.0401105
0.0156034 0.0390106
0.0156034 0.0390106
0.0189774 0.0393555
0.0189774 0.0393555
0.0200069 0.0429234
0.0200069 0.0429234
0.0128689 0.0396975
0.0128689 0.0396975
0.0157372 0.0408334
0.0157372 0.0408334
0.0123396 0.0414403
0.0123396 0.0414403
0.01455 0.0387206
0.01455 0.0387206
0.0200394 0.0413956
0.0200394 0.0413956
0.0134216 0.0401353
0.0134216 0.0401353
0.0146026 0.0372629
0.0146026 0.0372629
0.0116997 0.0395207
0.0116997 0.0395207
0.0166868 0.0423174
0.0166868 0.0423174
0.0159877 0.0410926
0.0159877 0.0410926
0.0156896 0.0381559
0.0156896 0.0381559
0.0177181 0.0401466
0.0177181 0.0401466
0.0162578 0.0393833
0.0162578 0.0393833
0.0176278 0.0408789
0.0176278 0.0408789
0.0138618 0.0418842
0.0138618 0.0418842
0.0210814 0.0416595
0.0210814 0.0416595
0.0129196 0.0381478
0.0129196 0.0381478
0.0202798 0.0412165
0.0202798 0.0412165
0.0129512 0.0445163
0.0129512 0.0445163
0.01054 0.0404058
0.01054 0.0404058
0.0170772 0.0421675
0.0170772 0.0421675
0.0125974 0.0406371
0.0125974 0.0406371
0.00726912 0.0388311
0.00726912 0.0388311
0.013068 0.044047
0.013068 0.044047
0.0127304 0.039714
0.0127304 0.039714
0.0295246 0.043345
0.0295246 0.043345
0.0168391 0.03905
0.0168391 0.03905
0.0168391 0.03905
0.0129368 0.0409779
0.018181 0.040665
0.018181 0.040665
0.0138766 0.0417421
0.0138766 0.0417421
0.0119891 0.0389911
0.0119891 0.0389911
0.0121594 0.0408839
0.0121594 0.0408839
0.0118651 0.0377913
0.0118651 0.0377913
0.0125439 0.0422963
0.0125439 0.0422963
0.0117919 0.0386169
0.0117919 0.0386169
0.0258978 0.0464145
0.0258978 0.0464145
0.0113216 0.0394996
0.0113216 0.0394996
0.0145665 0.0384019
0.0145665 0.0384019
0.0122756 0.041058
0.0122756 0.041058
0.0146012 0.0401978
0.0146012 0.0401978
0.012076 0.0426385
0.012076 0.0426385
0.0133617 0.0407938
0.0133617 0.0407938
0.0155571 0.0376761
0.0155571 0.0376761
0.0139823 0.0399976
0.0139823 0.0399976
0.0171282 0.0433259
0.0171282 0.0433259
0.0149922 0.0407809
0.0149922 0.0407809
0.0221063 0.0430333
0.0221063 0.0430333
0.0100314 0.0388443
0.0100314 0.0388443
0.0174611 0.0409497
0.0174611 0.0409497
0.0115356 0.0389087
0.0115356 0.0389087
0.0148613 0.0411766
0.0148613 0.0411766
0.0240455 0.0443184
0.0240455 0.0443184
0.0227363 0.0434539
0.0227363 0.0434539
0.0122084 0.0374492
0.0122084 0.0374492
0.0150899 0.0426067
0.0150899 0.0426067
0.0123577 0.0386072
0.0123577 0.0386072
0.0307201 0.0485644
0.0307201 0.0485644
0.0129929 0.0429684
0.0129929 0.0429684
0.0178319 0.0390063
0.0178319 0.0390063
0.0160413 0.0446673
0.0160413 0.0446673
0.0225101 0.045379
0.0225101 0.045379
0.0155953 0.0403952
0.0155953 0.0403952
0.0156476 0.0406594
0.0156476 0.0406594
0.0168564 0.0441547
0.0168564 0.0441547
0.0125028 0.0411076
0.0125028 0.0411076
0.0162011 0.0406077
0.0162011 0.0406077
0.0150135 0.0414473
0.0150135 0.0414473
0.0163089 0.0405555
0.0163089 0.0405555
0.015076 0.0399718
0.015076 0.0399718
0.0122287 0.0401742
0.0122287 0.0401742
0.0155131 0.0397466
0.0155131 0.0397466
0.0157062 0.0399235
0.0157062 0.0399235
0.0181557 0.0396945
0.0181557 0.0396945
0.0153089 0.0416303
0.0153089 0.0416303
0.0143267 0.0402256
0.0143267 0.0402256
0.0173408 0.0415576
0.0173408 0.0415576
0.0152861 0.0379548
0.0152861 0.0379548
0.0160886 0.0392099
0.0160886 0.0392099
0.0158618 0.0397327
0.0158618 0.0397327
0.0158618 0.0397327
0.0169834 0.0418719
0.01945 0.0416876
0.01945 0.0416876
0.0112965 0.0413793
0.0112965 0.0413793
0.0189479 0.0434366
0.0189479 0.0434366
0.012894 0.0412164
0.012894 0.0412164
0.0157322 0.0398581
0.0157322 0.0398581
0.0236407 0.040922
0.0236407 0.040922
0.0106135 0.0384328
0.0106135 0.0384328
0.0143343 0.0382906
0.0143343 0.0382906
0.0128103 0.0416252
0.0128103 0.0416252
0.0151237 0.0405427
0.0151237 0.0405427
0.0135433 0.0354963
0.0135433 0.0354963
0.0131685 0.0389343
0.0131685 0.0389343
0.0122233 0.041373
0.0122233 0.041373
0.012066 0.0381326
0.012066 0.0381326
0.013041 0.03906
0.013041 0.03906
0.0202341 0.0414955
0.0202341 0.0414955
0.0133944 0.0409659
0.0133944 0.0409659
0.0075903 0.0410986
0.0075903 0.0410986
0.0108934 0.040679
0.0108934 0.040679
0.0140161 0.0388443
0.0140161 0.0388443
0.0111543 0.039267
0.0111543 0.039267
0.0154015 0.0429487
0.0154015 0.0429487
0.0193226 0.0374093
0.0193226 0.0374093
0.0156645 0.0411924
0.0156645 0.0411924
0.0101289 0.04013
0.0101289 0.04013
0.0172512 0.0393898
0.0172512 0.0393898
0.0151629 0.0396429
0.0151629 0.0396429
0.0119684 0.0409167
0.0119684 0.0409167
0.0186896 0.0424422
0.0186896 0.0424422
0.0201017 0.041682
0.0201017 0.041682
0.0201017 0.041682
0.0253799 0.0462121
0.0127951 0.0408289
0.0127951 0.0408289
0.0509279 0.0622081
0.0509279 0.0622081
0.0114947 0.0404533
0.0114947 0.0404533
0.0183642 0.0393508
0.0183642 0.0393508
0.0187807 0.0440865
0.0187807 0.0440865
0.0512865 0.0586202
0.0512865 0.0586202
0.0102429 0.0428751
0.0102429 0.0428751
0.0589904 0.0689249
0.0589904 0.0689249
0.0183867 0.0412749
0.0183867 0.0412749
0.018127 0.0432526
0.018127 0.0432526
0.0152733 0.0390662
0.0152733 0.0390662
0.0145427 0.0428096
0.0145427 0.0428096
0.0135306 0.0396983
0.0135306 0.0396983
0.0169468 0.0391604
0.0169468 0.0391604
0.013279 0.0423573
0.013279 0.0423573
0.0150928 0.0388219
0.0150928 0.0388219
0.0112144 0.0444211
0.0112144 0.0444211
0.0134196 0.0391405
0.0134196 0.0391405
0.018109 0.0396535
0.018109 0.0396535
0.0413775 0.0495059
0.0413775 0.0495059
0.020398 0.0450399
0.020398 0.0450399
0.0267283 0.0452515
0.0267283 0.0452515
0.0267283 0.0452515
0.0130048 0.0376567
0.0130048 0.0376567
0.012271 0.0407681
0.0260155 0.0419326
0.0260155 0.0419326
0.0260155 0.0419326
0.010574 0.0379112
0.0176758 0.0410795
0.0176758 0.0410795
0.0165795 0.0431165
0.0165795 0.0431165
0.0180051 0.0394096
0.0180051 0.0394096
0.00993399 0.0433526
0.00993399 0.0433526
0.107427 0.112036
0.107427 0.112036
0.0100141 0.0389404
0.0100141 0.0389404
0.0108388 0.0377899
0.0108388 0.0377899
0.0285199 0.0475575
0.0285199 0.0475575
0.0169705 0.0410776
0.0169705 0.0410776
0.013387 0.0396402
0.013387 0.0396402
0.0143278 0.0386956
0.0143278 0.0386956
0.0128886 0.0429308
0.0128886 0.0429308
0.0191619 0.040521
0.0191619 0.040521
0.0135646 0.041207
0.0135646 0.041207
0.0128819 0.0425814
0.0128819 0.0425814
0.021869 0.0454966
0.021869 0.0454966
0.0207463 0.0391829
0.0207463 0.0391829
0.0125458 0.0394918
0.0125458 0.0394918
0.0157453 0.0450614
0.0157453 0.0450614
0.0170236 0.0425656
0.0170236 0.0425656
0.0151467 0.0445069
0.0151467 0.0445069
0.012764 0.0404187
0.012764 0.0404187
0.0116864 0.0441014
0.0116864 0.0441014
0.00883884 0.0430131
0.00883884 0.0430131
0.00818417 0.0427081
0.00818417 0.0427081
0.00826367 0.0415196
0.00826367 0.0415196
0.00826367 0.0415196
0.0132113 0.0411524
0.014196 0.0387732
0.014196 0.0387732
0.0124873 0.0407706
0.0124873 0.0407706
0.0164008 0.0382339
0.0164008 0.0382339
0.0115196 0.038525
0.0115196 0.038525
0.0140923 0.0383605
0.0140923 0.0383605
0.0147168 0.0419895
0.0147168 0.0419895
0.0146296 0.038209
0.0146296 0.038209
0.0105516 0.0393215
0.0105516 0.0393215
0.00927054 0.0398733
0.00927054 0.0398733
0.0110411 0.0400122
0.0110411 0.0400122
0.0164843 0.0439533
0.0164843 0.0439533
0.0117232 0.042196
0.0117232 0.042196
0.0145701 0.0375298
0.0145701 0.0375298
0.00992284 0.0387548
0.00992284 0.0387548
0.0108889 0.038621
0.0108889 0.038621
0.0152014 0.0407775
0.0152014 0.0407775
0.0213742 0.0421796
0.0213742 0.0421796
0.0132427 0.038002
0.0132427 0.038002
0.0106245 0.0394535
0.0106245 0.0394535
0.0162586 0.0380011
0.0162586 0.0380011
0.0112113 0.0384791
0.0112113 0.0384791
0.0118433 0.0390513
0.0118433 0.0390513
0.0127559 0.0398741
0.0127559 0.0398741
0.017211 0.0395193
0.017211 0.0395193
0.0111907 0.0417335
0.0111907 0.0417335
0.0171817 0.0394043
0.0171817 0.0394043
0.0203774 0.0388268
0.0203774 0.0388268
0.0149977 0.0380564
0.0149977 0.0380564
0.0155095 0.0405254
0.0155095 0.0405254
0.013273 0.0391643
0.013273 0.0391643
0.0153068 0.036971
0.0153068 0.036971
0.0136632 0.0400244
0.0136632 0.0400244
0.0179086 0.0424492
0.0179086 0.0424492
0.0089602 0.0412292
0.0089602 0.0412292
0.0147508 0.0397351
0.0147508 0.0397351
0.0120332 0.0389719
0.0120332 0.0389719
0.0155316 0.0397364
0.0155316 0.0397364
0.0117727 0.0387897
0.0117727 0.0387897
0.0134567 0.0380955
0.0134567 0.0380955
0.0134567 0.0380955
0.0116189 0.0386926
0.017234 0.0420145
0.017234 0.0420145
0.0146693 0.0349538
0.0146693 0.0349538
0.0146693 0.0349538
0.0150181 0.039189
0.0155689 0.0397673
0.0155689 0.0397673
0.018556 0.0395066
0.018556 0.0395066
0.0127295 0.0416117
0.0127295 0.0416117
0.0144154 0.0390017
0.0144154 0.0390017
0.0149166 0.0398593
0.0149166 0.0398593
0.0140322 0.0386818
0.0140322 0.0386818
0.0178332 0.0390645
0.0178332 0.0390645
0.0121335 0.0413414
0.0121335 0.0413414
0.0156785 0.041145
0.0156785 0.041145
0.02687 0.0466392
0.02687 0.0466392
0.013928 0.040568
0.013928 0.040568
0.0165467 0.043153
0.0165467 0.043153
0.0176566 0.0407568
0.0176566 0.0407568
0.0151681 0.0395126
0.0151681 0.0395126
0.016189 0.0438132
0.016189 0.0438132
0.0159502 0.0381816
0.0159502 0.0381816
0.0128225 0.0398882
0.0128225 0.0398882
0.0128225 0.0398882
0.0156536 0.0395791
0.0121498 0.0388494
0.0121498 0.0388494
0.0133407 0.0417722
0.0133407 0.0417722
0.0172659 0.0405278
0.0172659 0.0405278
0.0106425 0.0367137
0.0106425 0.0367137
0.0112736 0.0410401
0.0112736 0.0410401
0.0194354 0.0437471
0.0194354 0.0437471
0.0130716 0.038208
0.0130716 0.038208
0.0163484 0.0415615
0.0163484 0.0415615
0.0138429 0.0413367
0.0138429 0.0413367
0.00943151 0.0397985
0.00943151 0.0397985
0.030371 0.043064
0.030371 0.043064
0.013463 0.0399083
0.013463 0.0399083
0.0120603 0.0405046
0.0120603 0.0405046
0.00890322 0.0414719
0.00890322 0.0414719
0.0136896 0.0414282
0.0136896 0.0414282
0.0153113 0.0367413
0.0153113 0.0367413
0.0153113 0.0367413
0.0148634 0.0388579
0.0130788 0.0402487
0.0130788 0.0402487
0.0102613 0.0407363
0.0102613 0.0407363
0.0134634 0.0385575
0.0134634 0.0385575
0.0123752 0.0367477
0.0123752 0.0367477
0.0134502 0.0408804
0.0134502 0.0408804
0.0160406 0.039026
0.0160406 0.039026
0.0133861 0.0395707
0.0133861 0.0395707
0.00955239 0.0403771
0.00955239 0.0403771
0.0140506 0.0409735
0.0140506 0.0409735
0.0139905 0.0393711
0.0139905 0.0393711
0.0139905 0.0393711
0.0147946 0.0397622
0.016237 0.0377169
0.016237 0.0377169
0.0134427 0.0393382
0.0134427 0.0393382
0.0147783 0.0399044
0.0147783 0.0399044
0.0117296 0.0376333
0.0117296 0.0376333
0.014283 0.0375091
0.014283 0.0375091
0.0130176 0.038448
0.0130176 0.038448
0.011473 0.0403273
0.011473 0.0403273
0.0130175 0.0397048
0.0130175 0.0397048
0.0155308 0.0413709
0.0155308 0.0413709
0.00907935 0.0408975
0.00907935 0.0408975
0.013936 0.0400403
0.013936 0.0400403
0.0226816 0.0477378
0.0226816 0.0477378
0.0136746 0.0369466
0.0136746 0.0369466
0.0119803 0.0385095
0.0119803 0.0385095
0.0149881 0.040576
0.0149881 0.040576
0.0182112 0.0405604
0.0182112 0.0405604
0.0182877 0.0398487
0.0182877 0.0398487
0.0114482 0.0399875
0.0114482 0.0399875
0.0123546 0.0376016
0.0123546 0.0376016
0.020611 0.0423369
0.020611 0.0423369
0.0170989 0.0364539
0.0170989 0.0364539
0.0121967 0.0390958
0.0121967 0.0390958
0.0168434 0.0409593
0.0168434 0.0409593
0.013485 0.0399423
0.013485 0.0399423
0.022211 0.0433417
0.022211 0.0433417
0.0208968 0.041445
0.0208968 0.041445
0.0130973 0.0424679
0.0130973 0.0424679
0.0148291 0.0374001
0.0148291 0.0374001
0.0177008 0.041577
0.0177008 0.041577
0.012762 0.0370729
0.012762 0.0370729
0.0127198 0.0392858
0.0127198 0.0392858
0.0120161 0.0428511
0.0120161 0.0428511
0.0133261 0.0455285
0.0133261 0.0455285
0.0191748 0.040664
0.0191748 0.040664
0.0168463 0.0397139
0.0168463 0.0397139
0.0153665 0.0387997
0.0153665 0.0387997
0.0133642 0.0408587
0.0133642 0.0408587
0.0163023 0.0413587
0.0163023 0.0413587
0.0173579 0.0389506
0.0173579 0.0389506
0.0159805 0.0408208
0.0159805 0.0408208
0.0159805 0.0408208
0.0184032 0.0431202
0.0147507 0.0379642
0.0147507 0.0379642
0.0157067 0.0354961
0.0157067 0.0354961
0.0122347 0.04305
0.0122347 0.04305
0.0109082 0.0400696
0.0109082 0.0400696
0.0125026 0.0391536
0.0125026 0.0391536
0.0181843 0.0404902
0.0181843 0.0404902
0.0156615 0.041791
0.0156615 0.041791
0.0140793 0.040017
0.0140793 0.040017
0.01476 0.0378766
0.01476 0.0378766
0.0134383 0.0350807
0.0134383 0.0350807
0.0167252 0.0430473
0.0167252 0.0430473
0.0146048 0.0365841
0.0146048 0.0365841
0.0205171 0.0446832
0.0205171 0.0446832
0.0162551 0.0371437
0.0162551 0.0371437
0.0184781 0.0415816
0.0184781 0.0415816
0.0100382 0.0396119
0.0100382 0.0396119
0.0120771 0.0394118
0.0120771 0.0394118
0.0142592 0.0380328
0.0142592 0.0380328
0.0144618 0.0395203
0.0144618 0.0395203
0.00810039 0.0379175
0.00810039 0.0379175
0.0139233 0.0426333
0.0139233 0.0426333
0.0156544 0.0406936
0.0156544 0.0406936
0.0112985 0.0387585
0.0112985 0.0387585
0.0147828 0.0407259
0.0147828 0.0407259
0.0131676 0.0400331
0.0131676 0.0400331
0.0138833 0.0399655
0.0138833 0.0399655
0.0142749 0.03831
0.0142749 0.03831
0.0149985 0.0419263
0.0149985 0.0419263
0.0104484 0.0394316
0.0104484 0.0394316
0.0104484 0.0394316
0.0127786 0.0392494
0.0180495 0.040742
0.0180495 0.040742
0.0134259 0.0398176
0.0134259 0.0398176
0.0157403 0.040602
0.0157403 0.040602
0.0154524 0.0410038
0.0154524 0.0410038
0.012814 0.0403533
0.012814 0.0403533
0.0139728 0.0417257
0.0139728 0.0417257
0.0127886 0.0416048
0.0127886 0.0416048
0.0173481 0.0404912
0.0173481 0.0404912
0.0114761 0.0403835
0.0114761 0.0403835
0.0107175 0.0377221
0.0107175 0.0377221
0.0131857 0.0402245
0.0131857 0.0402245
0.0164273 0.037864
0.0164273 0.037864
0.0177053 0.041364
0.0177053 0.041364
0.0154782 0.0409506
0.0154782 0.0409506
0.00862243 0.0421333
0.00862243 0.0421333
0.0146706 0.0423982
0.0146706 0.0423982
0.013622 0.0414276
0.013622 0.0414276
0.010268 0.037967
0.010268 0.037967
0.00985017 0.041395
0.00985017 0.041395
0.0165065 0.0423106
0.0165065 0.0423106
0.0138209 0.0399833
0.0138209 0.0399833
0.00882275 0.0398573
0.00882275 0.0398573
0.0158774 0.0418242
0.0158774 0.0418242
0.0130153 0.042571
0.0130153 0.042571
0.0197776 0.0423304
0.0197776 0.0423304
0.014192 0.0385372
0.014192 0.0385372
0.014192 0.0385372
0.0127839 0.0408694
0.0143264 0.0435504
0.0143264 0.0435504
0.0187994 0.0377208
0.0187994 0.0377208
0.0119532 0.039064
0.0119532 0.039064
0.0134318 0.039835
0.0134318 0.039835
0.016221 0.0413576
0.016221 0.0413576
0.0560385 0.0606624
0.0560385 0.0606624
0.143193 0.146587
0.143193 0.146587
0.0502091 0.0585062
0.0502091 0.0585062
0.0100103 0.0405706
0.0100103 0.0405706
0.0109795 0.0399704
0.0109795 0.0399704
0.0182631 0.0423698
0.0182631 0.0423698
0.0113561 0.0431356
0.0113561 0.0431356
0.0127632 0.0391447
0.0127632 0.0391447
0.0222315 0.0421301
0.0222315 0.0421301
0.0144531 0.0402626
0.0144531 0.0402626
0.0138501 0.035224
0.0138501 0.035224
0.0138545 0.0435068
0.0138545 0.0435068
0.0131818 0.0406064
0.0131818 0.0406064
0.0165657 0.0418097
0.0165657 0.0418097
0.012909 0.039455
0.012909 0.039455
0.0142285 0.0384646
0.0142285 0.0384646
0.00910609 0.0397932
0.00910609 0.0397932
0.0144998 0.0396892
0.0144998 0.0396892
0.0167057 0.0404424
0.0167057 0.0404424
0.0164692 0.0458223
0.0164692 0.0458223
0.0171707 0.0430339
0.0171707 0.0430339
0.00938709 0.0396282
0.00938709 0.0396282
0.0167821 0.0410415
0.0167821 0.0410415
0.0162362 0.0348857
0.0162362 0.0348857
0.0155272 0.0385707
0.0155272 0.0385707
0.00904129 0.0386273
0.00904129 0.0386273
0.018067 0.0371775
0.018067 0.0371775
0.0169851 0.0386815
0.0169851 0.0386815
0.0135124 0.0368409
0.0135124 0.0368409
0.0156419 0.0408702
0.0156419 0.0408702
0.0153304 0.0401207
0.0153304 0.0401207
0.0104684 0.040749
0.0104684 0.040749
0.0153523 0.038714
0.0153523 0.038714
0.0140227 0.039886
0.0140227 0.039886
0.0114906 0.0403156
0.0114906 0.0403156
0.015138 0.0397589
0.015138 0.0397589
0.0150215 0.0408839
0.0150215 0.0408839
0.0214532 0.044528
0.0214532 0.044528
0.0166504 0.0396436
0.0166504 0.0396436
0.013378 0.0386603
0.013378 0.0386603
0.014967 0.0365644
0.014967 0.0365644
0.0106456 0.0393649
0.0106456 0.0393649
0.0125387 0.0382147
0.0125387 0.0382147
0.0129106 0.0423831
0.0129106 0.0423831
0.0215462 0.0392305
0.0215462 0.0392305
0.0159912 0.0431383
0.0159912 0.0431383
0.0192645 0.0386716
0.0192645 0.0386716
0.0116607 0.0382859
0.0116607 0.0382859
0.0114605 0.0409368
0.0114605 0.0409368
0.0209592 0.042421
0.0209592 0.042421
0.0169722 0.0422437
0.0169722 0.0422437
0.0130652 0.0407652
0.0130652 0.0407652
0.0159737 0.0367711
0.0159737 0.0367711
0.0164853 0.0412599
0.0164853 0.0412599
0.0122254 0.0393007
0.0122254 0.0393007
0.0408069 0.0557353
0.0408069 0.0557353
0.018379 0.0405239
0.018379 0.0405239
0.018379 0.0405239
0.0107681 0.0400576
0.0144714 0.0356821
0.0144714 0.0356821
0.0156747 0.0410178
0.0156747 0.0410178
0.0148737 0.0395251
0.0148737 0.0395251
0.0142581 0.0382933
0.0142581 0.0382933
0.0142581 0.0382933
0.0116504 0.038595
0.0137238 0.0385761
0.0137238 0.0385761
0.0114674 0.0397154
0.0114674 0.0397154
0.0150669 0.0380311
0.0150669 0.0380311
0.0130351 0.0397516
0.0130351 0.0397516
0.0108627 0.0381207
0.0108627 0.0381207
0.0162961 0.0400929
0.0162961 0.0400929
0.0149719 0.042805
0.0149719 0.042805
0.0116209 0.0400906
0.0116209 0.0400906
0.0132049 0.0383604
0.0132049 0.0383604
0.0149493 0.0393606
0.0149493 0.0393606
0.0130403 0.0376671
0.0130403 0.0376671
0.0161607 0.0399568
0.0161607 0.0399568
0.0109133 0.0374821
0.0109133 0.0374821
0.015329 0.0400142
0.015329 0.0400142
0.013946 0.0391336
0.013946 0.0391336
0.00838039 0.0432327
0.00838039 0.0432327
0.0165681 0.0414304
0.0165681 0.0414304
0.0124148 0.0427989
0.0124148 0.0427989
0.0115805 0.0397322
0.0115805 0.0397322
0.0204087 0.0401026
0.0204087 0.0401026
0.0149685 0.039501
0.0149685 0.039501
0.0288779 0.0446771
0.0288779 0.0446771
0.0288779 0.0446771
0.011619 0.0405749
0.0106964 0.0392184
0.0106964 0.0392184
0.0106964 0.0392184
0.0167504 0.0406858
0.0125717 0.0387076
0.0125717 0.0387076
0.0174031 0.0399381
0.0174031 0.0399381
0.0164333 0.0416484
0.0164333 0.0416484
0.0154881 0.0376461
0.0154881 0.0376461
0.0162821 0.039426
0.0162821 0.039426
0.0161644 0.0399575
0.0161644 0.0399575
0.0225848 0.046662
0.0225848 0.046662
0.0167078 0.0406269
0.0167078 0.0406269
0.0144779 0.0386736
0.0144779 0.0386736
0.00897682 0.039375
0.00897682 0.039375
0.0117475 0.0430953
0.0117475 0.0430953
0.0216975 0.0435098
0.0216975 0.0435098
0.0239602 0.04351
0.0239602 0.04351
0.0146607 0.0431415
0.0146607 0.0431415
0.0184913 0.0400726
0.0184913 0.0400726
0.0199627 0.0427283
0.0199627 0.0427283
0.0131987 0.0420582
0.0131987 0.0420582
0.0119228 0.0427569
0.0119228 0.0427569
0.0130172 0.0383262
0.0130172 0.0383262
0.0138681 0.0400151
0.0138681 0.0400151
0.0188477 0.0386979
0.0188477 0.0386979
0.0133854 0.0419325
0.0133854 0.0419325
0.0133854 0.0419325
0.0105898 0.0400294
0.0137566 0.0375197
0.0137566 0.0375197
0.0151131 0.0444196
0.0151131 0.0444196
0.0117378 0.0391091
0.0117378 0.0391091
0.0165687 0.0391274
0.0165687 0.0391274
0.0111128 0.0403046
0.0111128 0.0403046
0.0142947 0.0398325
0.0142947 0.0398325
0.0296663 0.0449657
0.0296663 0.0449657
0.0145518 0.0355476
0.0145518 0.0355476
0.0164977 0.0392948
0.0164977 0.0392948
0.0193426 0.0385021
0.0193426 0.0385021
0.0119014 0.0386586
0.0119014 0.0386586
0.0146605 0.0372476
0.0146605 0.0372476
0.0187261 0.0391141
0.0187261 0.0391141
0.0197195 0.0377462
0.0197195 0.0377462
0.0172183 0.0394914
0.0172183 0.0394914
0.0152501 0.0387881
0.0152501 0.0387881
0.0142378 0.0407502
0.0142378 0.0407502
0.0119909 0.039316
0.0119909 0.039316
0.0146916 0.0383194
0.0146916 0.0383194
0.0279341 0.0478549
0.0279341 0.0478549
0.0199282 0.0374207
0.0199282 0.0374207
0.0147588 0.0373707
0.0147588 0.0373707
0.00933784 0.0388888
0.00933784 0.0388888
0.0162931 0.0385516
0.0162931 0.0385516
0.0109208 0.039408
0.0109208 0.039408
0.014561 0.0386969
0.014561 0.0386969
0.0159637 0.0393431
0.0159637 0.0393431
0.0101506 0.0368575
0.0101506 0.0368575
0.0167124 0.0412452
0.0167124 0.0412452
0.0167124 0.0412452
0.0112314 0.0409239
0.0112314 0.0409239
0.0155242 0.0407327
0.0368144 0.0502342
0.0368144 0.0502342
0.0175769 0.0423341
0.0175769 0.0423341
0.014387 0.0387521
0.014387 0.0387521
0.0144506 0.0381588
0.0144506 0.0381588
0.0129195 0.0371925
0.0129195 0.0371925
0.017006 0.0412392
0.017006 0.0412392
0.0150459 0.0390378
0.0150459 0.0390378
0.0143791 0.0395941
0.0143791 0.0395941
0.0163467 0.0419533
0.0163467 0.0419533
0.0115387 0.0431884
0.0115387 0.0431884
0.0181997 0.0420307
0.0181997 0.0420307
0.0140804 0.0417389
0.0140804 0.0417389
0.0144987 0.0393241
0.0144987 0.0393241
0.0142027 0.0391875
0.0142027 0.0391875
0.018071 0.0430012
0.018071 0.0430012
0.0215251 0.0399683
0.0215251 0.0399683
0.0186041 0.044804
0.0186041 0.044804
0.0163577 0.0394213
0.0163577 0.0394213
0.0161189 0.0390953
0.0161189 0.0390953
0.0161495 0.0443877
0.0161495 0.0443877
0.0121427 0.03905
0.0121427 0.03905
0.01301 0.0402155
0.01301 0.0402155
0.0160135 0.0387
0.0160135 0.0387
0.0221379 0.0448592
0.0221379 0.0448592
0.0111658 0.0412854
0.0111658 0.0412854
0.0163237 0.0391767
0.0163237 0.0391767
0.0145522 0.0399717
0.0145522 0.0399717
0.0181053 0.0429321
0.0181053 0.0429321
0.0153815 0.0439675
0.0153815 0.0439675
0.0154969 0.0407187
0.0154969 0.0407187
0.0154577 0.0405799
0.0154577 0.0405799
0.0140849 0.0410937
0.0140849 0.0410937
0.0138131 0.0388138
0.0138131 0.0388138
0.0121953 0.0411701
0.0121953 0.0411701
0.0129723 0.0416357
0.0129723 0.0416357
0.0201219 0.0409242
0.0201219 0.0409242
0.0189541 0.0428774
0.0189541 0.0428774
0.0129477 0.0407404
0.0129477 0.0407404
0.0135932 0.0413756
0.0135932 0.0413756
0.0157924 0.0425184
0.0157924 0.0425184
0.0161626 0.0412726
0.0161626 0.0412726
0.0189733 0.0398381
0.0189733 0.0398381
0.0128978 0.040588
0.0128978 0.040588
0.0152502 0.0385872
0.0152502 0.0385872
0.0127699 0.0439062
0.0127699 0.0439062
0.0120204 0.0370882
0.0120204 0.0370882
0.0120204 0.0370882
0.011768 0.0414209
0.018588 0.0396265
0.018588 0.0396265
0.0179269 0.0398447
0.0179269 0.0398447
0.0144476 0.036951
0.0144476 0.036951
0.0145446 0.0401438
0.0145446 0.0401438
0.0212895 0.0421816
0.0212895 0.0421816
0.0235838 0.0437931
0.0235838 0.0437931
0.0137914 0.0403987
0.0137914 0.0403987
0.0193439 0.0400995
0.0193439 0.0400995
0.0119952 0.0398428
0.0119952 0.0398428
0.0181886 0.0390284
0.0181886 0.0390284
0.0163334 0.038002
0.0163334 0.038002
0.0158973 0.0411524
0.0158973 0.0411524
0.017039 0.0414335
0.017039 0.0414335
0.0167144 0.0358257
0.0167144 0.0358257
0.0178338 0.0400621
0.0178338 0.0400621
0.0221486 0.0393298
0.0221486 0.0393298
0.0111398 0.0415588
0.0111398 0.0415588
0.0219565 0.0475809
0.0219565 0.0475809
0.0147446 0.040407
0.0147446 0.040407
0.0174759 0.0422687
0.0174759 0.0422687
0.0159467 0.0398803
0.0159467 0.0398803
0.012136 0.0416526
0.012136 0.0416526
0.017025 0.0392942
0.017025 0.0392942
0.0115488 0.0381703
0.0115488 0.0381703
0.0132391 0.0452968
0.0132391 0.0452968
0.0126627 0.0412965
0.0126627 0.0412965
0.017069 0.0429973
0.017069 0.0429973
0.0129626 0.040127
0.0129626 0.040127
0.011937 0.040636
0.011937 0.040636
0.0145007 0.0405389
0.0145007 0.0405389
0.0162209 0.0397379
0.0162209 0.0397379
0.0142322 0.0376306
0.0142322 0.0376306
0.0150326 0.0397125
0.0150326 0.0397125
0.0139804 0.0392883
0.0139804 0.0392883
0.022974 0.0415764
0.022974 0.0415764
0.0160847 0.0429989
0.0160847 0.0429989
0.0162906 0.0375362
0.0162906 0.0375362
0.0141448 0.0399645
0.0141448 0.0399645
0.0163968 0.0388943
0.0163968 0.0388943
0.0130841 0.0367105
0.0130841 0.0367105
0.0149156 0.0393543
0.0149156 0.0393543
0.0147654 0.0426672
0.0147654 0.0426672
0.0160551 0.0407866
0.0160551 0.0407866
0.0150503 0.0413865
0.0150503 0.0413865
0.0117268 0.0415797
0.0117268 0.0415797
0.0135573 0.0389842
0.0135573 0.0389842
0.0120672 0.0397232
0.0120672 0.0397232
0.0134149 0.0392918
0.0134149 0.0392918
0.0132562 0.0376035
0.0132562 0.0376035
0.0326153 0.0501546
0.0326153 0.0501546
0.0252298 0.0438046
0.0252298 0.0438046
0.0119453 0.0411002
0.0119453 0.0411002
0.0133037 0.0395282
0.0133037 0.0395282
0.012531 0.0387139
0.012531 0.0387139
0.0139218 0.0408173
0.0139218 0.0408173
0.0142329 0.0383633
0.0142329 0.0383633
0.0138022 0.0378616
0.0138022 0.0378616
0.0143642 0.0384649
0.0143642 0.0384649
0.0120809 0.0375452
0.0120809 0.0375452
0.0127326 0.0362082
0.0127326 0.0362082
0.0127326 0.0362082
0.0130006 0.0385295
0.0121118 0.0388875
0.0121118 0.0388875
0.0157409 0.0399647
0.0157409 0.0399647
0.0114046 0.0367366
0.0114046 0.0367366
0.0143391 0.0361092
0.0143391 0.0361092
0.0139013 0.0396574
0.0139013 0.0396574
0.0124818 0.0400547
0.0124818 0.0400547
0.0104453 0.0391786
0.0104453 0.0391786
0.0104453 0.0391786
0.0131407 0.043928
0.0120311 0.0384781
0.0120311 0.0384781
0.0128987 0.0406028
0.0128987 0.0406028
0.0159117 0.0394961
0.0159117 0.0394961
0.0114622 0.0376192
0.0114622 0.0376192
0.0114622 0.0376192
0.0132152 0.0394668
0.0116185 0.0419386
0.0116185 0.0419386
0.0139609 0.0370002
0.0139609 0.0370002
0.0107187 0.0382356
0.0107187 0.0382356
0.0154509 0.0398154
0.0154509 0.0398154
0.0134671 0.0400744
0.0134671 0.0400744
0.0168636 0.0394313
0.0168636 0.0394313
0.0128717 0.0386407
0.0128717 0.0386407
0.0139286 0.0404664
0.0139286 0.0404664
0.0133281 0.0380735
0.0133281 0.0380735
0.012911 0.0380815
0.012911 0.0380815
0.0150468 0.0404808
0.0150468 0.0404808
0.0102777 0.0400124
0.0102777 0.0400124
0.0130168 0.0393544
0.0130168 0.0393544
0.0125137 0.0388529
0.0125137 0.0388529
0.0125727 0.0393373
0.0125727 0.0393373
0.0165662 0.0388374
0.0165662 0.0388374
0.0140139 0.0405115
0.0140139 0.0405115
0.0154917 0.0389162
0.0154917 0.0389162
0.0137997 0.0389874
0.0137997 0.0389874
0.0131611 0.0368056
0.0131611 0.0368056
0.0132903 0.0403542
0.0132903 0.0403542
0.0149244 0.0383302
0.0149244 0.0383302
0.0129772 0.0361737
0.0129772 0.0361737
0.0158082 0.0421889
0.0158082 0.0421889
0.0132524 0.0401286
0.0132524 0.0401286
0.0143238 0.0394254
0.0143238 0.0394254
0.0173091 0.0392
0.0173091 0.0392
0.0158111 0.0382351
0.0158111 0.0382351
0.0158111 0.0382351
0.0158111 0.0382351
0.0158111 0.0382351
0.0158111 0.0382351
0.0158111 0.0382351
0.0158111 0.0382351
0.0158111 0.0382351
0.0158111 0.0382351
0.0158111 0.0382351
0.0158111 0.0382351
0.0158111 0.0382351
0.0158111 0.0382351
0.0158111 0.0382351
0.0158111 0.0382351
0.0158111 0.0382351
0.0158111 0.0382351
0.0158111 0.0382351
0.0158111 0.0382351
0.0158111 0.0382351
0.0158111 0.0382351
0.0158111 0.0382351
0.0158111 0.0382351
0.0158111 0.0382351
0.0158111 0.0382351
0.0158111 0.0382351
0.0158111 0.0382351
0.0158111 0.0382351
0.0158111 0.0382351
0.0158111 0.0382351
0.0158111 0.0382351
0.0158111 0.0382351
0.0158111 0.0382351
0.0158111 0.0382351
0.0158111 0.0382351
0.0158111 0.0382351
0.0158111 0.0382351
0.0158111 0.0382351
0.0158111 0.0382351
0.0158111 0.0382351
0.0158111 0.0382351
0.0158111 0.0382351
0.0158111 0.0382351
0.0158111 0.0382351
0.0158111 0.0382351
0.0158111 0.0382351
0.0158111 0.0382351
0.0158111 0.0382351
0.0158111 0.0382351
0.0158111 0.0382351
0.0158111 0.0382351
0.0158111 0.0382351
0.0158111 0.0382351
0.0158111 0.0382351
0.0158111 0.0382351
0.0158111 0.0382351
0.0158111 0.0382351
0.0158111 0.0382351
0.0158111 0.0382351
0.0158111 0.0382351
0.0158111 0.0382351
0.0158111 0.0382351
0.0158111 0.0382351
0.0158111 0.0382351
0.0158111 0.0382351
0.0158111 0.0382351
0.0158111 0.0382351
0.0158111 0.0382351
0.0158111 0.0382351
0.0158111 0.0382351
0.0158111 0.0382351
0.0158111 0.0382351
