0 0
0 0
0 0
0 0
0 0
0 0
0 0
0 0
0 0
0 0
0 0
0 0
0 0
0 0
0 0
0 0
0 0
0 0
0 0
0 0
0 0
0 0
0 0
0 0
0 0
0 0
0 0
0 0
0 0
0 0
0 0
0 0
0 0
0 0
0 0
0 0
0 0
0 0
0 0
0 0
0 0
0 0
0 0
0 0
0 0
0 0
0 0
0 0
0 0
0 0
0 0
0 0
0 0
0 0
0 0
0 0
0 0
0 0
0 0
0 0
0 0
0 0
0 0
0 0
0 0
0 0
0 0
0 0
0 0
0 0
0 0
0 0
0 0
0 0
0 0
0 0
0 0
0 0
0 0
0 0
0 0
0 0
0 0
0 0
0 0
0 0
0 0
0 0
0 0
0 0
0 0
0 0
0 0
0 0
0 0
0 0
0 0
0 0
0 0
0 0
0 0
0 0
0 0
0 0
0 0
0 0
0 0
0 0
0 0
0 0
0 0
0 0
0 0
0 0
0 0
0 0
0 0
0 0
0 0
0 0
0 0
0 0
0 0
0 0
0 0
0 0
0 0
0 0
0 0
0 0
0 0
0 0
0 0
0 0
0 0
0 0
0 0
0 0
0 0
0.0015 0
0.003 0
0.005 0
0.0075 0
0.0105 0
0.0135 0
0.0165 0
0.0195 0
0.0225 0
0.0255 0
0.0285 0
0.0315 0
0.0345 0
0.0375 0
0.0405 0
0.0435 0
0.0465 0
0.0495 0
0.0525 0
0.0555 0
0.062 0
0.066 0
0.07 0
0.07 0
0.078 0
0.082 0
0.082 0
0.09 0
0.0945 0
0.0995 0
0.1045 0
0.1095 0
0.1145 0
0.1195 0
0.1245 0
0.1295 0
0.1345 0
0.1395 0
0.1445 0
0.1495 0
0.1545 0
0.1595 0
0.1645 0
0.1695 0
0.1745 0
0.1795 0
0.1845 0
0.1895 0
0.1945 0
0.1995 0
0.2045 0
0.2095 0
0.2145 0
0.2195 0
0.2245 0
0.2295 0
0.2345 0
0.2395 0
0.2445 0
0.2495 0
0.2545 0
0.2595 0
0.2645 0
0.2695 0
0.2745 0
0.2795 0
0.2895 -1.25e-05
0.2945 -6.24992e-05
0.304496 -0.000324964
0.30949 -0.00057486
0.314478 -0.000924574
0.319457 -0.00137397
0.324427 -0.00192286
0.329385 -0.00257103
0.334329 -0.00331822
0.339257 -0.00416413
0.344167 -0.00510843
0.349057 -0.00615073
0.353925 -0.00729061
0.35877 -0.00852763
0.363589 -0.00986129
0.363589 -0.00986129
0.373142 -0.0128163
0.373142 -0.0128163
0.377872 -0.0144366
0.382569 -0.016151
0.38723 -0.0179591
0.391855 -0.0198601
0.400985 -0.0239375
0.400985 -0.0239375
0.405487 -0.0261123
0.409945 -0.0283767
0.414357 -0.0307299
0.423041 -0.0356876
0.42733 -0.0382583
0.435835 -0.0435171
0.440071 -0.046173
0.444308 -0.0488289
0.448544 -0.0514849
0.45278 -0.0541408
0.457016 -0.0567967
0.461253 -0.0594527
0.465489 -0.0621086
0.469725 -0.0647645
0.473962 -0.0674204
0.478198 -0.0700764
0.482434 -0.0727323
0.48667 -0.0753882
0.490907 -0.0780442
0.495143 -0.0807001
0.499379 -0.083356
0.503616 -0.086012
0.507852 -0.0886679
0.512088 -0.0913238
0.516324 -0.0939798
0.520561 -0.0966357
0.524797 -0.0992916
0.529033 -0.101948
0.533269 -0.104603
0.537506 -0.107259
0.541742 -0.109915
0.545978 -0.112571
0.550215 -0.115227
0.554451 -0.117883
0.558687 -0.120539
0.562923 -0.123195
0.56716 -0.125851
0.571396 -0.128507
0.575632 -0.131163
0.579868 -0.133819
0.584105 -0.136475
0.588341 -0.139131
0.592577 -0.141787
0.596814 -0.144442
0.60105 -0.147098
0.605286 -0.149754
0.609522 -0.15241
0.613759 -0.155066
0.617995 -0.157722
0.622231 -0.160378
0.626468 -0.163034
0.630704 -0.16569
0.63494 -0.168346
0.639176 -0.171002
0.643413 -0.173658
0.647649 -0.176314
0.651885 -0.17897
0.656121 -0.181625
0.660358 -0.184281
0.664594 -0.186937
0.66883 -0.189593
0.673067 -0.192249
0.677303 -0.194905
0.681539 -0.197561
0.685775 -0.200217
0.690012 -0.202873
0.694248 -0.205529
0.698484 -0.208185
0.70272 -0.210841
0.706957 -0.213497
0.711193 -0.216153
0.715429 -0.218809
0.719666 -0.221464
0.723902 -0.22412
0.728138 -0.226776
0.732374 -0.229432
0.736611 -0.232088
0.740847 -0.234744
0.745083 -0.2374
0.749319 -0.240056
0.753556 -0.242712
0.757792 -0.245368
0.762028 -0.248024
0.766265 -0.25068
0.770501 -0.253336
0.774737 -0.255992
0.778973 -0.258647
0.78321 -0.261303
0.787446 -0.263959
0.791682 -0.266615
0.795919 -0.269271
0.800155 -0.271927
0.804391 -0.274583
0.808627 -0.277239
0.812864 -0.279895
0.8171 -0.282551
0.821336 -0.285207
0.825572 -0.287863
0.829809 -0.290519
0.834045 -0.293175
0.838281 -0.295831
0.842518 -0.298486
0.846754 -0.301142
0.85099 -0.303798
0.855226 -0.306454
0.859463 -0.30911
0.863699 -0.311766
0.867935 -0.314422
0.872171 -0.317078
0.876408 -0.319734
0.880644 -0.32239
0.88488 -0.325046
0.889117 -0.327702
0.893353 -0.330358
0.897589 -0.333014
0.901825 -0.335669
0.906062 -0.338325
0.910298 -0.340981
0.914534 -0.343637
0.918771 -0.346293
0.923007 -0.348949
0.927243 -0.351605
0.931479 -0.354261
0.935716 -0.356917
0.939952 -0.359573
0.944188 -0.362229
0.948424 -0.364885
0.952661 -0.367541
0.956897 -0.370197
0.961133 -0.372853
0.96537 -0.375508
0.969606 -0.378164
0.973842 -0.38082
0.978078 -0.383476
0.982315 -0.386132
0.986551 -0.388788
0.990787 -0.391444
0.995023 -0.3941
0.99926 -0.396756
1.0035 -0.399412
1.00773 -0.402068
1.01197 -0.404724
1.0162 -0.40738
1.02044 -0.410036
1.02468 -0.412691
1.02891 -0.415347
1.03315 -0.418003
1.03739 -0.420659
1.04162 -0.423315
1.04586 -0.425971
1.0501 -0.428627
1.05433 -0.431283
1.05857 -0.433939
1.0628 -0.436595
1.06704 -0.439251
1.07128 -0.441907
1.07551 -0.444563
1.07975 -0.447219
1.08399 -0.449875
1.08822 -0.45253
1.09246 -0.455186
1.09669 -0.457842
1.10093 -0.460498
1.10517 -0.463154
1.1094 -0.46581
1.11365 -0.468455
1.11791 -0.471069
1.1222 -0.473629
1.12654 -0.476113
1.13093 -0.47851
1.13537 -0.480819
1.13985 -0.483039
1.14437 -0.485169
1.14893 -0.487207
1.15354 -0.489155
1.15818 -0.491009
1.16286 -0.492771
1.16758 -0.494438
1.17232 -0.496011
1.1771 -0.497488
1.1819 -0.49887
1.18674 -0.500156
1.19159 -0.501344
1.19647 -0.502435
1.20137 -0.503429
1.20629 -0.504324
1.21123 -0.50512
1.21618 -0.505818
1.22114 -0.506417
1.22612 -0.506916
1.2311 -0.507315
1.23609 -0.507615
1.24109 -0.507815
1.24609 -0.507915
1.25109 -0.507915
1.25609 -0.507815
1.26108 -0.507615
1.26607 -0.507315
1.27106 -0.506916
1.27603 -0.506417
1.281 -0.505818
1.28595 -0.50512
1.29089 -0.504324
1.3056 -0.501405
1.31048 -0.500326
1.31536 -0.499235
1.32024 -0.498144
1.32512 -0.497053
1.33 -0.495962
1.33488 -0.494871
1.33976 -0.493779
1.34464 -0.492688
1.34952 -0.491597
1.35439 -0.490506
1.35927 -0.489415
1.36415 -0.488324
1.36903 -0.487232
1.37391 -0.486141
1.37879 -0.48505
1.38367 -0.483959
1.38855 -0.482868
1.39343 -0.481777
1.39831 -0.480686
1.40319 -0.479594
1.40807 -0.478503
1.41295 -0.477412
1.41783 -0.476321
1.42271 -0.47523
1.42759 -0.474151
1.43248 -0.473109
1.43738 -0.472115
1.44229 -0.471171
1.44721 -0.470276
1.45214 -0.46943
1.45707 -0.468633
1.46202 -0.467886
1.46697 -0.467188
1.47193 -0.46654
1.47689 -0.465942
1.48186 -0.465393
1.49181 -0.464432
1.49679 -0.463982
1.50177 -0.463533
1.50675 -0.463084
1.51173 -0.462634
1.51671 -0.462185
1.52169 -0.461735
1.52667 -0.461286
1.53165 -0.460837
1.53663 -0.460387
1.54161 -0.459938
1.54659 -0.459488
1.55157 -0.459039
1.55655 -0.45859
1.56153 -0.45814
1.56651 -0.457691
1.57149 -0.457241
1.57647 -0.456792
1.58145 -0.456343
1.58643 -0.455893
1.59141 -0.455444
1.59639 -0.454995
1.60137 -0.454545
1.60635 -0.454096
1.61133 -0.453646
1.61631 -0.453197
1.63125 -0.451911
1.63624 -0.451574
1.64124 -0.451324
1.64623 -0.451174
1.65123 -0.451136
1.65623 -0.451236
1.66123 -0.451486
1.66621 -0.451886
1.67118 -0.452435
1.67613 -0.453133
1.68106 -0.453978
1.68596 -0.454972
1.69083 -0.456112
1.70045 -0.458839
1.70518 -0.460459
1.70984 -0.462267
1.71442 -0.46426
1.71442 -0.46426
1.71442 -0.46426
1.71442 -0.46426
1.71442 -0.46426
1.71442 -0.46426
1.71442 -0.46426
1.71442 -0.46426
1.71442 -0.46426
1.71442 -0.46426
1.71442 -0.46426
1.71442 -0.46426
1.71442 -0.46426
1.71442 -0.46426
1.71442 -0.46426
1.71442 -0.46426
1.71442 -0.46426
1.71442 -0.46426
1.71442 -0.46426
1.71442 -0.46426
1.71442 -0.46426
1.71442 -0.46426
1.71442 -0.46426
1.71442 -0.46426
1.71442 -0.46426
1.71442 -0.46426
1.71442 -0.46426
1.71442 -0.46426
1.71442 -0.46426
1.71442 -0.46426
1.71442 -0.46426
1.71442 -0.46426
1.71442 -0.46426
1.71442 -0.46426
1.71442 -0.46426
1.71442 -0.46426
1.71442 -0.46426
1.71442 -0.46426
1.71442 -0.46426
1.71442 -0.46426
1.71442 -0.46426
1.71442 -0.46426
1.71442 -0.46426
1.71442 -0.46426
1.71442 -0.46426
1.71442 -0.46426
1.71442 -0.46426
1.71442 -0.46426
1.71442 -0.46426
1.71442 -0.46426
1.71442 -0.46426
1.71442 -0.46426
1.71442 -0.46426
1.71442 -0.46426
1.71442 -0.46426
1.71442 -0.46426
1.71442 -0.46426
1.71442 -0.46426
1.71442 -0.46426
1.71442 -0.46426
1.71442 -0.46426
1.71442 -0.46426
1.71442 -0.46426
1.71442 -0.46426
1.71442 -0.46426
1.71442 -0.46426
1.71442 -0.46426
1.71442 -0.46426
1.71442 -0.46426
1.71442 -0.46426
1.71442 -0.46426
1.71442 -0.46426
1.71442 -0.46426
1.71442 -0.46426
1.71442 -0.46426
1.71442 -0.46426
1.71442 -0.46426
1.71442 -0.46426
1.71442 -0.46426
1.71442 -0.46426
1.71442 -0.46426
1.71442 -0.46426
1.71442 -0.46426
1.71442 -0.46426
1.71442 -0.46426
1.71442 -0.46426
1.71442 -0.46426
1.71442 -0.46426
1.71442 -0.46426
1.71442 -0.46426
1.71442 -0.46426
1.71442 -0.46426
1.71442 -0.46426
1.71442 -0.46426
1.71434 -0.464754
1.71419 -0.465741
1.71395 -0.467222
1.71363 -0.469197
1.71323 -0.471665
1.71276 -0.474627
1.71228 -0.477589
1.71181 -0.480551
1.71133 -0.483514
1.71086 -0.486476
1.71038 -0.489438
1.70991 -0.4924
1.70943 -0.495362
1.70895 -0.498324
1.70848 -0.501286
1.708 -0.504248
1.70753 -0.50721
1.70705 -0.510172
1.70658 -0.513134
1.7061 -0.516096
1.70563 -0.519058
1.70515 -0.52202
1.70467 -0.524982
1.7042 -0.527944
1.70372 -0.530907
1.70325 -0.533869
1.70277 -0.536831
1.70222 -0.540286
1.70158 -0.544236
1.70087 -0.548679
1.70008 -0.553616
1.69928 -0.558552
1.69849 -0.563489
1.6977 -0.568426
1.69691 -0.573363
1.69611 -0.578299
1.69532 -0.583236
1.69453 -0.588173
1.69374 -0.59311
1.69294 -0.598047
1.69215 -0.602983
1.69136 -0.60792
1.69056 -0.612857
1.68977 -0.617794
1.68898 -0.62273
1.68819 -0.627667
1.68739 -0.632604
1.6866 -0.637541
1.68581 -0.642477
1.68502 -0.647414
1.68422 -0.652351
1.68256 -0.662718
1.68161 -0.668642
1.68066 -0.674566
1.67971 -0.680491
1.67875 -0.686415
1.6778 -0.692339
1.67685 -0.698263
1.6759 -0.704187
1.67495 -0.710111
1.674 -0.716035
1.67305 -0.721959
1.6721 -0.727884
1.67114 -0.733808
1.67019 -0.739732
1.66924 -0.745656
1.66829 -0.75158
1.66734 -0.757504
1.66639 -0.763428
1.66544 -0.769352
1.66449 -0.775277
1.66354 -0.781201
1.66258 -0.787125
1.66163 -0.793049
1.66068 -0.798973
1.65973 -0.804897
1.65878 -0.810821
1.65783 -0.816745
1.65688 -0.82267
1.65593 -0.828594
1.65497 -0.834518
1.65402 -0.840442
1.65307 -0.846366
1.65212 -0.85229
1.65117 -0.858214
1.65022 -0.864138
1.64927 -0.870063
1.64832 -0.875987
1.64736 -0.881911
1.64641 -0.887835
1.64546 -0.893759
1.64451 -0.899683
1.64356 -0.905607
1.64261 -0.911531
1.64166 -0.917456
1.64071 -0.92338
1.63976 -0.929304
1.6388 -0.935228
1.63785 -0.941152
1.6369 -0.947076
1.63595 -0.953
1.635 -0.958924
1.63405 -0.964849
1.6331 -0.970773
1.63215 -0.976697
1.63119 -0.982621
1.63024 -0.988545
1.62929 -0.994469
1.62834 -1.00039
1.62739 -1.00632
1.62644 -1.01224
1.62549 -1.01817
1.62454 -1.02409
1.62359 -1.03001
1.62263 -1.03594
1.62168 -1.04186
1.62073 -1.04779
1.61978 -1.05371
1.61883 -1.05963
1.61788 -1.06556
1.61693 -1.07148
1.61598 -1.07741
1.61502 -1.08333
1.61407 -1.08926
1.61312 -1.09518
1.61217 -1.1011
1.61122 -1.10703
1.61025 -1.11295
1.60816 -1.12476
1.60697 -1.13065
1.60567 -1.1365
1.60425 -1.14233
1.60271 -1.14813
1.60105 -1.1539
1.59929 -1.15963
1.5974 -1.16533
1.59541 -1.17099
1.5933 -1.1766
1.59108 -1.18218
1.58874 -1.18771
1.5863 -1.19319
1.58375 -1.19862
1.58109 -1.204
1.57832 -1.20932
1.57545 -1.21459
1.57247 -1.2198
1.56939 -1.22495
1.56621 -1.23003
1.56293 -1.23505
1.55954 -1.24001
1.55606 -1.24489
1.55248 -1.24971
1.54881 -1.25445
1.54504 -1.25912
1.54118 -1.26371
1.53722 -1.26823
1.53318 -1.27266
1.52905 -1.27701
1.52483 -1.28128
1.52053 -1.28547
1.51615 -1.28956
1.51169 -1.29357
1.50714 -1.29749
1.50252 -1.30132
1.49782 -1.30505
1.49305 -1.30869
1.48821 -1.31223
1.4833 -1.31568
1.47832 -1.31902
1.47327 -1.32227
1.46816 -1.32541
1.46299 -1.32845
1.45776 -1.33139
1.45247 -1.33422
1.44712 -1.33695
1.44172 -1.33957
1.43627 -1.34208
1.43078 -1.34448
1.42523 -1.34677
1.41964 -1.34895
1.41401 -1.35101
1.40833 -1.35297
1.40262 -1.3548
1.39687 -1.35653
1.39109 -1.35814
1.38528 -1.35963
1.37944 -1.36101
1.37358 -1.36227
1.36769 -1.36341
1.36178 -1.36444
1.35584 -1.36534
1.3499 -1.36613
1.34393 -1.3668
1.33796 -1.36735
1.33197 -1.36778
1.32598 -1.36809
1.31999 -1.36828
1.31399 -1.36835
1.30799 -1.36831
1.29599 -1.36804
1.28999 -1.36787
1.28399 -1.3677
1.278 -1.36753
1.272 -1.36736
1.266 -1.36719
1.26 -1.36702
1.25401 -1.36685
1.24801 -1.36668
1.24201 -1.36651
1.23601 -1.36634
1.23002 -1.36617
1.22402 -1.366
1.21802 -1.36583
1.21202 -1.36566
1.20602 -1.36549
1.19953 -1.3653
1.18503 -1.36489
1.17704 -1.36466
1.16854 -1.36442
1.15954 -1.36417
1.15005 -1.3639
1.14005 -1.36361
1.11956 -1.36303
1.10856 -1.36272
1.09757 -1.36241
1.07408 -1.36174
1.06158 -1.36138
1.04859 -1.36101
1.03509 -1.36063
1.00661 -1.35982
0.991612 -1.3594
0.961124 -1.35853
0.94513 -1.35807
0.929137 -1.35762
0.913143 -1.35717
0.89715 -1.35671
0.881156 -1.35626
0.865163 -1.3558
0.849169 -1.35535
0.833175 -1.35489
0.817182 -1.35444
0.801188 -1.35398
0.785195 -1.35353
0.769201 -1.35308
0.753208 -1.35262
0.737214 -1.35217
0.721221 -1.35171
0.705227 -1.35126
0.689234 -1.3508
0.67324 -1.35035
0.657246 -1.34989
0.641253 -1.34944
0.625259 -1.34899
0.609266 -1.34853
0.593272 -1.34808
0.577279 -1.34762
0.561285 -1.34717
0.545292 -1.34671
0.529298 -1.34626
0.513305 -1.3458
0.497311 -1.34535
0.481317 -1.3449
0.465324 -1.34444
0.44933 -1.34399
0.433337 -1.34353
0.417343 -1.34308
0.40135 -1.34262
0.385356 -1.34217
0.369363 -1.34171
0.353369 -1.34126
0.337376 -1.34081
0.321382 -1.34035
0.305388 -1.3399
0.289395 -1.33944
0.273401 -1.33899
0.257408 -1.33853
0.241414 -1.33808
0.225421 -1.33762
0.209427 -1.33717
0.193434 -1.33671
0.17744 -1.33626
0.161447 -1.33581
0.145453 -1.33535
0.129459 -1.3349
0.113466 -1.33444
0.0974724 -1.33399
0.0814789 -1.33353
0.0654853 -1.33308
0.0494918 -1.33262
0.0334982 -1.33217
0.0175047 -1.33172
0.00151114 -1.33126
-0.0144824 -1.33081
-0.030476 -1.33035
-0.0464695 -1.3299
-0.062463 -1.32944
-0.0784566 -1.32899
-0.0944501 -1.32853
-0.110444 -1.32808
-0.126437 -1.32763
-0.142431 -1.32717
-0.158424 -1.32672
-0.174418 -1.32626
-0.190411 -1.32581
-0.206405 -1.32535
-0.222398 -1.3249
-0.238392 -1.32444
-0.254386 -1.32399
-0.270379 -1.32354
-0.286373 -1.32308
-0.302366 -1.32263
-0.31836 -1.32217
-0.334353 -1.32172
-0.350347 -1.32126
-0.36634 -1.32081
-0.382334 -1.32035
-0.398327 -1.3199
-0.414321 -1.31945
-0.430315 -1.31899
-0.446308 -1.31854
-0.462302 -1.31808
-0.478295 -1.31763
-0.494289 -1.31717
-0.510282 -1.31672
-0.526276 -1.31626
-0.542269 -1.31581
-0.558263 -1.31536
-0.574256 -1.3149
-0.59025 -1.31445
-0.606244 -1.31399
-0.622237 -1.31354
-0.638231 -1.31308
-0.654224 -1.31263
-0.670218 -1.31217
-0.686211 -1.31172
-0.702205 -1.31127
-0.718198 -1.31081
-0.734192 -1.31036
-0.750185 -1.3099
-0.766179 -1.30945
-0.782173 -1.30899
-0.798166 -1.30854
-0.81416 -1.30808
-0.830153 -1.30763
-0.846147 -1.30718
-0.86214 -1.30672
-0.878134 -1.30627
-0.894127 -1.30581
-0.910121 -1.30536
-0.926114 -1.3049
-0.942108 -1.30445
-0.958102 -1.30399
-0.974095 -1.30354
-0.990089 -1.30309
-1.00608 -1.30263
-1.02208 -1.30218
-1.03807 -1.30172
-1.05406 -1.30127
-1.07006 -1.30081
-1.08605 -1.30036
-1.10204 -1.2999
-1.11804 -1.29945
-1.13403 -1.299
-1.15002 -1.29854
-1.16602 -1.29809
-1.18201 -1.29763
-1.198 -1.29718
-1.214 -1.29672
-1.22999 -1.29627
-1.24599 -1.29581
-1.26198 -1.29536
-1.27797 -1.2949
-1.29397 -1.29445
-1.30996 -1.294
-1.32595 -1.29354
-1.34195 -1.29309
-1.35794 -1.29263
-1.37393 -1.29218
-1.38993 -1.29172
-1.40592 -1.29127
-1.42191 -1.29081
-1.43791 -1.29036
-1.43791 -1.29036
-1.43791 -1.29036
-1.43791 -1.29036
-1.43791 -1.29036
-1.43791 -1.29036
-1.43791 -1.29036
-1.43791 -1.29036
-1.43791 -1.29036
-1.43791 -1.29036
-1.43791 -1.29036
-1.43791 -1.29036
-1.43791 -1.29036
-1.43791 -1.29036
-1.43791 -1.29036
-1.43791 -1.29036
-1.43791 -1.29036
-1.43791 -1.29036
-1.43791 -1.29036
-1.43791 -1.29036
-1.43791 -1.29036
-1.43791 -1.29036
-1.43791 -1.29036
-1.43791 -1.29036
-1.43791 -1.29036
-1.43791 -1.29036
-1.43791 -1.29036
-1.43791 -1.29036
-1.43791 -1.29036
-1.43791 -1.29036
-1.43791 -1.29036
-1.43791 -1.29036
-1.43791 -1.29036
-1.43791 -1.29036
-1.43791 -1.29036
-1.43791 -1.29036
-1.43791 -1.29036
-1.43791 -1.29036
-1.43791 -1.29036
-1.43791 -1.29036
-1.43791 -1.29036
-1.43791 -1.29036
-1.43791 -1.29036
-1.43791 -1.29036
-1.43791 -1.29036
-1.43791 -1.29036
-1.43791 -1.29036
-1.43791 -1.29036
-1.43791 -1.29036
-1.43791 -1.29036
-1.43791 -1.29036
-1.43791 -1.29036
-1.43791 -1.29036
-1.43791 -1.29036
-1.43791 -1.29036
-1.43791 -1.29036
-1.43791 -1.29036
-1.43791 -1.29036
-1.43791 -1.29036
-1.43791 -1.29036
-1.43791 -1.29036
-1.43791 -1.29036
-1.43791 -1.29036
-1.43791 -1.29036
-1.43791 -1.29036
-1.43791 -1.29036
-1.43791 -1.29036
-1.43791 -1.29036
-1.43791 -1.29036
-1.43791 -1.29036
-1.43791 -1.29036
-1.43791 -1.29036
-1.43791 -1.29036
-1.43791 -1.29036
-1.43791 -1.29036
-1.43791 -1.29036
-1.43791 -1.29036
-1.43791 -1.29036
-1.43791 -1.29036
-1.43791 -1.29036
-1.43791 -1.29036
-1.43791 -1.29036
-1.43791 -1.29036
-1.43791 -1.29036
-1.43791 -1.29036
-1.43791 -1.29036
-1.43791 -1.29036
-1.43791 -1.29036
-1.43791 -1.29036
-1.43791 -1.29036
-1.43791 -1.29036
-1.43814 -1.28992
-1.43931 -1.28771
-1.44027 -1.28595
-1.44125 -1.28421
-1.44225 -1.28248
-1.44327 -1.28076
-1.4443 -1.27904
-1.44535 -1.27734
-1.44777 -1.27355
-1.44942 -1.27104
-1.45109 -1.26855
-1.45279 -1.26608
-1.45452 -1.26362
-1.45627 -1.26119
-1.45804 -1.25877
-1.45984 -1.25637
-1.46166 -1.25398
-1.4635 -1.25162
-1.46537 -1.24927
-1.46726 -1.24694
-1.47104 -1.24228
-1.4729 -1.23993
-1.47475 -1.23756
-1.47657 -1.23518
-1.47837 -1.23278
-1.48014 -1.23036
-1.48189 -1.22792
-1.48361 -1.22546
-1.48531 -1.22299
-1.48699 -1.2205
-1.48864 -1.218
-1.49026 -1.21548
-1.49186 -1.21294
-1.49344 -1.21038
-1.49499 -1.20782
-1.49651 -1.20523
-1.49801 -1.20263
-1.49948 -1.20002
-1.50092 -1.19739
-1.50234 -1.19474
-1.50373 -1.19209
-1.5051 -1.18941
-1.50643 -1.18673
-1.50775 -1.18403
-1.50903 -1.18132
-1.51029 -1.1786
-1.51152 -1.17586
-1.51272 -1.17311
-1.51389 -1.17035
-1.51504 -1.16758
-1.51616 -1.16479
-1.51725 -1.162
-1.51832 -1.1592
-1.51935 -1.15638
-1.52036 -1.15355
-1.52134 -1.15072
-1.52229 -1.14787
-1.52321 -1.14502
-1.5241 -1.14215
-1.52497 -1.13928
-1.5258 -1.1364
-1.5258 -1.1364
-1.52739 -1.13061
-1.52739 -1.13061
-1.52886 -1.1248
-1.52886 -1.1248
-1.52955 -1.12188
-1.53084 -1.11602
-1.53145 -1.11308
-1.53145 -1.11308
-1.53202 -1.11013
-1.53256 -1.10718
-1.53308 -1.10423
-1.53356 -1.10127
-1.53402 -1.0983
-1.53445 -1.09533
-1.53484 -1.09236
-1.53521 -1.08938
-1.53554 -1.0864
-1.53612 -1.08043
-1.53634 -1.07744
-1.53649 -1.07444
-1.53659 -1.07144
-1.53663 -1.06844
-1.53661 -1.06544
-1.53652 -1.06244
-1.53638 -1.05945
-1.53618 -1.05645
-1.5356 -1.05048
-1.53525 -1.0475
-1.53487 -1.04453
-1.53445 -1.04156
-1.53401 -1.03859
-1.53354 -1.03563
-1.53304 -1.03267
-1.53251 -1.02971
-1.53195 -1.02677
-1.53136 -1.02383
-1.53074 -1.02089
-1.5301 -1.01796
-1.52946 -1.01503
-1.52881 -1.0121
-1.52816 -1.00917
-1.52751 -1.00624
-1.52687 -1.00331
-1.52622 -1.00038
-1.52557 -0.997455
-1.52492 -0.994525
-1.52428 -0.991596
-1.52363 -0.988667
-1.52298 -0.985738
-1.52233 -0.982808
-1.52168 -0.979879
-1.52104 -0.97695
-1.52039 -0.974021
-1.51974 -0.971091
-1.51909 -0.968162
-1.51845 -0.965233
-1.5178 -0.962304
-1.51715 -0.959374
-1.5165 -0.956445
-1.51586 -0.953516
-1.51521 -0.950587
-1.51456 -0.947657
-1.51391 -0.944728
-1.51326 -0.941799
-1.51262 -0.93887
-1.51197 -0.93594
-1.51132 -0.933011
-1.51067 -0.930082
-1.51003 -0.927153
-1.50938 -0.924223
-1.50873 -0.921294
-1.50808 -0.918365
-1.50744 -0.915436
-1.50679 -0.912506
-1.50614 -0.909577
-1.50549 -0.906648
-1.50484 -0.903719
-1.5042 -0.900789
-1.50355 -0.89786
-1.5029 -0.894931
-1.50225 -0.892002
-1.50161 -0.889072
-1.50096 -0.886143
-1.50031 -0.883214
-1.49966 -0.880285
-1.49902 -0.877355
-1.49837 -0.874426
-1.49772 -0.871497
-1.49707 -0.868568
-1.49642 -0.865638
-1.49578 -0.862709
-1.49513 -0.85978
-1.49448 -0.856851
-1.49383 -0.853921
-1.49243 -0.847575
-1.49157 -0.843669
-1.4906 -0.839275
-1.48952 -0.834393
-1.48844 -0.829511
-1.48736 -0.824629
-1.48628 -0.819747
-1.4852 -0.814865
-1.48412 -0.809983
-1.48304 -0.805101
-1.48196 -0.800219
-1.48088 -0.795336
-1.4798 -0.790454
-1.47872 -0.785572
-1.47764 -0.78069
-1.47656 -0.775808
-1.47548 -0.770926
-1.47331 -0.761165
-1.47218 -0.756294
-1.47101 -0.751434
-1.46978 -0.746587
-1.46851 -0.741752
-1.46718 -0.73693
-1.46581 -0.732121
-1.4644 -0.727326
-1.46293 -0.722546
-1.46142 -0.717781
-1.45985 -0.713031
-1.45825 -0.708297
-1.45659 -0.703579
-1.45489 -0.698878
-1.45314 -0.694194
-1.45134 -0.689529
-1.4495 -0.684881
-1.44761 -0.680252
-1.44567 -0.675642
-1.44369 -0.671051
-1.44166 -0.666481
-1.4396 -0.661926
-1.43752 -0.657376
-1.43545 -0.652827
-1.43338 -0.648277
-1.4313 -0.643727
-1.42923 -0.639177
-1.42716 -0.634627
-1.42508 -0.630078
-1.42301 -0.625528
-1.42094 -0.620978
-1.41886 -0.616428
-1.41679 -0.611878
-1.41472 -0.607329
-1.41264 -0.602779
-1.41057 -0.598229
-1.4085 -0.593679
-1.40642 -0.589129
-1.40435 -0.58458
-1.40227 -0.58003
-1.4002 -0.57548
-1.39813 -0.57093
-1.39605 -0.56638
-1.39398 -0.561831
-1.39191 -0.557281
-1.38983 -0.552731
-1.38776 -0.548181
-1.38569 -0.543631
-1.38361 -0.539082
-1.37926 -0.529527
-1.37677 -0.524067
-1.37408 -0.518153
-1.37117 -0.511783
-1.36827 -0.505413
-1.36537 -0.499043
-1.35954 -0.486311
-1.35658 -0.479971
-1.35355 -0.473661
-1.35046 -0.467381
-1.3473 -0.461132
-1.34408 -0.454916
-1.3408 -0.448731
-1.33746 -0.44258
-1.33406 -0.436463
-1.3306 -0.43038
-1.32707 -0.424332
-1.3235 -0.41831
-1.31992 -0.412298
-1.31633 -0.406285
-1.31275 -0.400273
-1.30916 -0.39426
-1.30558 -0.388248
-1.30199 -0.382235
-1.29841 -0.376223
-1.29483 -0.37021
-1.29124 -0.364198
-1.28766 -0.358185
-1.28406 -0.352181
-1.28041 -0.346205
-1.27671 -0.340265
-1.27294 -0.334363
-1.26912 -0.328499
-1.26524 -0.322673
-1.2613 -0.316886
-1.25731 -0.311139
-1.25325 -0.305432
-1.24914 -0.299766
-1.24498 -0.294141
-1.24075 -0.288559
-1.23647 -0.283019
-1.23214 -0.277521
-1.22775 -0.272068
-1.22331 -0.266659
-1.21433 -0.255918
-1.21433 -0.255918
-1.20983 -0.250553
-1.20534 -0.245189
-1.20084 -0.239824
-1.19634 -0.234459
-1.19185 -0.229095
-1.18735 -0.22373
-1.18285 -0.218365
-1.17836 -0.213001
-1.17386 -0.207636
-1.16485 -0.196918
-1.1603 -0.191599
-1.1557 -0.186325
-1.15104 -0.181098
-1.14633 -0.175917
-1.14158 -0.170784
-1.13677 -0.165699
-1.1319 -0.160662
-1.12699 -0.155673
-1.12203 -0.150735
-1.11702 -0.145846
-1.11196 -0.141007
-1.10686 -0.136219
-1.1017 -0.131483
-1.0965 -0.126798
-1.09125 -0.122166
-1.08596 -0.117586
-1.08062 -0.11306
-1.07524 -0.108587
-1.06981 -0.104168
-1.05883 -0.0954802
-1.05331 -0.0911708
-1.0478 -0.0868613
-1.04228 -0.0825519
-1.03676 -0.0782425
-1.03125 -0.0739331
-1.02573 -0.0696237
-1.02022 -0.0653143
-1.0147 -0.0610049
-1.00918 -0.0566955
-0.997756 -0.0477688
-0.991452 -0.0428438
-0.985148 -0.0379187
-0.97845 -0.0326859
-0.971357 -0.0271452
-0.964265 -0.0216046
-0.957173 -0.0160639
-0.95008 -0.0105232
-0.942988 -0.00498254
-0.928409 0.00640662
-0.920529 0.0125629
-0.904374 0.0251833
-0.895706 0.0319553
-0.886643 0.039035
-0.877187 0.0464226
-0.85788 0.0615055
-0.847636 0.0695087
-0.837391 0.0775119
-0.816882 0.0934926
-0.806558 0.101393
-0.796156 0.10919
-0.785676 0.116882
-0.77512 0.124469
-0.764488 0.13195
-0.753782 0.139325
-0.743003 0.146592
-0.732152 0.153751
-0.721247 0.160828
-0.710325 0.167878
-0.699402 0.174928
-0.68848 0.181978
-0.677558 0.189028
-0.666636 0.196078
-0.655713 0.203128
-0.644791 0.210178
-0.633869 0.217228
-0.622946 0.224278
-0.612024 0.231329
-0.601102 0.238379
-0.590179 0.245429
-0.579257 0.252479
-0.568335 0.259529
-0.557412 0.266579
-0.54649 0.273629
-0.535568 0.280679
-0.524645 0.287729
-0.513723 0.294779
-0.502801 0.301829
-0.491879 0.308879
-0.480939 0.315902
-0.469946 0.322842
-0.458885 0.329672
-0.447756 0.336392
-0.436561 0.342999
-0.4253 0.349495
-0.413974 0.355877
-0.402586 0.362146
-0.391135 0.368301
-0.379623 0.37434
-0.368052 0.380265
-0.356421 0.386073
-0.344734 0.391765
-0.33299 0.39734
-0.32119 0.402797
-0.309337 0.408135
-0.297431 0.413355
-0.285474 0.418456
-0.273466 0.423436
-0.261408 0.428297
-0.249303 0.433036
-0.237151 0.437655
-0.224954 0.442151
-0.212712 0.446526
-0.200427 0.450777
-0.1881 0.454906
-0.175732 0.458911
-0.163325 0.462792
-0.15088 0.466549
-0.138397 0.470182
-0.138397 0.470182
-0.138397 0.470182
-0.138397 0.470182
-0.138397 0.470182
-0.138397 0.470182
-0.138397 0.470182
-0.138397 0.470182
-0.138397 0.470182
-0.138397 0.470182
-0.138397 0.470182
-0.138397 0.470182
-0.138397 0.470182
-0.138397 0.470182
-0.138397 0.470182
-0.138397 0.470182
-0.138397 0.470182
-0.138397 0.470182
-0.138397 0.470182
-0.138397 0.470182
-0.138397 0.470182
-0.138397 0.470182
-0.138397 0.470182
-0.138397 0.470182
-0.138397 0.470182
-0.138397 0.470182
-0.138397 0.470182
-0.138397 0.470182
-0.138397 0.470182
-0.138397 0.470182
-0.138397 0.470182
-0.138397 0.470182
-0.138397 0.470182
-0.138397 0.470182
-0.138397 0.470182
-0.138397 0.470182
-0.138397 0.470182
-0.138397 0.470182
-0.138397 0.470182
-0.138397 0.470182
-0.138397 0.470182
-0.138397 0.470182
-0.138397 0.470182
-0.138397 0.470182
-0.138397 0.470182
-0.138397 0.470182
-0.138397 0.470182
-0.138397 0.470182
-0.138397 0.470182
-0.138397 0.470182
-0.138397 0.470182
-0.138397 0.470182
-0.138397 0.470182
-0.138397 0.470182
-0.138397 0.470182
-0.138397 0.470182
-0.138397 0.470182
-0.138397 0.470182
-0.138397 0.470182
-0.138397 0.470182
-0.138397 0.470182
-0.138397 0.470182
-0.138397 0.470182
-0.138397 0.470182
-0.138397 0.470182
-0.138397 0.470182
-0.138397 0.470182
-0.138397 0.470182
-0.138397 0.470182
-0.138397 0.470182
-0.138397 0.470182
-0.138397 0.470182
-0.138397 0.470182
-0.138397 0.470182
-0.138397 0.470182
-0.138397 0.470182
-0.138397 0.470182
-0.138397 0.470182
-0.138397 0.470182
-0.138397 0.470182
-0.138397 0.470182
-0.138397 0.470182
-0.138397 0.470182
-0.138397 0.470182
-0.138397 0.470182
-0.138397 0.470182
-0.138397 0.470182
-0.138397 0.470182
-0.138397 0.470182
-0.138397 0.470182
-0.138397 0.470182
-0.138397 0.470182
-0.138397 0.470182
-0.138397 0.470182
-0.138397 0.470182
-0.138397 0.470182
-0.138397 0.470182
-0.138397 0.470182
-0.138397 0.470182
-0.138397 0.470182
-0.138397 0.470182
-0.138397 0.470182
-0.138397 0.470182
-0.138397 0.470182
-0.138397 0.470182
-0.138397 0.470182
-0.138397 0.470182
-0.138397 0.470182
-0.138397 0.470182
-0.138397 0.470182
-0.138397 0.470182
-0.138397 0.470182
-0.138397 0.470182
-0.138397 0.470182
-0.138397 0.470182
-0.138397 0.470182
-0.138397 0.470182
-0.138397 0.470182
-0.138397 0.470182
-0.138397 0.470182
-0.138397 0.470182
-0.138397 0.470182
-0.138397 0.470182
-0.138397 0.470182
-0.138397 0.470182
-0.138397 0.470182
-0.138397 0.470182
-0.138397 0.470182
-0.138397 0.470182
-0.138397 0.470182
-0.138397 0.470182
-0.138397 0.470182
-0.138397 0.470182
-0.138397 0.470182
-0.138397 0.470182
-0.138397 0.470182
-0.138397 0.470182
-0.138397 0.470182
-0.138397 0.470182
-0.138397 0.470182
-0.138397 0.470182
-0.138397 0.470182
-0.138397 0.470182
-0.138397 0.470182
-0.138397 0.470182
-0.138397 0.470182
-0.138397 0.470182
