0 0
0 0
0 0
0 0
0 0
0 0
0 0
0 0
-0.00941621 -0.000130585
-0.00941621 -0.000130585
-0.012397 -0.000169266
-0.012397 -0.000169266
-0.00822194 -0.000112514
-0.00822194 -0.000112514
-0.00724235 -9.8968e-05
-0.00724235 -9.8968e-05
-0.00774774 -0.000105448
-0.00774774 -0.000105448
-0.0118655 -0.000159536
-0.0118655 -0.000159536
-0.0102652 -0.000136532
-0.0102652 -0.000136532
-0.012368 -0.000161387
-0.012368 -0.000161387
-0.00655145 -7.9542e-05
-0.00655145 -7.9542e-05
-0.00663462 -8.06364e-05
-0.00663462 -8.06364e-05
-0.0103663 -0.000126894
-0.0103663 -0.000126894
-0.0111343 -0.000137437
-0.0111343 -0.000137437
-0.00554056 -6.36226e-05
-0.00554056 -6.36226e-05
-0.00551533 -6.32942e-05
-0.00551533 -6.32942e-05
-0.00449094 -4.9074e-05
-0.00449094 -4.9074e-05
-0.00550338 -6.33616e-05
-0.00550338 -6.33616e-05
-0.00626424 -7.31396e-05
-0.00626424 -7.31396e-05
-0.00211699 -2.31378e-05
-0.00211699 -2.31378e-05
-0.00800246 -0.000112657
-0.00800246 -0.000112657
-0.00416051 -7.21615e-05
-0.00416051 -7.21615e-05
-0.00309744 -5.80594e-05
-0.00309744 -5.80594e-05
-0.0030802 -5.78114e-05
-0.0030802 -5.78114e-05
-0.00309605 -5.80133e-05
-0.00309605 -5.80133e-05
-0.0029596 -5.61223e-05
-0.0029596 -5.61223e-05
-0.00332186 -6.08298e-05
-0.00332186 -6.08298e-05
-0.0051293 -8.4908e-05
-0.0051293 -8.4908e-05
-0.00382058 -6.77035e-05
-0.00382058 -6.77035e-05
-0.00130582 -3.3163e-05
-0.00130582 -3.3163e-05
-0.00715998 -0.000115547
-0.00715998 -0.000115547
-0.0042503 -7.93953e-05
-0.0042503 -7.93953e-05
-0.0034101 -6.87432e-05
-0.0034101 -6.87432e-05
-0.000350402 -2.84319e-05
-0.000350402 -2.84319e-05
0.000482785 -1.69677e-05
0.000482785 -1.69677e-05
7.9074e-05 -2.25128e-05
7.9074e-05 -2.25128e-05
-0.00105137 -3.72178e-05
-0.00105137 -3.72178e-05
0.000836893 -1.34962e-05
0.000836893 -1.34962e-05
0.00436799 3.89916e-05
0.00436799 3.89916e-05
-0.0030158 -5.00111e-05
-0.0030158 -5.00111e-05
8.96601e-05 -9.57805e-06
8.96601e-05 -9.57805e-06
-0.00118979 -2.62735e-05
-0.00118979 -2.62735e-05
0.00344115 4.11635e-05
0.00344115 4.11635e-05
0.00618243 8.10563e-05
0.00618243 8.10563e-05
0.01008 0.000144457
0.01008 0.000144457
0.0215843 0.000318294
0.0215843 0.000318294
0.0254539 0.000381916
0.0254539 0.000381916
0.0290336 0.000436617
0.0290336 0.000436617
0.0306965 0.000468576
0.0306965 0.000468576
0.0383777 0.000604729
0.0383777 0.000604729
0.0450625 0.000707459
0.0450625 0.000707459
0.0513771 0.000822766
0.0513771 0.000822766
0.0589227 0.000959375
0.0589227 0.000959375
0.0667233 0.00109315
0.0667233 0.00109315
0.073425 0.0012071
0.073425 0.0012071
0.0816485 0.00135734
0.0816485 0.00135734
0.0884645 0.00147934
0.0884645 0.00147934
0.095281 0.00161118
0.095281 0.00161118
0.104891 0.00179814
0.104891 0.00179814
0.120021 0.00208062
0.120021 0.00208062
0.126119 0.00220936
0.126119 0.00220936
0.129886 0.00228798
0.129886 0.00228798
0.144791 0.00260671
0.144791 0.00260671
0.156002 0.00283866
0.156002 0.00283866
0.163727 0.00298867
0.163727 0.00298867
0.172033 0.00315123
0.172033 0.00315123
0.181917 0.00334984
0.181917 0.00334984
0.189226 0.00350159
0.189226 0.00350159
0.209546 0.00391281
0.209546 0.00391281
0.211984 0.00397122
0.211984 0.00397122
0.220444 0.00417487
0.220444 0.00417487
0.23301 0.00448131
0.23301 0.00448131
0.245247 0.00476967
0.245247 0.00476967
0.255689 0.00500453
0.255689 0.00500453
0.263498 0.00513148
0.263498 0.00513148
0.277039 0.00499676
0.277039 0.00499676
0.280197 0.00485565
0.280197 0.00485565
0.290597 0.00403142
0.290597 0.00403142
0.30362 0.00253179
0.30362 0.00253179
0.312008 0.00127973
0.312008 0.00127973
0.318129 0.000112973
0.318129 0.000112973
0.326382 -0.00181395
0.326382 -0.00181395
0.336758 -0.00469203
0.336758 -0.00469203
0.350096 -0.00912023
0.350096 -0.00912023
0.353443 -0.0103745
0.353443 -0.0103745
0.367445 -0.0162912
0.367445 -0.0162912
0.367626 -0.0163752
0.367626 -0.0163752
0.38002 -0.022648
0.38002 -0.022648
0.386672 -0.0261707
0.386672 -0.0261707
0.402738 -0.0348346
0.402738 -0.0348346
0.410311 -0.0389302
0.410311 -0.0389302
0.414635 -0.0413068
0.414635 -0.0413068
0.426509 -0.0479086
0.426509 -0.0479086
0.437009 -0.0538017
0.437009 -0.0538017
0.440716 -0.0558823
0.440716 -0.0558823
0.45365 -0.0630537
0.45365 -0.0630537
0.464694 -0.0692412
0.464694 -0.0692412
0.469298 -0.0718281
0.469298 -0.0718281
0.47655 -0.0758468
0.47655 -0.0758468
0.487094 -0.0817003
0.487094 -0.0817003
0.491391 -0.0841018
0.491391 -0.0841018
0.507662 -0.0931341
0.507662 -0.0931341
0.513828 -0.0966197
0.513828 -0.0966197
0.516725 -0.0982814
0.516725 -0.0982814
0.526951 -0.104138
0.526951 -0.104138
0.536465 -0.1096
0.536465 -0.1096
0.544299 -0.114076
0.544299 -0.114076
0.554197 -0.119776
0.554197 -0.119776
0.56224 -0.124356
0.56224 -0.124356
0.570781 -0.129202
0.570781 -0.129202
0.578865 -0.133819
0.578865 -0.133819
0.583088 -0.136232
0.583088 -0.136232
0.593357 -0.142134
0.593357 -0.142134
0.599228 -0.145559
0.599228 -0.145559
0.60978 -0.151773
0.60978 -0.151773
0.617336 -0.15623
0.617336 -0.15623
0.632867 -0.165324
0.632867 -0.165324
0.635361 -0.16679
0.635361 -0.16679
0.643333 -0.17145
0.643333 -0.17145
0.650875 -0.175836
0.650875 -0.175836
0.65925 -0.180705
0.65925 -0.180705
0.672933 -0.188705
0.672933 -0.188705
0.676619 -0.190868
0.676619 -0.190868
0.68901 -0.198229
0.68901 -0.198229
0.697869 -0.203603
0.697869 -0.203603
0.699945 -0.20485
0.699945 -0.20485
0.709946 -0.210874
0.709946 -0.210874
0.720735 -0.217376
0.720735 -0.217376
0.732318 -0.224305
0.732318 -0.224305
0.740137 -0.228966
0.740137 -0.228966
0.743855 -0.231188
0.743855 -0.231188
0.750312 -0.235042
0.750312 -0.235042
0.759941 -0.240829
0.759941 -0.240829
0.762626 -0.242455
0.762626 -0.242455
0.777709 -0.251697
0.777709 -0.251697
0.784603 -0.255953
0.784603 -0.255953
0.790846 -0.259777
0.790846 -0.259777
0.801373 -0.266251
0.801373 -0.266251
0.808583 -0.270672
0.808583 -0.270672
0.817378 -0.276047
0.817378 -0.276047
0.827503 -0.282217
0.827503 -0.282217
0.833142 -0.285653
0.833142 -0.285653
0.839433 -0.289492
0.839433 -0.289492
0.849719 -0.295883
0.849719 -0.295883
0.856325 -0.299988
0.856325 -0.299988
0.862576 -0.303941
0.862576 -0.303941
0.872546 -0.310196
0.872546 -0.310196
0.880992 -0.315501
0.880992 -0.315501
0.89113 -0.321838
0.89113 -0.321838
0.898351 -0.326356
0.898351 -0.326356
0.906888 -0.331684
0.906888 -0.331684
0.918709 -0.33902
0.918709 -0.33902
0.9272 -0.34435
0.9272 -0.34435
0.930398 -0.34635
0.930398 -0.34635
0.940794 -0.35293
0.940794 -0.35293
0.947403 -0.357176
0.947403 -0.357176
0.953497 -0.361098
0.953497 -0.361098
0.960164 -0.365362
0.960164 -0.365362
0.966533 -0.369464
0.966533 -0.369464
0.977465 -0.37635
0.977465 -0.37635
0.980484 -0.378287
0.980484 -0.378287
0.989041 -0.383733
0.989041 -0.383733
1.00276 -0.392455
1.00276 -0.392455
1.00911 -0.396499
1.00911 -0.396499
1.01417 -0.399792
1.01417 -0.399792
1.02419 -0.40633
1.02419 -0.40633
1.03283 -0.411972
1.03283 -0.411972
1.03697 -0.414686
1.03697 -0.414686
1.04836 -0.422023
1.04836 -0.422023
1.05359 -0.425212
1.05359 -0.425212
1.06205 -0.430013
1.06205 -0.430013
1.06146 -0.429707
1.06146 -0.429707
1.07425 -0.435611
1.07425 -0.435611
1.0905 -0.442376
1.0905 -0.442376
1.09429 -0.44382
1.09429 -0.44382
1.09993 -0.445755
1.09993 -0.445755
1.10785 -0.448055
1.10785 -0.448055
1.11473 -0.449779
1.11473 -0.449779
1.12275 -0.451431
1.12275 -0.451431
1.12898 -0.452521
1.12898 -0.452521
1.13908 -0.453822
1.13908 -0.453822
1.14695 -0.454585
1.14695 -0.454585
1.16312 -0.455576
1.16312 -0.455576
1.16263 -0.455567
1.16263 -0.455567
1.17179 -0.455369
1.17179 -0.455369
1.18104 -0.454762
1.18104 -0.454762
1.18607 -0.454245
1.18607 -0.454245
1.20126 -0.452246
1.20126 -0.452246
1.21061 -0.450796
1.21061 -0.450796
1.22242 -0.448962
1.22242 -0.448962
1.23108 -0.447651
1.23108 -0.447651
1.23695 -0.446748
1.23695 -0.446748
1.24483 -0.445536
1.24483 -0.445536
1.25728 -0.443563
1.25728 -0.443563
1.26707 -0.442004
1.26707 -0.442004
1.28504 -0.439043
1.28504 -0.439043
1.29137 -0.43801
1.29137 -0.43801
1.29885 -0.436773
1.29885 -0.436773
1.30782 -0.435274
1.30782 -0.435274
1.32519 -0.432489
1.32519 -0.432489
1.33087 -0.431604
1.33087 -0.431604
1.34541 -0.429668
1.34541 -0.429668
1.35503 -0.428615
1.35503 -0.428615
1.36386 -0.427766
1.36386 -0.427766
1.3701 -0.427259
1.3701 -0.427259
1.38288 -0.426443
1.38288 -0.426443
1.38754 -0.426193
1.38754 -0.426193
1.39947 -0.425582
1.39947 -0.425582
1.40824 -0.425137
1.40824 -0.425137
1.41831 -0.424579
1.41831 -0.424579
1.42941 -0.424057
1.42941 -0.424057
1.43565 -0.423725
1.43565 -0.423725
1.44424 -0.423298
1.44424 -0.423298
1.44914 -0.423054
1.44914 -0.423054
1.46479 -0.422178
1.46479 -0.422178
1.47048 -0.421849
1.47048 -0.421849
1.48647 -0.420895
1.48647 -0.420895
1.48886 -0.420767
1.48886 -0.420767
1.50501 -0.419869
1.50501 -0.419869
1.50941 -0.419684
1.50941 -0.419684
1.52208 -0.419517
1.52208 -0.419517
1.53194 -0.419963
1.53194 -0.419963
1.53884 -0.420639
1.53884 -0.420639
1.54847 -0.422083
1.54847 -0.422083
1.55407 -0.423305
1.55407 -0.423305
1.56103 -0.425345
1.56103 -0.425345
1.56727 -0.427692
1.56727 -0.427692
1.57471 -0.43088
1.57471 -0.43088
1.56774 -0.427687
1.56774 -0.427687
1.57518 -0.431079
1.57518 -0.431079
1.56821 -0.42788
1.56821 -0.42788
1.56871 -0.42811
1.56871 -0.42811
1.57122 -0.429259
1.57122 -0.429259
1.57032 -0.428844
1.57032 -0.428844
1.57682 -0.431877
1.57682 -0.431877
1.57113 -0.429134
1.57113 -0.429134
1.5693 -0.428186
1.5693 -0.428186
1.56874 -0.427867
1.56874 -0.427867
1.57278 -0.430354
1.57278 -0.430354
1.57208 -0.429874
1.57208 -0.429874
1.56658 -0.425644
1.56658 -0.425644
1.5666 -0.42566
1.5666 -0.42566
1.56869 -0.427667
1.56869 -0.427667
1.57192 -0.43118
1.57192 -0.43118
1.56928 -0.427975
1.56928 -0.427975
1.56814 -0.426423
1.56814 -0.426423
1.57296 -0.433676
1.57296 -0.433676
1.57219 -0.432318
1.57219 -0.432318
1.5745 -0.43699
1.5745 -0.43699
1.57234 -0.431883
1.57234 -0.431883
1.57275 -0.432978
1.57275 -0.432978
1.57441 -0.43762
1.57441 -0.43762
1.57314 -0.43378
1.57314 -0.43378
1.57356 -0.435246
1.57356 -0.435246
1.57388 -0.436489
1.57388 -0.436489
1.57367 -0.435546
1.57367 -0.435546
1.57415 -0.438279
1.57415 -0.438279
1.57368 -0.434889
1.57368 -0.434889
1.57389 -0.437174
1.57389 -0.437174
1.57394 -0.438138
1.57394 -0.438138
1.57394 -0.438522
1.57394 -0.438522
1.57383 -0.445734
1.57383 -0.445734
1.57399 -0.439529
1.57399 -0.439529
1.57397 -0.439962
1.57397 -0.439962
1.5738 -0.446627
1.5738 -0.446627
1.57411 -0.4359
1.57411 -0.4359
1.57406 -0.437448
1.57406 -0.437448
1.5741 -0.436225
1.5741 -0.436225
1.57404 -0.437928
1.57404 -0.437928
1.57398 -0.439935
1.57398 -0.439935
1.57397 -0.440149
1.57397 -0.440149
1.57415 -0.435005
1.57415 -0.435005
1.57395 -0.440299
1.57395 -0.440299
1.57416 -0.43434
1.57416 -0.43434
1.57383 -0.442256
1.57383 -0.442256
1.57364 -0.44723
1.57364 -0.44723
1.57363 -0.447548
1.57363 -0.447548
1.57297 -0.463149
1.57297 -0.463149
1.57283 -0.466273
1.57283 -0.466273
1.57266 -0.470353
1.57266 -0.470353
1.57239 -0.476244
1.57239 -0.476244
1.57228 -0.478646
1.57228 -0.478646
1.57222 -0.480152
1.57222 -0.480152
1.57158 -0.495555
1.57158 -0.495555
1.57131 -0.502501
1.57131 -0.502501
1.57112 -0.507184
1.57112 -0.507184
1.57087 -0.513604
1.57087 -0.513604
1.57048 -0.523769
1.57048 -0.523769
1.57009 -0.531806
1.57009 -0.531806
1.56963 -0.540714
1.56963 -0.540714
1.56924 -0.548144
1.56924 -0.548144
1.56831 -0.565885
1.56831 -0.565885
1.56805 -0.570605
1.56805 -0.570605
1.56777 -0.575761
1.56777 -0.575761
1.5673 -0.58369
1.5673 -0.58369
1.56624 -0.60304
1.56624 -0.60304
1.56577 -0.611532
1.56577 -0.611532
1.56559 -0.615238
1.56559 -0.615238
1.5649 -0.62683
1.5649 -0.62683
1.56407 -0.64069
1.56407 -0.64069
1.56327 -0.65349
1.56327 -0.65349
1.56254 -0.665257
1.56254 -0.665257
1.56187 -0.67546
1.56187 -0.67546
1.56077 -0.691022
1.56077 -0.691022
1.5602 -0.700196
1.5602 -0.700196
1.55939 -0.712715
1.55939 -0.712715
1.55868 -0.7238
1.55868 -0.7238
1.55789 -0.736127
1.55789 -0.736127
1.55717 -0.746179
1.55717 -0.746179
1.55584 -0.764366
1.55584 -0.764366
1.55544 -0.769784
1.55544 -0.769784
1.55455 -0.781787
1.55455 -0.781787
1.55363 -0.793818
1.55363 -0.793818
1.55293 -0.80355
1.55293 -0.80355
1.55183 -0.818101
1.55183 -0.818101
1.55055 -0.834965
1.55055 -0.834965
1.54996 -0.842716
1.54996 -0.842716
1.54888 -0.855994
1.54888 -0.855994
1.54778 -0.86877
1.54778 -0.86877
1.54641 -0.8847
1.54641 -0.8847
1.54571 -0.892724
1.54571 -0.892724
1.54425 -0.910079
1.54425 -0.910079
1.54372 -0.916213
1.54372 -0.916213
1.54264 -0.929629
1.54264 -0.929629
1.5419 -0.937858
1.5419 -0.937858
1.54057 -0.952728
1.54057 -0.952728
1.53949 -0.964524
1.53949 -0.964524
1.5381 -0.978421
1.5381 -0.978421
1.53721 -0.987562
1.53721 -0.987562
1.53542 -1.00516
1.53542 -1.00516
1.53477 -1.01221
1.53477 -1.01221
1.5332 -1.02891
1.5332 -1.02891
1.53195 -1.0416
1.53195 -1.0416
1.53119 -1.04971
1.53119 -1.04971
1.52902 -1.06942
1.52902 -1.06942
1.52868 -1.07271
1.52868 -1.07271
1.52671 -1.09021
1.52671 -1.09021
1.52472 -1.10663
1.52472 -1.10663
1.52408 -1.11129
1.52408 -1.11129
1.522 -1.12332
1.522 -1.12332
1.51891 -1.13808
1.51891 -1.13808
1.51644 -1.14787
1.51644 -1.14787
1.51342 -1.15801
1.51342 -1.15801
1.50804 -1.17348
1.50804 -1.17348
1.50349 -1.18517
1.50349 -1.18517
1.50053 -1.1917
1.50053 -1.1917
1.49473 -1.20338
1.49473 -1.20338
1.4884 -1.21499
1.4884 -1.21499
1.48233 -1.22515
1.48233 -1.22515
1.47606 -1.23459
1.47606 -1.23459
1.46956 -1.24367
1.46956 -1.24367
1.45972 -1.25615
1.45972 -1.25615
1.4557 -1.26088
1.4557 -1.26088
1.44668 -1.27072
1.44668 -1.27072
1.43495 -1.28243
1.43495 -1.28243
1.42477 -1.2919
1.42477 -1.2919
1.41761 -1.29786
1.41761 -1.29786
1.40981 -1.30387
1.40981 -1.30387
1.39928 -1.31132
1.39928 -1.31132
1.38843 -1.3184
1.38843 -1.3184
1.37882 -1.32409
1.37882 -1.32409
1.36555 -1.3315
1.36555 -1.3315
1.35071 -1.33894
1.35071 -1.33894
1.34705 -1.3406
1.34705 -1.3406
1.33575 -1.34519
1.33575 -1.34519
1.32363 -1.3496
1.32363 -1.3496
1.31279 -1.35306
1.31279 -1.35306
1.29699 -1.35739
1.29699 -1.35739
1.28476 -1.36018
1.28476 -1.36018
1.27481 -1.36203
1.27481 -1.36203
1.26013 -1.36414
1.26013 -1.36414
1.24815 -1.36544
1.24815 -1.36544
1.23005 -1.3667
1.23005 -1.3667
1.22206 -1.36709
1.22206 -1.36709
1.21653 -1.36728
1.21653 -1.36728
1.20453 -1.36777
1.20453 -1.36777
1.18704 -1.36846
1.18704 -1.36846
1.17745 -1.36881
1.17745 -1.36881
1.1665 -1.36922
1.1665 -1.36922
1.15014 -1.36975
1.15014 -1.36975
1.13893 -1.37021
1.13893 -1.37021
1.13381 -1.3704
1.13381 -1.3704
1.11632 -1.37111
1.11632 -1.37111
1.09813 -1.37193
1.09813 -1.37193
1.08281 -1.37259
1.08281 -1.37259
1.05933 -1.37358
1.05933 -1.37358
1.03506 -1.37475
1.03506 -1.37475
1.00526 -1.37622
1.00526 -1.37622
0.987848 -1.37712
0.987848 -1.37712
0.94253 -1.37924
0.94253 -1.37924
0.909523 -1.38087
0.909523 -1.38087
0.883723 -1.38221
0.883723 -1.38221
0.854199 -1.38375
0.854199 -1.38375
0.821827 -1.38535
0.821827 -1.38535
0.783799 -1.38745
0.783799 -1.38745
0.753152 -1.38901
0.753152 -1.38901
0.721935 -1.39074
0.721935 -1.39074
0.685526 -1.3927
0.685526 -1.3927
0.660481 -1.39416
0.660481 -1.39416
0.629538 -1.39579
0.629538 -1.39579
0.591524 -1.39795
0.591524 -1.39795
0.562835 -1.39946
0.562835 -1.39946
0.532764 -1.40125
0.532764 -1.40125
0.495375 -1.40335
0.495375 -1.40335
0.46611 -1.40511
0.46611 -1.40511
0.433858 -1.40707
0.433858 -1.40707
0.401406 -1.40896
0.401406 -1.40896
0.374495 -1.41053
0.374495 -1.41053
0.33787 -1.41266
0.33787 -1.41266
0.307202 -1.41459
0.307202 -1.41459
0.278627 -1.41637
0.278627 -1.41637
0.241152 -1.41869
0.241152 -1.41869
0.21685 -1.42025
0.21685 -1.42025
0.181131 -1.42247
0.181131 -1.42247
0.147262 -1.42473
0.147262 -1.42473
0.116745 -1.4266
0.116745 -1.4266
0.0864519 -1.42864
0.0864519 -1.42864
0.0545652 -1.43072
0.0545652 -1.43072
0.0219264 -1.43288
0.0219264 -1.43288
-0.0158301 -1.43542
-0.0158301 -1.43542
-0.0440729 -1.4373
-0.0440729 -1.4373
-0.0741491 -1.43936
-0.0741491 -1.43936
-0.106793 -1.44166
-0.106793 -1.44166
-0.141316 -1.44394
-0.141316 -1.44394
-0.174505 -1.44625
-0.174505 -1.44625
-0.204446 -1.44838
-0.204446 -1.44838
-0.234035 -1.45046
-0.234035 -1.45046
-0.268081 -1.45292
-0.268081 -1.45292
-0.299507 -1.45516
-0.299507 -1.45516
-0.332664 -1.45751
-0.332664 -1.45751
-0.361184 -1.45961
-0.361184 -1.45961
-0.395652 -1.46214
-0.395652 -1.46214
-0.428182 -1.46463
-0.428182 -1.46463
-0.46198 -1.46708
-0.46198 -1.46708
-0.495462 -1.46969
-0.495462 -1.46969
-0.529156 -1.47228
-0.529156 -1.47228
-0.559297 -1.4746
-0.559297 -1.4746
-0.587101 -1.4768
-0.587101 -1.4768
-0.61758 -1.47904
-0.61758 -1.47904
-0.653915 -1.48172
-0.653915 -1.48172
-0.678983 -1.4838
-0.678983 -1.4838
-0.713542 -1.48651
-0.713542 -1.48651
-0.745359 -1.48899
-0.745359 -1.48899
-0.779356 -1.49175
-0.779356 -1.49175
-0.799074 -1.49334
-0.799074 -1.49334
-0.841063 -1.4967
-0.841063 -1.4967
-0.869483 -1.49906
-0.869483 -1.49906
-0.902972 -1.5018
-0.902972 -1.5018
-0.940103 -1.50489
-0.940103 -1.50489
-0.964502 -1.50691
-0.964502 -1.50691
-0.993276 -1.50938
-0.993276 -1.50938
-1.03245 -1.51272
-1.03245 -1.51272
-1.0688 -1.51569
-1.0688 -1.51569
-1.09423 -1.51794
-1.09423 -1.51794
-1.13391 -1.52124
-1.13391 -1.52124
-1.16008 -1.52355
-1.16008 -1.52355
-1.19065 -1.52609
-1.19065 -1.52609
-1.22584 -1.52933
-1.22584 -1.52933
-1.26071 -1.53236
-1.26071 -1.53236
-1.29349 -1.53526
-1.29349 -1.53526
-1.32162 -1.53767
-1.32162 -1.53767
-1.35088 -1.54036
-1.35088 -1.54036
-1.38579 -1.54351
-1.38579 -1.54351
-1.4137 -1.54598
-1.4137 -1.54598
-1.44526 -1.54819
-1.44526 -1.54819
-1.45274 -1.54825
-1.45274 -1.54825
-1.45519 -1.54805
-1.45519 -1.54805
-1.45412 -1.54817
-1.45412 -1.54817
-1.45362 -1.54823
-1.45362 -1.54823
-1.46384 -1.54703
-1.46384 -1.54703
-1.46071 -1.5474
-1.46071 -1.5474
-1.46276 -1.54716
-1.46276 -1.54716
-1.45795 -1.54777
-1.45795 -1.54777
-1.45994 -1.54748
-1.45994 -1.54748
-1.45888 -1.54767
-1.45888 -1.54767
-1.46018 -1.54739
-1.46018 -1.54739
-1.45864 -1.54779
-1.45864 -1.54779
-1.46217 -1.54672
-1.46217 -1.54672
-1.4608 -1.54719
-1.4608 -1.54719
-1.46353 -1.54614
-1.46353 -1.54614
-1.46239 -1.54664
-1.46239 -1.54664
-1.4594 -1.54809
-1.4594 -1.54809
-1.45918 -1.54821
-1.45918 -1.54821
-1.46286 -1.54611
-1.46286 -1.54611
-1.4642 -1.54529
-1.4642 -1.54529
-1.46379 -1.54556
-1.46379 -1.54556
-1.46163 -1.54711
-1.46163 -1.54711
-1.46558 -1.54404
-1.46558 -1.54404
-1.46667 -1.54311
-1.46667 -1.54311
-1.46307 -1.54642
-1.46307 -1.54642
-1.46208 -1.54739
-1.46208 -1.54739
-1.46964 -1.53925
-1.46964 -1.53925
-1.4658 -1.54367
-1.4658 -1.54367
-1.46357 -1.54643
-1.46357 -1.54643
-1.46681 -1.54205
-1.46681 -1.54205
-1.46615 -1.54304
-1.46615 -1.54304
-1.47064 -1.53569
-1.47064 -1.53569
-1.46507 -1.54571
-1.46507 -1.54571
-1.4677 -1.5406
-1.4677 -1.5406
-1.46676 -1.54264
-1.46676 -1.54264
-1.46612 -1.54421
-1.46612 -1.54421
-1.46758 -1.5403
-1.46758 -1.5403
-1.46727 -1.54121
-1.46727 -1.54121
-1.46695 -1.54218
-1.46695 -1.54218
-1.46711 -1.54172
-1.46711 -1.54172
-1.46774 -1.53997
-1.46774 -1.53997
-1.46858 -1.5378
-1.46858 -1.5378
-1.46598 -1.54424
-1.46598 -1.54424
-1.46831 -1.53862
-1.46831 -1.53862
-1.46936 -1.53628
-1.46936 -1.53628
-1.46992 -1.53508
-1.46992 -1.53508
-1.46972 -1.53549
-1.46972 -1.53549
-1.47185 -1.53142
-1.47185 -1.53142
-1.47689 -1.52217
-1.47689 -1.52217
-1.4759 -1.52388
-1.4759 -1.52388
-1.4812 -1.51499
-1.4812 -1.51499
-1.48476 -1.50933
-1.48476 -1.50933
-1.48592 -1.50755
-1.48592 -1.50755
-1.49223 -1.4983
-1.49223 -1.4983
-1.49093 -1.5001
-1.49093 -1.5001
-1.50112 -1.48623
-1.50112 -1.48623
-1.50104 -1.48633
-1.50104 -1.48633
-1.50358 -1.48263
-1.50358 -1.48263
-1.50807 -1.47583
-1.50807 -1.47583
-1.51071 -1.47165
-1.51071 -1.47165
-1.5165 -1.46201
-1.5165 -1.46201
-1.51892 -1.45781
-1.51892 -1.45781
-1.51821 -1.45909
-1.51821 -1.45909
-1.5205 -1.45474
-1.5205 -1.45474
-1.52488 -1.44596
-1.52488 -1.44596
-1.53086 -1.43337
-1.53086 -1.43337
-1.53238 -1.43001
-1.53238 -1.43001
-1.53491 -1.42413
-1.53491 -1.42413
-1.53732 -1.4182
-1.53732 -1.4182
-1.53818 -1.41605
-1.53818 -1.41605
-1.54137 -1.40749
-1.54137 -1.40749
-1.54367 -1.40107
-1.54367 -1.40107
-1.54401 -1.40005
-1.54401 -1.40005
-1.54652 -1.39194
-1.54652 -1.39194
-1.54732 -1.38916
-1.54732 -1.38916
-1.54825 -1.38569
-1.54825 -1.38569
-1.54897 -1.38261
-1.54897 -1.38261
-1.55064 -1.37498
-1.55064 -1.37498
-1.55313 -1.36164
-1.55313 -1.36164
-1.55378 -1.3578
-1.55378 -1.3578
-1.55495 -1.34988
-1.55495 -1.34988
-1.555 -1.34954
-1.555 -1.34954
-1.5559 -1.34202
-1.5559 -1.34202
-1.55627 -1.33856
-1.55627 -1.33856
-1.55705 -1.32822
-1.55705 -1.32822
-1.55733 -1.32188
-1.55733 -1.32188
-1.55735 -1.31947
-1.55735 -1.31947
-1.55724 -1.31645
-1.55724 -1.31645
-1.55688 -1.31058
-1.55688 -1.31058
-1.55618 -1.30433
-1.55618 -1.30433
-1.55461 -1.29277
-1.55461 -1.29277
-1.5541 -1.28938
-1.5541 -1.28938
-1.55418 -1.28983
-1.55418 -1.28983
-1.55238 -1.28024
-1.55238 -1.28024
-1.55118 -1.2743
-1.55118 -1.2743
-1.55014 -1.26925
-1.55014 -1.26925
-1.54782 -1.258
-1.54782 -1.258
-1.54732 -1.25559
-1.54732 -1.25559
-1.54674 -1.25281
-1.54674 -1.25281
-1.5447 -1.24364
-1.5447 -1.24364
-1.54568 -1.24801
-1.54568 -1.24801
-1.542 -1.23207
-1.542 -1.23207
-1.54073 -1.22663
-1.54073 -1.22663
-1.54111 -1.22831
-1.54111 -1.22831
-1.53825 -1.21599
-1.53825 -1.21599
-1.53622 -1.20726
-1.53622 -1.20726
-1.5353 -1.20327
-1.5353 -1.20327
-1.53344 -1.19546
-1.53344 -1.19546
-1.53242 -1.19111
-1.53242 -1.19111
-1.53032 -1.18216
-1.53032 -1.18216
-1.53004 -1.18095
-1.53004 -1.18095
-1.52941 -1.1783
-1.52941 -1.1783
-1.52861 -1.17481
-1.52861 -1.17481
-1.52622 -1.16443
-1.52622 -1.16443
-1.52452 -1.15704
-1.52452 -1.15704
-1.52352 -1.15271
-1.52352 -1.15271
-1.5209 -1.14184
-1.5209 -1.14184
-1.5218 -1.14543
-1.5218 -1.14543
-1.51938 -1.13606
-1.51938 -1.13606
-1.51746 -1.1285
-1.51746 -1.1285
-1.51664 -1.12535
-1.51664 -1.12535
-1.51557 -1.12118
-1.51557 -1.12118
-1.5133 -1.11256
-1.5133 -1.11256
-1.51299 -1.11137
-1.51299 -1.11137
-1.50885 -1.09549
-1.50885 -1.09549
-1.50631 -1.08581
-1.50631 -1.08581
-1.50302 -1.07316
-1.50302 -1.07316
-1.50027 -1.06241
-1.50027 -1.06241
-1.49976 -1.06046
-1.49976 -1.06046
-1.49506 -1.04277
-1.49506 -1.04277
-1.49362 -1.03742
-1.49362 -1.03742
-1.49057 -1.0264
-1.49057 -1.0264
-1.48813 -1.01805
-1.48813 -1.01805
-1.48327 -1.00271
-1.48327 -1.00271
-1.48103 -0.995961
-1.48103 -0.995961
-1.47651 -0.983418
-1.47651 -0.983418
-1.47559 -0.980997
-1.47559 -0.980997
-1.47089 -0.969376
-1.47089 -0.969376
-1.4657 -0.957139
-1.4657 -0.957139
-1.46296 -0.950969
-1.46296 -0.950969
-1.4573 -0.938878
-1.4573 -0.938878
-1.45537 -0.93511
-1.45537 -0.93511
-1.45197 -0.92874
-1.45197 -0.92874
-1.44597 -0.917739
-1.44597 -0.917739
-1.44201 -0.910395
-1.44201 -0.910395
-1.43801 -0.903108
-1.43801 -0.903108
-1.43266 -0.893169
-1.43266 -0.893169
-1.4255 -0.879912
-1.4255 -0.879912
-1.42352 -0.876274
-1.42352 -0.876274
-1.41976 -0.869225
-1.41976 -0.869225
-1.41325 -0.857141
-1.41325 -0.857141
-1.40979 -0.850771
-1.40979 -0.850771
-1.40528 -0.842467
-1.40528 -0.842467
-1.39918 -0.831582
-1.39918 -0.831582
-1.3932 -0.820874
-1.3932 -0.820874
-1.39032 -0.81573
-1.39032 -0.81573
-1.38384 -0.803962
-1.38384 -0.803962
-1.37701 -0.791651
-1.37701 -0.791651
-1.37127 -0.781159
-1.37127 -0.781159
-1.36231 -0.764965
-1.36231 -0.764965
-1.35293 -0.748726
-1.35293 -0.748726
-1.3489 -0.742057
-1.3489 -0.742057
-1.34205 -0.731385
-1.34205 -0.731385
-1.33525 -0.721298
-1.33525 -0.721298
-1.32486 -0.706479
-1.32486 -0.706479
-1.32206 -0.702536
-1.32206 -0.702536
-1.31214 -0.688465
-1.31214 -0.688465
-1.30381 -0.676825
-1.30381 -0.676825
-1.29046 -0.658063
-1.29046 -0.658063
-1.28737 -0.653787
-1.28737 -0.653787
-1.27833 -0.641589
-1.27833 -0.641589
-1.2748 -0.636939
-1.2748 -0.636939
-1.26084 -0.619243
-1.26084 -0.619243
-1.25327 -0.609988
-1.25327 -0.609988
-1.24705 -0.60281
-1.24705 -0.60281
-1.2364 -0.590889
-1.2364 -0.590889
-1.22518 -0.578864
-1.22518 -0.578864
-1.2164 -0.569635
-1.2164 -0.569635
-1.20679 -0.559914
-1.20679 -0.559914
-1.19666 -0.549652
-1.19666 -0.549652
-1.18907 -0.541976
-1.18907 -0.541976
-1.17744 -0.530276
-1.17744 -0.530276
-1.17297 -0.525767
-1.17297 -0.525767
-1.16047 -0.513283
-1.16047 -0.513283
-1.14486 -0.498273
-1.14486 -0.498273
-1.14219 -0.495821
-1.14219 -0.495821
-1.1321 -0.486948
-1.1321 -0.486948
-1.11948 -0.476329
-1.11948 -0.476329
-1.10306 -0.462813
-1.10306 -0.462813
-1.09881 -0.459515
-1.09881 -0.459515
-1.08552 -0.44946
-1.08552 -0.44946
-1.07167 -0.439479
-1.07167 -0.439479
-1.06351 -0.433857
-1.06351 -0.433857
-1.05742 -0.429771
-1.05742 -0.429771
-1.03974 -0.418129
-1.03974 -0.418129
-1.02634 -0.409434
-1.02634 -0.409434
-1.0198 -0.405161
-1.0198 -0.405161
-1.00745 -0.39709
-1.00745 -0.39709
-0.995172 -0.389031
-0.995172 -0.389031
-0.979 -0.37843
-0.979 -0.37843
-0.970253 -0.372636
-0.970253 -0.372636
-0.955913 -0.363228
-0.955913 -0.363228
-0.93891 -0.352158
-0.93891 -0.352158
-0.919329 -0.33927
-0.919329 -0.33927
-0.896707 -0.324414
-0.896707 -0.324414
-0.879839 -0.313163
-0.879839 -0.313163
-0.861328 -0.301062
-0.861328 -0.301062
-0.8361 -0.284646
-0.8361 -0.284646
-0.821268 -0.275214
-0.821268 -0.275214
-0.794684 -0.258932
-0.794684 -0.258932
-0.778187 -0.249326
-0.778187 -0.249326
-0.749381 -0.233337
-0.749381 -0.233337
-0.723476 -0.219386
-0.723476 -0.219386
-0.698747 -0.206061
-0.698747 -0.206061
-0.682247 -0.197231
-0.682247 -0.197231
-0.658801 -0.184622
-0.658801 -0.184622
-0.635603 -0.172156
-0.635603 -0.172156
-0.614206 -0.160645
-0.614206 -0.160645
-0.591492 -0.148315
-0.591492 -0.148315
-0.564034 -0.133533
-0.564034 -0.133533
-0.545772 -0.123707
-0.545772 -0.123707
-0.521204 -0.110438
-0.521204 -0.110438
-0.496619 -0.0972446
-0.496619 -0.0972446
-0.474482 -0.0856658
-0.474482 -0.0856658
-0.454023 -0.0753707
-0.454023 -0.0753707
-0.430181 -0.0640138
-0.430181 -0.0640138
-0.404621 -0.0523291
-0.404621 -0.0523291
-0.382193 -0.0426411
-0.382193 -0.0426411
-0.35545 -0.0318134
-0.35545 -0.0318134
-0.330528 -0.0222926
-0.330528 -0.0222926
-0.313225 -0.0160013
-0.313225 -0.0160013
-0.277757 -0.00403513
-0.277757 -0.00403513
-0.255981 0.00275653
-0.255981 0.00275653
-0.232917 0.00955788
-0.232917 0.00955788
-0.211028 0.0155381
-0.211028 0.0155381
-0.182623 0.0227009
-0.182623 0.0227009
-0.158339 0.0284993
-0.158339 0.0284993
-0.136358 0.0333195
-0.136358 0.0333195
-0.132165 0.0342151
-0.132165 0.0342151
-0.130868 0.0345034
-0.130868 0.0345034
-0.132379 0.0341652
-0.132379 0.0341652
-0.13267 0.034101
-0.13267 0.034101
-0.129382 0.0348305
-0.129382 0.0348305
-0.130231 0.0346416
-0.130231 0.0346416
-0.131689 0.0343199
-0.131689 0.0343199
-0.130795 0.0345185
-0.130795 0.0345185
-0.133395 0.0339412
-0.133395 0.0339412
-0.129018 0.0349113
-0.129018 0.0349113
-0.132723 0.0340891
-0.132723 0.0340891
-0.129445 0.0348138
-0.129445 0.0348138
-0.127065 0.0353411
-0.127065 0.0353411
-0.129947 0.0347035
-0.129947 0.0347035
-0.131904 0.034271
-0.131904 0.034271
-0.129462 0.0348159
-0.129462 0.0348159
-0.131346 0.0344003
-0.131346 0.0344003
-0.128669 0.0349911
-0.128669 0.0349911
-0.129417 0.0348247
-0.129417 0.0348247
-0.127867 0.035166
-0.127867 0.035166
-0.131583 0.0343467
-0.131583 0.0343467
-0.126707 0.0354229
-0.126707 0.0354229
-0.1305 0.0345812
-0.1305 0.0345812
-0.12389 0.0360389
-0.12389 0.0360389
-0.129944 0.0347017
-0.129944 0.0347017
-0.127179 0.0353095
-0.127179 0.0353095
-0.130595 0.0345551
-0.130595 0.0345551
-0.126033 0.0355595
-0.126033 0.0355595
-0.127455 0.0352466
-0.127455 0.0352466
-0.130837 0.034497
-0.130837 0.034497
-0.131552 0.034341
-0.131552 0.034341
-0.128466 0.0350212
-0.128466 0.0350212
-0.13066 0.0345403
-0.13066 0.0345403
-0.129792 0.0347307
-0.129792 0.0347307
-0.129878 0.0347117
-0.129878 0.0347117
-0.126814 0.035381
-0.126814 0.035381
-0.122697 0.0362831
-0.122697 0.0362831
-0.128661 0.0349731
-0.128661 0.0349731
-0.126473 0.0354523
-0.126473 0.0354523
-0.126467 0.0354536
-0.126467 0.0354536
-0.128347 0.0350407
-0.128347 0.0350407
-0.123212 0.0361617
-0.123212 0.0361617
-0.12401 0.0359865
-0.12401 0.0359865
-0.124177 0.0359501
-0.124177 0.0359501
-0.124026 0.0359831
-0.124026 0.0359831
-0.128262 0.0350568
-0.128262 0.0350568
-0.128466 0.0350126
-0.128466 0.0350126
-0.126476 0.0354493
-0.126476 0.0354493
-0.126542 0.0354351
-0.126542 0.0354351
-0.124659 0.0358442
-0.124659 0.0358442
-0.121127 0.0366059
-0.121127 0.0366059
