0
0
0
0
0.00343803
0.00344361
0.00344915
0.00345278
0.00596282
0.00595557
0.00893264
0.00892906
0.00474739
0.00474214
0.00375773
0.00375426
0.00425261
0.00424752
0.00835963
0.00835628
0.00675114
0.00674621
0.00884238
0.00883913
0.00301622
0.00301309
0.00308986
0.00308678
0.00681241
0.00680779
0.0075726
0.00756656
0.00197323
0.00196729
0.00193917
0.00193333
0.00091217
0.000906485
0.00190986
0.0019056
0.00266073
0.00265516
0.00150569
0.00151117
0.00438063
0.00437522
0.000541552
0.000536356
0.000556713
0.000559287
0.000581219
0.000584991
0.000573211
0.000575693
0.000713514
0.00071718
0.000369445
0.00037175
0.00145523
0.00145285
0.000178974
0.000177206
0.0023904
0.00239382
0.00346239
0.00346014
0.000555311
0.000552098
0.000323623
0.00032557
0.00337091
0.00337398
0.00420893
0.00421289
0.00381222
0.0038151
0.00268716
0.0026909
0.0045811
0.00458382
0.00811662
0.00812014
0.000747011
0.00075037
0.00385171
0.00378602
0.00228588
0.00085846
0.00303405
0.00107237
9.9862e-05
0.00204741
0.00108175
0.00401582
0.00357925
0.00160545
0.00154806
0.000437889
0.00080419
0.00279755
0.00510268
0.00710706
0.00341427
0.00542923
0.00175771
0.00526698
0.00430307
0.00701273
0.00351827
0.00757894
0.00518581
0.00791153
0.00541334
0.0117574
0.00856709
0.0134683
0.0131135
0.0163705
0.0161595
0.0194148
0.0164215
0.0196872
0.00787472
0.0128409
0.0117201
0.0167126
0.0196056
0.0246287
0.0130933
0.019805
0.0119802
0.0187172
0.0160585
0.0194494
0.0178558
0.0212282
0.0162642
0.0210383
0.0202686
0.0235719
0.00980738
0.0147469
0.0156226
0.0222179
0.0170868
0.0220694
0.0144952
0.0195042
0.0122855
0.0189848
0.0136057
0.0204797
0.0160893
0.0213022
0.0129914
0.0181711
0.0198573
0.0247842
0.0195398
0.0229345
0.0166415
0.0217216
0.0183948
0.0234807
0.0207273
0.0275124
0.0225656
0.0276666
0.0221925
0.0272613
0.0187016
0.0252663
0.026667
0.0316256
0.02197
0.0268144
0.0315456
0.0348453
0.028028
0.0312457
0.0304565
0.0352638
0.0228579
0.0259532
0.0241945
0.0272789
0.0270019
0.0312931
0.0247632
0.0278424
0.0227483
0.0256428
0.027797
0.0309078
0.0218246
0.026326
0.0208719
0.0253536
0.0251006
0.0282055
0.0266967
0.0298459
0.0248641
0.0295488
0.0312838
0.0344434
0.0202795
0.0256978
0.0221478
0.0281815
0.0281762
0.0342138
0.0261831
0.0307964
0.0251998
0.0313332
0.0275276
0.0306457
0.0261922
0.0308544
0.0268861
0.0300241
0.0271002
0.0302549
0.0294263
0.0325664
0.0327143
0.0372085
0.0288345
0.0348853
0.0316018
0.0363225
0.0292622
0.0353844
0.0302255
0.0364624
0.0228131
0.0288276
0.0292407
0.0355078
0.029941
0.0362564
0.0311638
0.0359416
0.0315234
0.0379142
0.0261678
0.0323618
0.0312747
0.0370599
0.0281397
0.0327889
0.0276937
0.0306176
0.032957
0.0376607
0.031286
0.0359744
0.0303278
0.0334628
0.0255659
0.030168
0.0263901
0.03104
0.0332692
0.03648
0.0357069
0.0405355
0.0330044
0.0388328
0.038795
0.0451445
0.0314451
0.0360613
0.0328712
0.0391093
0.0352876
0.0415822
0.0345237
0.0408826
0.0359461
0.0391385
0.0356573
0.0388634
0.0323817
0.0371496
0.0372479
0.0420853
0.0414618
0.0444807
0.0357929
0.0418255
0.0375744
0.0439004
0.0398726
0.0444643
0.0379211
0.0442286
0.0394111
0.0425986
0.0374862
0.0406752
0.0388867
0.043696
0.0388592
0.0420898
0.0336385
0.0384151
0.0352745
0.0384754
0.0409479
0.0453316
0.0398505
0.0429949
0.040194
0.0447073
0.0409088
0.0472356
0.0443737
0.0491651
0.0466438
0.0514709
0.0421916
0.0486101
0.0499985
0.053275
0.04992
0.053208
0.0423517
0.0472149
0.0447972
0.0493897
0.0494651
0.0542894
0.0459315
0.0522249
0.0452843
0.0500207
0.0500172
0.0563779
0.0463788
0.052646
0.0498044
0.0560929
0.0497007
0.0560544
0.0599354
0.0663345
0.0570613
0.0615002
0.048487
0.0517076
0.0540672
0.0573014
0.0577721
0.0626181
0.0592244
0.0624757
0.0618662
0.0667106
0.0634113
0.0682304
0.068433
0.0716064
0.0646728
0.070346
0.0655858
0.0702059
0.0591311
0.0651681
0.0701981
0.0747615
0.069067
0.075086
0.0708678
0.0738709
0.0751078
0.0781312
0.0700477
0.0730867
0.0705522
0.0735692
0.0687545
0.0732937
0.069885
0.072933
0.0735999
0.0766715
0.075394
0.0782359
0.0708287
0.0752488
0.0722225
0.0752489
0.064848
0.0678077
0.0680143
0.0710227
0.0702036
0.0747459
0.0695715
0.0756102
0.0628646
0.068846
0.0667725
0.0729486
0.0658584
0.0689142
0.0631899
0.0688653
0.0637077
0.069859
0.0672004
0.0734842
0.0646928
0.0693525
0.0696676
0.0759497
0.067876
0.0741676
0.0706529
0.0770462
0.0706885
0.0738775
0.0697091
0.0728578
0.0716923
0.0764057
0.0729107
0.0772914
0.0786946
0.0818449
0.0716779
0.0763467
0.0772011
0.080366
0.0715071
0.0746587
0.0787014
0.0834878
0.0713855
0.0778792
0.0770187
0.0820566
0.074972
0.0818383
0.0756846
0.0822616
0.0787676
0.0838493
0.0793598
0.086289
0.0840641
0.0910794
0.0874108
0.0945162
0.092829
0.0937896
0.0857861
0.0857962
0.0933689
0.0933833
0.0853121
0.0853267
0.0929087
0.0929236
0.0923916
0.0923992
0.0896876
0.0896953
0.0906856
0.0906973
0.0836584
0.0837324
0.0901103
0.0902246
0.092504
0.0927011
0.0935204
0.0937509
0.0893752
0.0897567
0.0908681
0.0913898
0.0983495
0.0992284
0.0994667
0.0997636
0.0971577
0.0968991
0.0927661
0.0930037
0.0966536
0.0967982
0.0986294
0.0989019
0.0923607
0.0925452
0.0938272
0.0939461
0.0907701
0.0908773
0.0944813
0.0943707
0.0937155
0.0937366
0.0909886
0.0910157
0.093306
0.093402
0.0927315
0.0927907
0.0922286
0.0923409
0.0928925
0.0929457
0.0918853
0.0919571
0.093321
0.0934177
0.092682
0.092745
0.0925145
0.09257
0.0925109
0.092533
0.0911472
0.0911488
0.0922643
0.0922669
0.092179
0.0921808
0.0910363
0.0910378
0.0930905
0.0930923
0.0927282
0.0927299
0.093021
0.0930237
0.0926321
0.0926339
0.0922126
0.0922143
0.0921749
0.0921766
0.0933339
0.0933357
0.0921697
0.0921714
0.0935652
0.0938244
0.09226
0.0927767
0.0924567
0.0928824
0.0932789
0.0943273
0.0914803
0.0919516
0.0919414
0.0927095
0.092289
0.0931405
0.0923292
0.093172
0.0933123
0.0938111
0.0944855
0.095379
0.092248
0.0926493
0.0918774
0.0924343
0.0923021
0.0929324
0.0920396
0.0929125
0.091484
0.0923522
0.0915488
0.092672
0.0917016
0.0925573
0.0920969
0.0934699
0.091234
0.0918977
0.0919441
0.0928875
0.0928563
0.0940406
0.0929593
0.0946216
0.0913823
0.0924069
0.0918182
0.0923901
0.0929734
0.0937138
0.0925751
0.0932734
0.0920538
0.0927644
0.0916589
0.0929983
0.0919485
0.0930308
0.0922418
0.0930016
0.0917986
0.0924013
0.0921697
0.0928938
0.0920953
0.0927996
0.0922483
0.0929312
0.0920656
0.0931151
0.0920541
0.0935233
0.0915505
0.0923207
0.0921081
0.0931698
0.0924115
0.093594
0.0921138
0.0935956
0.0924428
0.0941151
0.0920705
0.093533
0.0915578
0.0924626
0.0921512
0.0931605
0.0919611
0.0932854
0.0918906
0.0927604
0.091552
0.0919178
0.0919343
0.0927939
0.0913742
0.0919787
0.0917572
0.0928686
0.0915963
0.0925521
0.0919602
0.0927429
0.0916266
0.0925188
0.091765
0.0925073
0.0916606
0.0922733
0.0918998
0.0923925
0.0915326
0.0918293
0.0918791
0.0923379
0.091541
0.091797
0.0915708
0.0918946
0.0917756
0.0921581
0.0917076
0.0916181
0.0917281
0.0922898
0.0916476
0.0918067
0.0919846
0.0916045
0.0915901
0.0915611
0.0914657
0.0912646
0.0918671
0.0909686
0.0915325
0.0905112
0.0909289
0.0903495
0.0918709
0.0908387
0.0917147
0.0905098
0.0901426
0.0889659
0.0902593
0.0888872
0.0904452
0.0888713
0.090086
0.0883675
0.089545
0.0868395
0.0888237
0.086882
0.0916806
0.0884705
0.0873741
0.0852595
0.0878754
0.0855873
0.0917404
0.0881228
0.091832
0.0890315
0.0896958
0.0854499
0.0878642
0.084954
0.0898819
0.0854812
0.0889824
0.0858322
0.0880957
0.083261
0.0919567
0.0851727
0.0954815
0.08836
0.0881718
0.0810715
0.0878995
0.0807553
0.0886167
0.0832075
0.0879631
0.0806358
0.09188
0.0842399
0.0921196
0.0843261
0.088035
0.0840474
0.0903538
0.0863087
0.0899995
0.0860313
0.0980221
0.0920511
0.0920521
0.0880835
0.0856631
0.0816902
0.0856423
0.0797063
0.0930082
0.0851301
0.0906366
0.0846965
0.0895836
0.0816793
0.0919266
0.0860196
0.0932931
0.0854442
0.0860373
0.0759485
0.0850124
0.07317
0.0849029
0.0717366
0.0801923
0.0697227
0.0818676
0.0742989
0.0868979
0.0745272
0.0864086
0.07235
0.0699857
0.0600287
0.0837155
0.0734623
0.090262
0.0745241
0.089374
0.0736385
0.0869507
0.071255
0.0875389
0.0718519
0.0935414
0.0726042
0.0922375
0.0713266
0.0916306
0.0707832
0.0908788
0.0803197
0.084038
0.0735104
0.0831477
0.0727063
0.0892123
0.0734929
0.0859944
0.0754696
0.084128
0.0686226
0.0948788
0.0739779
0.087012
0.0713304
0.092494
0.0717225
0.0931684
0.0723063
0.0882253
0.0725355
0.0928336
0.0719683
0.0917124
0.0708983
0.0884331
0.0727425
0.0938764
0.0729885
0.0863677
0.0657257
0.0850637
0.0745628
0.0869376
0.0764241
0.0907249
0.0751975
0.0841103
0.0736242
0.0892361
0.0735677
0.0899164
0.0742916
0.0958343
0.08014
0.0870162
0.0713726
0.0903648
0.0695689
0.0912145
0.070431
0.0938193
0.0781138
0.0950496
0.0741858
0.0931328
0.0724339
0.090974
0.0701634
0.0878608
0.0722139
0.0925459
0.0719046
0.08878
0.0731403
0.0854258
0.0749511
0.0879144
0.0774983
0.0938702
0.0782117
0.090549
0.0749053
0.0972659
0.0764407
0.0939908
0.0783397
0.0974565
0.0765989
0.0933848
0.0725651
0.0920539
0.0765033
0.0965522
0.0757162
0.084618
0.0741571
0.0872509
0.0769037
0.0873282
0.076861
0.0945453
0.0788891
0.0774151
0.0671151
0.0874915
0.077037
0.084067
0.0685229
0.0856172
0.0701018
0.0909343
0.0753383
0.0887601
0.06806
0.0856802
0.0650231
0.0929155
0.072252
0.0922429
0.0766128
0.0910497
0.0754321
0.098726
0.0780886
0.0881062
0.0776529
0.0868311
0.0763899
0.0900349
0.0796802
0.0931681
0.0826972
0.0992403
0.0835786
0.0955372
0.0799175
0.0879733
0.0775507
0.0961358
0.0804992
0.092237
0.0766388
0.0916057
0.0868492
0.0877499
0.0858589
0.0872293
0.0872191
0.0861408
0.0861336
0.0856192
0.0856166
0.0959102
0.0959089
0.0927525
0.0927519
0.0948173
0.0947903
0.0899141
0.0897192
0.091618
0.0914103
0.0902238
0.0902907
0.091687
0.0918067
0.0903685
0.0905359
0.0941391
0.0940847
0.0925375
0.0924355
0.0951687
0.095032
0.0937785
0.0937102
0.0904198
0.0903363
0.0898223
0.0895361
0.0927537
0.0924467
0.0935535
0.0934478
0.0927904
0.0926844
0.0901471
0.0900409
0.0941251
0.094016
0.09507
0.0949053
0.0906903
0.0905292
0.0893357
0.0891249
0.0975629
0.0973973
0.0927678
0.0926106
0.0899826
0.0897839
0.0934206
0.0932193
0.0923317
0.0921396
0.0975964
0.0974959
0.0903735
0.0902889
0.0933196
0.0932339
0.0918797
0.0918026
0.090857
0.0907886
0.0925618
0.0925205
0.092063
0.0920531
0.0916342
0.0916572
0.0918958
0.0919111
0.0927849
0.0928007
0.0939786
0.093995
0.0906428
0.0906652
0.0936827
0.0937161
0.0949668
0.0944405
0.0942687
0.0927832
0.0917945
0.0903463
0.0921702
0.0906626
0.0955689
0.0938133
0.0907878
0.0896032
0.0935007
0.0916088
0.0939828
0.0926731
0.0922573
0.090732
0.0964379
0.0954682
0.0923433
0.0904814
0.100711
0.0984709
0.0954887
0.0933934
0.0944023
0.0923692
0.095811
0.0944399
0.0950292
0.0936967
0.098397
0.0970267
0.0975228
0.0955533
0.0927914
0.0910269
0.0926284
0.0909115
0.0946484
0.0923478
0.0991895
0.0973357
0.0976944
0.0954566
0.0980514
0.0956546
0.0980444
0.0969314
0.0960173
0.0949822
0.0975621
0.0965125
0.0984554
0.0964168
0.0954948
0.0945862
0.0970022
0.095625
0.0952267
0.0944814
0.0943862
0.0936695
0.0933711
0.0927484
0.0939106
0.0932984
0.0963261
0.0952825
0.0952351
0.0946501
0.0958832
0.0953912
0.095042
0.0941453
0.0952925
0.094558
0.0949166
0.0940877
0.0956104
0.0951677
0.0956563
0.0952929
0.0950927
0.094898
0.0949168
0.0948371
0.0949863
0.095043
0.0949938
0.0951713
0.0949192
0.0949749
0.0949598
0.0952256
0.0955014
0.096132
0.095132
0.0956409
0.0951465
0.0956579
0.0952419
0.095631
0.0947578
0.0950583
0.095097
0.0955124
0.0953438
0.0958607
0.0948336
0.0950577
0.0964456
0.0968815
0.0947789
0.0950069
0.0948016
0.0950399
0.0959473
0.0963472
0.0949043
0.0951716
0.0945957
0.0948049
0.0948096
0.0950637
0.0945795
0.0947947
0.0947474
0.0949975
0.0944594
0.0946415
0.0949534
0.0952153
0.0952453
0.095734
0.0958037
0.0961855
0.0952032
0.0955
0.0948504
0.0952126
0.0948483
0.0951638
0.094248
0.0945779
0.0955298
0.0963232
0.0949098
0.0952131
0.0946738
0.0949415
0.0950449
0.0953725
0.0953274
0.0958894
0.0948816
0.095281
0.0961516
0.0973254
0.0949527
0.0955265
0.0949537
0.0955233
0.0945273
0.0949816
0.0944358
0.0950861
0.0952922
0.0965365
0.0941824
0.0948038
0.0945161
0.0953018
0.094321
0.0954303
0.0948072
0.0954917
0.0938849
0.0944376
0.0944698
0.0952011
0.0939284
0.0945882
0.0956184
0.0966061
0.0950021
0.0959726
0.0942323
0.0951617
0.0952193
0.0963232
0.0943103
0.0952799
0.0958774
0.0970765
0.0968744
0.0982664
0.0958861
0.0972093
0.0965697
0.0986212
0.0977931
0.0992068
0.0959495
0.0986282
0.0941437
0.0965222
0.0968403
0.0989255
0.0970032
0.0998418
0.0955755
0.0981743
0.0964624
0.0983234
0.0964762
0.0993333
0.0961401
0.0989884
0.0952789
0.0979879
0.0968762
0.098291
0.0959732
0.0997528
0.0957076
0.0985577
0.0964893
0.0984642
0.0948632
0.0977469
0.0931583
0.0958197
0.0956563
0.0989377
0.0963951
0.0997745
0.0961688
0.100927
0.0953647
0.0976308
0.0999516
0.102544
0.0983416
0.100836
0.0981741
0.100653
0.0937303
0.0958628
0.0966979
0.100318
0.097096
0.0996216
0.101683
0.104554
0.0969762
0.0996734
0.0983135
0.101171
0.101189
0.105843
0.0986961
0.104823
0.0971929
0.102931
0.100793
0.103881
0.100935
0.10404
0.0975995
0.102169
0.0996526
0.104372
0.0980484
0.102699
0.103187
0.10987
0.102425
0.108832
0.096914
0.101705
0.104164
0.107659
0.104672
0.11007
0.101195
0.108388
0.0961725
0.103229
0.102791
0.108396
0.100889
0.108159
0.100253
0.105857
0.103401
0.109033
0.110756
0.114659
0.101009
0.110658
0.10129
0.107052
0.106416
0.110343
0.105687
0.111439
0.103504
0.112371
0.101052
0.110487
0.106775
0.116861
0.107472
0.117637
0.105872
0.116964
0.103018
0.111559
0.0985607
0.111147
0.104591
0.115458
0.107762
0.115143
0.104404
0.111643
0.111529
0.119117
0.10722
0.11482
0.113454
0.121278
0.103809
0.1152
0.0971871
0.112137
0.102631
0.114019
0.112888
0.120572
0.112192
0.119835
0.104234
0.119479
0.105604
0.117078
0.105796
0.1173
0.104896
0.116317
0.109434
0.120982
0.10393
0.119188
0.102301
0.117672
0.103208
0.118694
0.109904
0.117855
0.109654
0.117674
0.108017
0.116049
0.109476
0.117589
0.107017
0.115191
0.106583
0.114784
0.11389
0.122079
0.103067
0.115455
0.110479
0.11879
0.11264
0.120955
0.111593
0.124143
0.104248
0.116911
0.105439
0.122478
0.107682
0.113151
0.109062
0.109118
0.107884
0.10796
0.109501
0.109558
0.109903
0.109941
0.106728
0.106785
0.107686
0.107742
0.109231
0.109325
0.108474
0.10855
0.111196
0.111253
0.106936
0.107013
0.110756
0.110795
0.10761
0.107648
0.10536
0.105437
0.10834
0.108379
0.110405
0.110444
0.108071
0.108129
0.110082
0.110141
0.107555
0.107594
0.108416
0.108455
0.106972
0.107031
0.110769
0.110847
0.106036
0.106095
0.109946
0.110006
0.103476
0.103535
0.109611
0.10969
0.106979
0.107058
0.110498
0.110577
0.106079
0.106158
0.107632
0.107712
0.111118
0.111159
0.111951
0.111992
0.108999
0.109039
0.111304
0.111345
0.110561
0.110621
0.110768
0.110829
0.10784
0.1079
0.103871
0.103932
0.109942
0.109983
0.107846
0.107927
0.107962
0.108023
0.109955
0.110036
0.104991
0.105052
0.105886
0.105967
0.106195
0.106277
0.106167
0.106228
0.110505
0.110546
0.110831
0.110893
0.108972
0.109014
0.109161
0.109202
0.107411
0.107473
0.104025
0.104066
