0 0
0 0
0 0
0 0
0 0
0 0
0 0
0 0
-0.00948116 0.0045529
-0.00948116 0.0045529
-0.0124193 0.00122263
-0.0124193 0.00122263
-0.00825902 0.00237144
-0.00825902 0.00237144
-0.00733152 0.00615156
-0.00733152 0.00615156
-0.00784115 0.00647601
-0.00784115 0.00647601
-0.0119446 0.00532867
-0.0119446 0.00532867
-0.0103243 0.00396039
-0.0103243 0.00396039
-0.012471 0.00764606
-0.012471 0.00764606
-0.0066242 0.00558442
-0.0066242 0.00558442
-0.00663468 5.96531e-05
-0.00663468 5.96531e-05
-0.0104744 0.00872817
-0.0104744 0.00872817
-0.0112422 0.00870524
-0.0112422 0.00870524
-0.00560104 0.00518324
-0.00560104 0.00518324
-0.00556281 0.00418473
-0.00556281 0.00418473
-0.00453943 0.00427159
-0.00453943 0.00427159
-0.00557908 0.00618564
-0.00557908 0.00618564
-0.00629719 0.00284908
-0.00629719 0.00284908
-0.00220365 0.00735355
-0.00220365 0.00735355
-0.00807311 0.00621155
-0.00807311 0.00621155
-0.00425837 0.00883335
-0.00425837 0.00883335
-0.00315065 0.00548203
-0.00315065 0.00548203
-0.00311526 0.00422132
-0.00311526 0.00422132
-0.00313989 0.00491015
-0.00313989 0.00491015
-0.00301486 0.00573607
-0.00301486 0.00573607
-0.00337081 0.00524582
-0.00337081 0.00524582
-0.00514203 0.00250333
-0.00514203 0.00250333
-0.00386993 0.00530589
-0.00386993 0.00530589
-0.00138325 0.00738427
-0.00138325 0.00738427
-0.00723271 0.00696807
-0.00723271 0.00696807
-0.00431847 0.0066378
-0.00431847 0.0066378
-0.00350042 0.00839534
-0.00350042 0.00839534
-0.000424699 0.00721951
-0.000424699 0.00721951
0.000349718 0.0115022
0.000349718 0.0115022
-2.81969e-05 0.00961856
-2.81969e-05 0.00961856
-0.00115826 0.00957527
-0.00115826 0.00957527
0.000713659 0.0108992
0.000713659 0.0108992
0.00424842 0.0107051
0.00424842 0.0107051
-0.0031304 0.0102042
-0.0031304 0.0102042
-3.15018e-05 0.0107484
-3.15018e-05 0.0107484
-0.00127169 0.00772323
-0.00127169 0.00772323
0.0033708 0.00699759
0.0033708 0.00699759
0.00610416 0.00758148
0.00610416 0.00758148
0.00992609 0.0122962
0.00992609 0.0122962
0.0214229 0.0129641
0.0214229 0.0129641
0.0252901 0.0131783
0.0252901 0.0131783
0.0289428 0.0084523
0.0289428 0.0084523
0.0305077 0.0135839
0.0305077 0.0135839
0.0381419 0.016368
0.0381419 0.016368
0.0448196 0.0169382
0.0448196 0.0169382
0.051198 0.0135566
0.051198 0.0135566
0.0587796 0.0117002
0.0587796 0.0117002
0.0664839 0.0174551
0.0664839 0.0174551
0.0732419 0.0142544
0.0732419 0.0142544
0.0815011 0.0124556
0.0815011 0.0124556
0.0882841 0.014415
0.0882841 0.014415
0.0951562 0.0115843
0.0951562 0.0115843
0.104734 0.0134211
0.104734 0.0134211
0.119728 0.0210149
0.119728 0.0210149
0.125867 0.0192343
0.125867 0.0192343
0.12969 0.0165746
0.12969 0.0165746
0.144531 0.0198871
0.144531 0.0198871
0.155649 0.0246498
0.155649 0.0246498
0.163486 0.0190288
0.163486 0.0190288
0.171716 0.0230309
0.171716 0.0230309
0.181657 0.0204224
0.181657 0.0204224
0.188901 0.0237019
0.188901 0.0237019
0.209136 0.0283106
0.209136 0.0283106
0.2118 0.0189532
0.2118 0.0189532
0.220102 0.0256964
0.220102 0.0256964
0.232849 0.0186052
0.232849 0.0186052
0.245093 0.0186021
0.245093 0.0186021
0.255476 0.0214781
0.255476 0.0214781
0.263273 0.0222936
0.263273 0.0222936
0.276898 0.0347819
0.276898 0.0347819
0.280062 0.0347593
0.280062 0.0347593
0.290104 0.0294354
0.290104 0.0294354
0.303749 0.0333265
0.303749 0.0333265
0.312235 0.0326787
0.312235 0.0326787
0.318031 0.0298064
0.318031 0.0298064
0.326767 0.0299478
0.326767 0.0299478
0.338277 0.031157
0.338277 0.031157
0.353646 0.0328457
0.353646 0.0328457
0.355453 0.0274826
0.355453 0.0274826
0.37308 0.0301446
0.37308 0.0301446
0.372166 0.0277109
0.372166 0.0277109
0.381705 0.015796
0.381705 0.015796
0.391416 0.0180494
0.391416 0.0180494
0.406604 0.00775791
0.406604 0.00775791
0.413848 0.00305451
0.413848 0.00305451
0.417328 -0.000856921
0.417328 -0.000856921
0.42845 -0.00881115
0.42845 -0.00881115
0.438458 -0.0155803
0.438458 -0.0155803
0.443765 -0.0148124
0.443765 -0.0148124
0.459136 -0.0175866
0.459136 -0.0175866
0.466921 -0.0295936
0.466921 -0.0295936
0.473121 -0.0293389
0.473121 -0.0293389
0.478458 -0.0368141
0.478458 -0.0368141
0.488151 -0.0442005
0.488151 -0.0442005
0.493704 -0.0443547
0.493704 -0.0443547
0.510225 -0.0529348
0.510225 -0.0529348
0.515864 -0.0573551
0.515864 -0.0573551
0.518772 -0.0589963
0.518772 -0.0589963
0.529167 -0.064559
0.529167 -0.064559
0.540741 -0.0664315
0.540741 -0.0664315
0.545498 -0.0762959
0.545498 -0.0762959
0.559808 -0.0743357
0.559808 -0.0743357
0.56581 -0.0824999
0.56581 -0.0824999
0.572687 -0.090277
0.572687 -0.090277
0.580865 -0.094729
0.580865 -0.094729
0.585008 -0.0972841
0.585008 -0.0972841
0.596602 -0.10088
0.596602 -0.10088
0.600522 -0.107648
0.600522 -0.107648
0.610344 -0.115103
0.610344 -0.115103
0.617814 -0.119705
0.617814 -0.119705
0.633077 -0.129258
0.633077 -0.129258
0.636869 -0.128516
0.636869 -0.128516
0.641091 -0.139592
0.641091 -0.139592
0.651518 -0.139015
0.651518 -0.139015
0.658506 -0.146272
0.658506 -0.146272
0.671804 -0.154929
0.671804 -0.154929
0.676535 -0.155311
0.676535 -0.155311
0.686296 -0.167099
0.686296 -0.167099
0.69816 -0.167519
0.69816 -0.167519
0.69995 -0.169241
0.69995 -0.169241
0.712882 -0.170401
0.712882 -0.170401
0.72417 -0.176075
0.72417 -0.176075
0.733963 -0.185995
0.733963 -0.185995
0.741832 -0.190572
0.741832 -0.190572
0.744488 -0.194572
0.744488 -0.194572
0.750944 -0.198426
0.750944 -0.198426
0.7634 -0.199509
0.7634 -0.199509
0.762275 -0.207417
0.762275 -0.207417
0.779965 -0.212403
0.779965 -0.212403
0.787108 -0.216256
0.787108 -0.216256
0.790376 -0.224937
0.790376 -0.224937
0.802427 -0.228934
0.802427 -0.228934
0.807412 -0.236982
0.807412 -0.236982
0.817931 -0.239538
0.817931 -0.239538
0.828953 -0.244236
0.828953 -0.244236
0.834286 -0.248175
0.834286 -0.248175
0.841572 -0.250382
0.841572 -0.250382
0.852266 -0.256116
0.852266 -0.256116
0.858109 -0.261448
0.858109 -0.261448
0.863065 -0.267449
0.863065 -0.267449
0.876165 -0.268715
0.876165 -0.268715
0.881246 -0.279379
0.881246 -0.279379
0.893313 -0.28263
0.893313 -0.28263
0.901498 -0.285606
0.901498 -0.285606
0.909673 -0.291515
0.909673 -0.291515
0.92119 -0.29934
0.92119 -0.29934
0.925975 -0.310575
0.925975 -0.310575
0.930552 -0.310371
0.930552 -0.310371
0.942606 -0.314355
0.942606 -0.314355
0.950752 -0.316207
0.950752 -0.316207
0.955656 -0.321979
0.955656 -0.321979
0.964023 -0.323584
0.964023 -0.323584
0.969733 -0.32871
0.969733 -0.32871
0.981525 -0.33423
0.981525 -0.33423
0.97816 -0.346119
0.97816 -0.346119
0.991522 -0.344016
0.991522 -0.344016
1.00405 -0.354605
1.00405 -0.354605
1.01333 -0.354048
1.01333 -0.354048
1.01589 -0.3612
1.01589 -0.3612
1.02999 -0.361474
1.02999 -0.361474
1.03728 -0.369174
1.03728 -0.369174
1.04173 -0.371421
1.04173 -0.371421
1.0501 -0.383447
1.0501 -0.383447
1.05617 -0.385251
1.05617 -0.385251
1.06587 -0.387879
1.06587 -0.387879
1.06689 -0.384429
1.06689 -0.384429
1.07774 -0.394566
1.07774 -0.394566
1.09467 -0.399698
1.09467 -0.399698
1.0978 -0.40284
1.0978 -0.40284
1.10328 -0.405243
1.10328 -0.405243
1.11203 -0.404706
1.11203 -0.404706
1.11725 -0.413047
1.11725 -0.413047
1.12574 -0.412577
1.12574 -0.412577
1.13187 -0.414278
1.13187 -0.414278
1.14188 -0.416176
1.14188 -0.416176
1.14972 -0.417244
1.14972 -0.417244
1.16606 -0.415461
1.16606 -0.415461
1.16545 -0.421506
1.16545 -0.421506
1.17473 -0.42682
1.17473 -0.42682
1.18375 -0.422741
1.18375 -0.422741
1.18848 -0.419282
1.18848 -0.419282
1.20423 -0.421577
1.20423 -0.421577
1.21352 -0.419668
1.21352 -0.419668
1.22541 -0.418391
1.22541 -0.418391
1.23406 -0.416967
1.23406 -0.416967
1.23998 -0.416466
1.23998 -0.416466
1.24738 -0.412065
1.24738 -0.412065
1.25992 -0.410641
1.25992 -0.410641
1.26942 -0.40726
1.26942 -0.40726
1.28781 -0.406888
1.28781 -0.406888
1.29392 -0.404543
1.29392 -0.404543
1.30204 -0.40715
1.30204 -0.40715
1.31031 -0.401489
1.31031 -0.401489
1.32815 -0.401656
1.32815 -0.401656
1.33298 -0.395257
1.33298 -0.395257
1.34802 -0.397051
1.34802 -0.397051
1.3574 -0.393833
1.3574 -0.393833
1.36661 -0.396977
1.36661 -0.396977
1.37252 -0.392294
1.37252 -0.392294
1.38537 -0.392594
1.38537 -0.392594
1.38979 -0.387906
1.38979 -0.387906
1.40168 -0.386538
1.40168 -0.386538
1.41064 -0.389955
1.41064 -0.389955
1.42078 -0.390581
1.42078 -0.390581
1.43196 -0.391663
1.43196 -0.391663
1.43801 -0.387838
1.43801 -0.387838
1.44673 -0.389933
1.44673 -0.389933
1.45172 -0.391595
1.45172 -0.391595
1.46726 -0.388616
1.46726 -0.388616
1.47282 -0.386003
1.47282 -0.386003
1.48913 -0.390515
1.48913 -0.390515
1.49116 -0.3837
1.49116 -0.3837
1.50746 -0.385579
1.50746 -0.385579
1.51171 -0.381729
1.51171 -0.381729
1.52431 -0.376609
1.52431 -0.376609
1.53417 -0.377058
1.53417 -0.377058
1.5414 -0.374437
1.5414 -0.374437
1.55035 -0.38037
1.55035 -0.38037
1.55685 -0.377486
1.55685 -0.377486
1.56489 -0.375827
1.56489 -0.375827
1.57278 -0.37381
1.57278 -0.37381
1.57973 -0.378128
1.57973 -0.378128
1.57297 -0.374469
1.57297 -0.374469
1.58214 -0.374088
1.58214 -0.374088
1.57433 -0.372699
1.57433 -0.372699
1.57505 -0.372463
1.57505 -0.372463
1.57735 -0.374072
1.57735 -0.374072
1.57898 -0.368148
1.57898 -0.368148
1.58613 -0.369792
1.58613 -0.369792
1.58025 -0.367445
1.58025 -0.367445
1.57645 -0.370298
1.57645 -0.370298
1.57774 -0.366664
1.57774 -0.366664
1.58394 -0.365639
1.58394 -0.365639
1.57746 -0.373535
1.57746 -0.373535
1.57424 -0.366336
1.57424 -0.366336
1.57443 -0.366162
1.57443 -0.366162
1.57726 -0.3674
1.57726 -0.3674
1.58089 -0.370545
1.58089 -0.370545
1.57932 -0.366451
1.57932 -0.366451
1.57938 -0.36402
1.57938 -0.36402
1.59389 -0.364831
1.59389 -0.364831
1.59467 -0.362586
1.59467 -0.362586
1.59637 -0.367557
1.59637 -0.367557
1.59891 -0.360473
1.59891 -0.360473
1.59912 -0.36164
1.59912 -0.36164
1.60411 -0.365095
1.60411 -0.365095
1.59865 -0.36264
1.59865 -0.36264
1.60539 -0.362268
1.60539 -0.362268
1.59637 -0.365913
1.59637 -0.365913
1.60385 -0.363257
1.60385 -0.363257
1.60433 -0.365989
1.60433 -0.365989
1.60576 -0.362336
1.60576 -0.362336
1.60762 -0.364468
1.60762 -0.364468
1.61163 -0.365227
1.61163 -0.365227
1.60974 -0.365636
1.60974 -0.365636
1.61013 -0.372856
1.61013 -0.372856
1.61302 -0.366716
1.61302 -0.366716
1.61222 -0.367129
1.61222 -0.367129
1.61624 -0.373903
1.61624 -0.373903
1.60798 -0.362933
1.60798 -0.362933
1.61265 -0.364621
1.61265 -0.364621
1.60937 -0.363298
1.60937 -0.363298
1.60829 -0.364969
1.60829 -0.364969
1.60902 -0.367002
1.60902 -0.367002
1.61026 -0.367257
1.61026 -0.367257
1.60821 -0.362037
1.60821 -0.362037
1.60801 -0.367331
1.60801 -0.367331
1.61141 -0.361481
1.61141 -0.361481
1.60993 -0.36935
1.60993 -0.36935
1.60787 -0.374254
1.60787 -0.374254
1.60857 -0.374601
1.60857 -0.374601
1.60442 -0.390053
1.60442 -0.390053
1.60855 -0.393368
1.60855 -0.393368
1.60847 -0.397452
1.60847 -0.397452
1.60767 -0.403318
1.60767 -0.403318
1.60687 -0.40569
1.60687 -0.40569
1.6042 -0.40708
1.6042 -0.40708
1.61055 -0.422775
1.61055 -0.422775
1.61399 -0.429861
1.61399 -0.429861
1.61117 -0.434436
1.61117 -0.434436
1.60322 -0.44056
1.60322 -0.44056
1.6048 -0.450802
1.6048 -0.450802
1.61254 -0.459227
1.61254 -0.459227
1.60508 -0.467768
1.60508 -0.467768
1.60784 -0.475359
1.60784 -0.475359
1.61184 -0.493359
1.61184 -0.493359
1.60833 -0.4979
1.60833 -0.4979
1.60637 -0.502964
1.60637 -0.502964
1.60505 -0.510842
1.60505 -0.510842
1.60066 -0.530009
1.60066 -0.530009
1.60052 -0.53852
1.60052 -0.53852
1.60379 -0.542396
1.60379 -0.542396
1.60266 -0.553962
1.60266 -0.553962
1.60175 -0.567816
1.60175 -0.567816
1.59992 -0.580553
1.59992 -0.580553
1.59839 -0.592269
1.59839 -0.592269
1.60361 -0.602859
1.60361 -0.602859
1.60312 -0.618465
1.60312 -0.618465
1.59985 -0.627472
1.59985 -0.627472
1.60105 -0.640121
1.60105 -0.640121
1.59357 -0.650772
1.59357 -0.650772
1.59659 -0.663344
1.59659 -0.663344
1.58976 -0.672948
1.58976 -0.672948
1.59 -0.691249
1.59 -0.691249
1.59188 -0.696837
1.59188 -0.696837
1.58794 -0.708614
1.58794 -0.708614
1.59279 -0.721086
1.59279 -0.721086
1.5816 -0.730061
1.5816 -0.730061
1.58504 -0.744953
1.58504 -0.744953
1.58663 -0.762036
1.58663 -0.762036
1.58345 -0.76959
1.58345 -0.76959
1.57947 -0.782632
1.57947 -0.782632
1.57595 -0.795201
1.57595 -0.795201
1.58218 -0.811784
1.58218 -0.811784
1.57302 -0.819065
1.57302 -0.819065
1.57657 -0.836841
1.57657 -0.836841
1.57609 -0.842978
1.57609 -0.842978
1.58001 -0.856798
1.58001 -0.856798
1.5799 -0.865084
1.5799 -0.865084
1.58111 -0.880182
1.58111 -0.880182
1.57912 -0.891894
1.57912 -0.891894
1.57904 -0.905921
1.57904 -0.905921
1.58281 -0.915513
1.58281 -0.915513
1.57568 -0.932573
1.57568 -0.932573
1.57232 -0.939366
1.57232 -0.939366
1.56617 -0.955634
1.56617 -0.955634
1.56914 -0.968747
1.56914 -0.968747
1.57393 -0.977373
1.57393 -0.977373
1.56644 -0.996507
1.56644 -0.996507
1.56627 -0.999815
1.56627 -0.999815
1.56871 -1.01781
1.56871 -1.01781
1.56993 -1.03462
1.56993 -1.03462
1.56717 -1.03899
1.56717 -1.03899
1.56467 -1.05095
1.56467 -1.05095
1.56031 -1.06544
1.56031 -1.06544
1.5584 -1.07537
1.5584 -1.07537
1.55475 -1.08532
1.55475 -1.08532
1.55592 -1.10307
1.55592 -1.10307
1.55941 -1.11789
1.55941 -1.11789
1.55514 -1.12383
1.55514 -1.12383
1.54991 -1.13579
1.54991 -1.13579
1.54363 -1.14742
1.54363 -1.14742
1.54214 -1.16036
1.54214 -1.16036
1.53388 -1.16848
1.53388 -1.16848
1.52552 -1.17624
1.52552 -1.17624
1.51615 -1.18909
1.51615 -1.18909
1.51507 -1.19631
1.51507 -1.19631
1.50351 -1.20382
1.50351 -1.20382
1.49511 -1.21887
1.49511 -1.21887
1.48688 -1.23043
1.48688 -1.23043
1.48027 -1.23704
1.48027 -1.23704
1.47467 -1.24591
1.47467 -1.24591
1.46291 -1.25164
1.46291 -1.25164
1.45428 -1.26211
1.45428 -1.26211
1.44589 -1.26987
1.44589 -1.26987
1.43451 -1.28065
1.43451 -1.28065
1.41866 -1.2861
1.41866 -1.2861
1.41243 -1.28211
1.41243 -1.28211
1.40305 -1.29143
1.40305 -1.29143
1.39146 -1.29732
1.39146 -1.29732
1.38284 -1.30771
1.38284 -1.30771
1.36685 -1.31136
1.36685 -1.31136
1.35408 -1.31179
1.35408 -1.31179
1.34529 -1.31989
1.34529 -1.31989
1.33053 -1.32146
1.33053 -1.32146
1.31829 -1.32045
1.31829 -1.32045
1.30031 -1.32346
1.30031 -1.32346
1.29234 -1.32429
1.29234 -1.32429
1.28694 -1.32796
1.28694 -1.32796
1.27512 -1.33302
1.27512 -1.33302
1.25719 -1.32243
1.25719 -1.32243
1.24791 -1.33122
1.24791 -1.33122
1.23696 -1.33199
1.23696 -1.33199
1.22066 -1.33429
1.22066 -1.33429
1.20912 -1.32682
1.20912 -1.32682
1.204 -1.32687
1.204 -1.32687
1.1867 -1.3322
1.1867 -1.3322
1.16848 -1.33236
1.16848 -1.33236
1.15348 -1.34054
1.15348 -1.34054
1.1296 -1.33196
1.1296 -1.33196
1.10539 -1.33433
1.10539 -1.33433
1.07539 -1.33184
1.07539 -1.33184
1.0581 -1.33502
1.0581 -1.33502
1.0127 -1.33545
1.0127 -1.33545
0.97985 -1.34025
0.97985 -1.34025
0.954023 -1.34107
0.954023 -1.34107
0.924409 -1.34088
0.924409 -1.34088
0.891854 -1.33877
0.891854 -1.33877
0.853822 -1.3408
0.853822 -1.3408
0.823429 -1.34739
0.823429 -1.34739
0.792166 -1.3483
0.792166 -1.3483
0.755717 -1.34949
0.755717 -1.34949
0.73037 -1.34578
0.73037 -1.34578
0.699913 -1.35662
0.699913 -1.35662
0.661887 -1.35858
0.661887 -1.35858
0.632971 -1.35578
0.632971 -1.35578
0.603377 -1.36559
0.603377 -1.36559
0.565774 -1.36387
0.565774 -1.36387
0.536602 -1.36717
0.536602 -1.36717
0.504272 -1.36786
0.504272 -1.36786
0.471719 -1.36801
0.471719 -1.36801
0.445117 -1.37489
0.445117 -1.37489
0.407897 -1.36678
0.407897 -1.36678
0.3778 -1.37779
0.3778 -1.37779
0.349058 -1.3769
0.349058 -1.3769
0.311801 -1.38275
0.311801 -1.38275
0.287204 -1.37971
0.287204 -1.37971
0.251773 -1.38658
0.251773 -1.38658
0.21736 -1.38069
0.21736 -1.38069
0.18729 -1.38987
0.18729 -1.38987
0.156855 -1.38981
0.156855 -1.38981
0.125049 -1.39312
0.125049 -1.39312
0.0923007 -1.39363
0.0923007 -1.39363
0.0544964 -1.39546
0.0544964 -1.39546
0.0259918 -1.39341
0.0259918 -1.39341
-0.00378525 -1.39983
-0.00378525 -1.39983
-0.0367023 -1.39825
-0.0367023 -1.39825
-0.0710862 -1.40263
-0.0710862 -1.40263
-0.104371 -1.40357
-0.104371 -1.40357
-0.134102 -1.40865
-0.134102 -1.40865
-0.163851 -1.40845
-0.163851 -1.40845
-0.19815 -1.40739
-0.19815 -1.40739
-0.229317 -1.41327
-0.229317 -1.41327
-0.262392 -1.41677
-0.262392 -1.41677
-0.29102 -1.4174
-0.29102 -1.4174
-0.325809 -1.41555
-0.325809 -1.41555
-0.357778 -1.42535
-0.357778 -1.42535
-0.391719 -1.42583
-0.391719 -1.42583
-0.425571 -1.4237
-0.425571 -1.4237
-0.458654 -1.43428
-0.458654 -1.43428
-0.489091 -1.43276
-0.489091 -1.43276
-0.517111 -1.43222
-0.517111 -1.43222
-0.547706 -1.43289
-0.547706 -1.43289
-0.58413 -1.43435
-0.58413 -1.43435
-0.608982 -1.43903
-0.608982 -1.43903
-0.643292 -1.44492
-0.643292 -1.44492
-0.675516 -1.44215
-0.675516 -1.44215
-0.70934 -1.44703
-0.70934 -1.44703
-0.729329 -1.44526
-0.729329 -1.44526
-0.770852 -1.45445
-0.770852 -1.45445
-0.799077 -1.45916
-0.799077 -1.45916
-0.832802 -1.45902
-0.832802 -1.45902
-0.87016 -1.45939
-0.87016 -1.45939
-0.894686 -1.45988
-0.894686 -1.45988
-0.922999 -1.46772
-0.922999 -1.46772
-0.962783 -1.4639
-0.962783 -1.4639
-0.998836 -1.47055
-0.998836 -1.47055
-1.02419 -1.47368
-1.02419 -1.47368
-1.06408 -1.4745
-1.06408 -1.4745
-1.09009 -1.47858
-1.09009 -1.47858
-1.12126 -1.47398
-1.12126 -1.47398
-1.15577 -1.48446
-1.15577 -1.48446
-1.19016 -1.493
-1.19016 -1.493
-1.2237 -1.48742
-1.2237 -1.48742
-1.25099 -1.49952
-1.25099 -1.49952
-1.28004 -1.50461
-1.28004 -1.50461
-1.31536 -1.5031
-1.31536 -1.5031
-1.3433 -1.50524
-1.3433 -1.50524
-1.37476 -1.50897
-1.37476 -1.50897
-1.3822 -1.5126
-1.3822 -1.5126
-1.38524 -1.51925
-1.38524 -1.51925
-1.38354 -1.51377
-1.38354 -1.51377
-1.3833 -1.51613
-1.3833 -1.51613
-1.39381 -1.51739
-1.39381 -1.51739
-1.39044 -1.51575
-1.39044 -1.51575
-1.3922 -1.51309
-1.3922 -1.51309
-1.38765 -1.51571
-1.38765 -1.51571
-1.38924 -1.51264
-1.38924 -1.51264
-1.39006 -1.52307
-1.39006 -1.52307
-1.39037 -1.51834
-1.39037 -1.51834
-1.38864 -1.51801
-1.38864 -1.51801
-1.39362 -1.5217
-1.39362 -1.5217
-1.39366 -1.52627
-1.39366 -1.52627
-1.39725 -1.52744
-1.39725 -1.52744
-1.39497 -1.52531
-1.39497 -1.52531
-1.39037 -1.52343
-1.39037 -1.52343
-1.39497 -1.53258
-1.39497 -1.53258
-1.39669 -1.52709
-1.39669 -1.52709
-1.39726 -1.52502
-1.39726 -1.52502
-1.39929 -1.52901
-1.39929 -1.52901
-1.39412 -1.52633
-1.39412 -1.52633
-1.40096 -1.527
-1.40096 -1.527
-1.40353 -1.52781
-1.40353 -1.52781
-1.39769 -1.52868
-1.39769 -1.52868
-1.40357 -1.53668
-1.40357 -1.53668
-1.4117 -1.52907
-1.4117 -1.52907
-1.4072 -1.53292
-1.4072 -1.53292
-1.40867 -1.53861
-1.40867 -1.53861
-1.4105 -1.53318
-1.4105 -1.53318
-1.41091 -1.53489
-1.41091 -1.53489
-1.42157 -1.53132
-1.42157 -1.53132
-1.41566 -1.54115
-1.41566 -1.54115
-1.41526 -1.53448
-1.41526 -1.53448
-1.41648 -1.53752
-1.41648 -1.53752
-1.41825 -1.54007
-1.41825 -1.54007
-1.41661 -1.53501
-1.41661 -1.53501
-1.42279 -1.53811
-1.42279 -1.53811
-1.41587 -1.53692
-1.41587 -1.53692
-1.41214 -1.53513
-1.41214 -1.53513
-1.41726 -1.53501
-1.41726 -1.53501
-1.42175 -1.53423
-1.42175 -1.53423
-1.41161 -1.53763
-1.41161 -1.53763
-1.42575 -1.53697
-1.42575 -1.53697
-1.41868 -1.53094
-1.41868 -1.53094
-1.41618 -1.52832
-1.41618 -1.52832
-1.41922 -1.53033
-1.41922 -1.53033
-1.41874 -1.5249
-1.41874 -1.5249
-1.42763 -1.51774
-1.42763 -1.51774
-1.4276 -1.52
-1.4276 -1.52
-1.42768 -1.508
-1.42768 -1.508
-1.43037 -1.5018
-1.43037 -1.5018
-1.43113 -1.49975
-1.43113 -1.49975
-1.43877 -1.49141
-1.43877 -1.49141
-1.43726 -1.49306
-1.43726 -1.49306
-1.4493 -1.48055
-1.4493 -1.48055
-1.44378 -1.47674
-1.44378 -1.47674
-1.45214 -1.47704
-1.45214 -1.47704
-1.4559 -1.46976
-1.4559 -1.46976
-1.45771 -1.46506
-1.45771 -1.46506
-1.46727 -1.45768
-1.46727 -1.45768
-1.46777 -1.45238
-1.46777 -1.45238
-1.46776 -1.45404
-1.46776 -1.45404
-1.46929 -1.4493
-1.46929 -1.4493
-1.47741 -1.44238
-1.47741 -1.44238
-1.48508 -1.4306
-1.48508 -1.4306
-1.48343 -1.4258
-1.48343 -1.4258
-1.48439 -1.41925
-1.48439 -1.41925
-1.48878 -1.41413
-1.48878 -1.41413
-1.49156 -1.41273
-1.49156 -1.41273
-1.49575 -1.40455
-1.49575 -1.40455
-1.49723 -1.39783
-1.49723 -1.39783
-1.50185 -1.39825
-1.50185 -1.39825
-1.50271 -1.38963
-1.50271 -1.38963
-1.50076 -1.38606
-1.50076 -1.38606
-1.50415 -1.38325
-1.50415 -1.38325
-1.50946 -1.38124
-1.50946 -1.38124
-1.50531 -1.37235
-1.50531 -1.37235
-1.51673 -1.36075
-1.51673 -1.36075
-1.51559 -1.35659
-1.51559 -1.35659
-1.5166 -1.34865
-1.5166 -1.34865
-1.52102 -1.34891
-1.52102 -1.34891
-1.52268 -1.34148
-1.52268 -1.34148
-1.52454 -1.33818
-1.52454 -1.33818
-1.52923 -1.32813
-1.52923 -1.32813
-1.52835 -1.32174
-1.52835 -1.32174
-1.52463 -1.3193
-1.52463 -1.3193
-1.52465 -1.31628
-1.52465 -1.31628
-1.53279 -1.30977
-1.53279 -1.30977
-1.52912 -1.30386
-1.52912 -1.30386
-1.53094 -1.29184
-1.53094 -1.29184
-1.52131 -1.28982
-1.52131 -1.28982
-1.52743 -1.28921
-1.52743 -1.28921
-1.52857 -1.27905
-1.52857 -1.27905
-1.52628 -1.27333
-1.52628 -1.27333
-1.52418 -1.26851
-1.52418 -1.26851
-1.52184 -1.25725
-1.52184 -1.25725
-1.52231 -1.25465
-1.52231 -1.25465
-1.52087 -1.25204
-1.52087 -1.25204
-1.52073 -1.24245
-1.52073 -1.24245
-1.51998 -1.24721
-1.51998 -1.24721
-1.52264 -1.22981
-1.52264 -1.22981
-1.51532 -1.22577
-1.51532 -1.22577
-1.51936 -1.22661
-1.51936 -1.22661
-1.51535 -1.21456
-1.51535 -1.21456
-1.51444 -1.20557
-1.51444 -1.20557
-1.50761 -1.20295
-1.50761 -1.20295
-1.51744 -1.19235
-1.51744 -1.19235
-1.51454 -1.18844
-1.51454 -1.18844
-1.51051 -1.17994
-1.51051 -1.17994
-1.5119 -1.17834
-1.5119 -1.17834
-1.50835 -1.17637
-1.50835 -1.17637
-1.50572 -1.1733
-1.50572 -1.1733
-1.5068 -1.16212
-1.5068 -1.16212
-1.50608 -1.15451
-1.50608 -1.15451
-1.50198 -1.15089
-1.50198 -1.15089
-1.49949 -1.13999
-1.49949 -1.13999
-1.49635 -1.14459
-1.49635 -1.14459
-1.49623 -1.13464
-1.49623 -1.13464
-1.49555 -1.12675
-1.49555 -1.12675
-1.49968 -1.12233
-1.49968 -1.12233
-1.49068 -1.12018
-1.49068 -1.12018
-1.49417 -1.11004
-1.49417 -1.11004
-1.49967 -1.10735
-1.49967 -1.10735
-1.48758 -1.09354
-1.48758 -1.09354
-1.48841 -1.08297
-1.48841 -1.08297
-1.48916 -1.06927
-1.48916 -1.06927
-1.4779 -1.0607
-1.4779 -1.0607
-1.47932 -1.05825
-1.47932 -1.05825
-1.47708 -1.03991
-1.47708 -1.03991
-1.47366 -1.03509
-1.47366 -1.03509
-1.46814 -1.02475
-1.46814 -1.02475
-1.46826 -1.01565
-1.46826 -1.01565
-1.46768 -0.998957
-1.46768 -0.998957
-1.46497 -0.992365
-1.46497 -0.992365
-1.4597 -0.980092
-1.4597 -0.980092
-1.47012 -0.973353
-1.47012 -0.973353
-1.46317 -0.962645
-1.46317 -0.962645
-1.45632 -0.951109
-1.45632 -0.951109
-1.45382 -0.944833
-1.45382 -0.944833
-1.44609 -0.93371
-1.44609 -0.93371
-1.44483 -0.929607
-1.44483 -0.929607
-1.44736 -0.920057
-1.44736 -0.920057
-1.43813 -0.910819
-1.43813 -0.910819
-1.43045 -0.905483
-1.43045 -0.905483
-1.4304 -0.896025
-1.4304 -0.896025
-1.42346 -0.886947
-1.42346 -0.886947
-1.41398 -0.874939
-1.41398 -0.874939
-1.41392 -0.870262
-1.41392 -0.870262
-1.408 -0.864364
-1.408 -0.864364
-1.40496 -0.850416
-1.40496 -0.850416
-1.40267 -0.84341
-1.40267 -0.84341
-1.39358 -0.837591
-1.39358 -0.837591
-1.38941 -0.82563
-1.38941 -0.82563
-1.38979 -0.811363
-1.38979 -0.811363
-1.38314 -0.808324
-1.38314 -0.808324
-1.37609 -0.796869
-1.37609 -0.796869
-1.36765 -0.785454
-1.36765 -0.785454
-1.36238 -0.774706
-1.36238 -0.774706
-1.3523 -0.759127
-1.3523 -0.759127
-1.33977 -0.744713
-1.33977 -0.744713
-1.34206 -0.734219
-1.34206 -0.734219
-1.33334 -0.724747
-1.33334 -0.724747
-1.3346 -0.709231
-1.3346 -0.709231
-1.32182 -0.696085
-1.32182 -0.696085
-1.31773 -0.693057
-1.31773 -0.693057
-1.3129 -0.675397
-1.3129 -0.675397
-1.30221 -0.665451
-1.30221 -0.665451
-1.28465 -0.649684
-1.28465 -0.649684
-1.28138 -0.645537
-1.28138 -0.645537
-1.28028 -0.627461
-1.28028 -0.627461
-1.26957 -0.628251
-1.26957 -0.628251
-1.25658 -0.609784
-1.25658 -0.609784
-1.25284 -0.597404
-1.25284 -0.597404
-1.25016 -0.587204
-1.25016 -0.587204
-1.23926 -0.575501
-1.23926 -0.575501
-1.22954 -0.562063
-1.22954 -0.562063
-1.2215 -0.552133
-1.2215 -0.552133
-1.21265 -0.541661
-1.21265 -0.541661
-1.19814 -0.535718
-1.19814 -0.535718
-1.19408 -0.524551
-1.19408 -0.524551
-1.18083 -0.51446
-1.18083 -0.51446
-1.17685 -0.509477
-1.17685 -0.509477
-1.16489 -0.496455
-1.16489 -0.496455
-1.15062 -0.480039
-1.15062 -0.480039
-1.14883 -0.476644
-1.14883 -0.476644
-1.14123 -0.464949
-1.14123 -0.464949
-1.12509 -0.458445
-1.12509 -0.458445
-1.11046 -0.442756
-1.11046 -0.442756
-1.1043 -0.441931
-1.1043 -0.441931
-1.09133 -0.431453
-1.09133 -0.431453
-1.07861 -0.419906
-1.07861 -0.419906
-1.07463 -0.408225
-1.07463 -0.408225
-1.06411 -0.410733
-1.06411 -0.410733
-1.04639 -0.399153
-1.04639 -0.399153
-1.0365 -0.38506
-1.0365 -0.38506
-1.03024 -0.380357
-1.03024 -0.380357
-1.01452 -0.377442
-1.01452 -0.377442
-1.00393 -0.366818
-1.00393 -0.366818
-0.989139 -0.354105
-0.989139 -0.354105
-0.979029 -0.350369
-0.979029 -0.350369
-0.965546 -0.339653
-0.965546 -0.339653
-0.947846 -0.329655
-0.947846 -0.329655
-0.928887 -0.315822
-0.928887 -0.315822
-0.904739 -0.303288
-0.904739 -0.303288
-0.887312 -0.292877
-0.887312 -0.292877
-0.872935 -0.27445
-0.872935 -0.27445
-0.845231 -0.26184
-0.845231 -0.26184
-0.831766 -0.250245
-0.831766 -0.250245
-0.807537 -0.230092
-0.807537 -0.230092
-0.789127 -0.223798
-0.789127 -0.223798
-0.761001 -0.206585
-0.761001 -0.206585
-0.73549 -0.191901
-0.73549 -0.191901
-0.710456 -0.179141
-0.710456 -0.179141
-0.69288 -0.172322
-0.69288 -0.172322
-0.672159 -0.154647
-0.672159 -0.154647
-0.648971 -0.142164
-0.648971 -0.142164
-0.62629 -0.133036
-0.62629 -0.133036
-0.60411 -0.119725
-0.60411 -0.119725
-0.57632 -0.105559
-0.57632 -0.105559
-0.559812 -0.0924801
-0.559812 -0.0924801
-0.534562 -0.0804732
-0.534562 -0.0804732
-0.508728 -0.0696088
-0.508728 -0.0696088
-0.488499 -0.0543815
-0.488499 -0.0543815
-0.466778 -0.0465942
-0.466778 -0.0465942
-0.445572 -0.0297029
-0.445572 -0.0297029
-0.421704 -0.0142775
-0.421704 -0.0142775
-0.397743 -0.00817116
-0.397743 -0.00817116
-0.370968 0.00257649
-0.370968 0.00257649
-0.3442 0.00726567
-0.3442 0.00726567
-0.328503 0.0179749
-0.328503 0.0179749
-0.293296 0.0307141
-0.293296 0.0307141
-0.272192 0.0396135
-0.272192 0.0396135
-0.250064 0.0495525
-0.250064 0.0495525
-0.227391 0.0526612
-0.227391 0.0526612
-0.199246 0.0608711
-0.199246 0.0608711
-0.174135 0.0632085
-0.174135 0.0632085
-0.154014 0.0765105
-0.154014 0.0765105
-0.149397 0.0754225
-0.149397 0.0754225
-0.147664 0.0737458
-0.147664 0.0737458
-0.148588 0.0707853
-0.148588 0.0707853
-0.149882 0.0752523
-0.149882 0.0752523
-0.146188 0.0741468
-0.146188 0.0741468
-0.146274 0.0705298
-0.146274 0.0705298
-0.148991 0.0759103
-0.148991 0.0759103
-0.147366 0.072822
-0.147366 0.072822
-0.150157 0.0731038
-0.150157 0.0731038
-0.146233 0.0761183
-0.146233 0.0761183
-0.149169 0.0718314
-0.149169 0.0718314
-0.146311 0.0744532
-0.146311 0.0744532
-0.143784 0.0743204
-0.143784 0.0743204
-0.146962 0.0750201
-0.146962 0.0750201
-0.148777 0.0739434
-0.148777 0.0739434
-0.146732 0.0762679
-0.146732 0.0762679
-0.148396 0.074856
-0.148396 0.074856
-0.145909 0.0763058
-0.145909 0.0763058
-0.145833 0.0724377
-0.145833 0.0724377
-0.144443 0.0735057
-0.144443 0.0735057
-0.148735 0.0753019
-0.148735 0.0753019
-0.144275 0.0782602
-0.144275 0.0782602
-0.148471 0.0792348
-0.148471 0.0792348
-0.140922 0.0764342
-0.140922 0.0764342
-0.147344 0.0767632
-0.147344 0.0767632
-0.144839 0.0785539
-0.144839 0.0785539
-0.148005 0.0766651
-0.148005 0.0766651
-0.143839 0.0794696
-0.143839 0.0794696
-0.14518 0.0787893
-0.14518 0.0787893
-0.147393 0.0727653
-0.147393 0.0727653
-0.148778 0.0756795
-0.148778 0.0756795
-0.145034 0.0733722
-0.145034 0.0733722
-0.147746 0.0752591
-0.147746 0.0752591
-0.147229 0.0770494
-0.147229 0.0770494
-0.146749 0.0744666
-0.146749 0.0744666
-0.144801 0.0802454
-0.144801 0.0802454
-0.140179 0.0788381
-0.140179 0.0788381
-0.146161 0.0776092
-0.146161 0.0776092
-0.14409 0.0786241
-0.14409 0.0786241
-0.142615 0.0718523
-0.142615 0.0718523
-0.144979 0.0736425
-0.144979 0.0736425
-0.140805 0.079164
-0.140805 0.079164
-0.141017 0.0763204
-0.141017 0.0763204
-0.141571 0.078062
-0.141571 0.078062
-0.141431 0.0781493
-0.141431 0.0781493
-0.144443 0.071624
-0.144443 0.071624
-0.146551 0.0803478
-0.146551 0.0803478
-0.143743 0.0770575
-0.143743 0.0770575
-0.144541 0.0804319
-0.144541 0.0804319
-0.142247 0.0789483
-0.142247 0.0789483
-0.138376 0.0781426
-0.138376 0.0781426
