0
0
0
0
0.00343803
0.00344361
0.00344915
0.00345278
0.00766463
0.00765767
0.009064
0.00905697
0.00542181
0.00541875
0.00740833
0.00740661
0.00794929
0.00794751
0.0100779
0.0100752
0.00796906
0.00796629
0.0118864
0.0118828
0.00654048
0.00653907
0.00310084
0.00309462
0.0112819
0.0112792
0.0117463
0.0117424
0.00573584
0.00573485
0.00479524
0.0047941
0.00455469
0.0045536
0.0066698
0.0066686
0.00405434
0.00405161
0.00766762
0.00766872
0.00779125
0.00778822
0.00903865
0.00903836
0.00568671
0.00568697
0.00443706
0.0044374
0.00511979
0.00512021
0.00595527
0.00595556
0.00543797
0.00543812
0.00306047
0.00305934
0.005493
0.00549293
0.00791243
0.0079131
0.00797775
0.00797676
0.00684934
0.00684904
0.00858194
0.00858198
0.00810278
0.008104
0.0123754
0.0123766
0.0104779
0.0104789
0.0100932
0.0100941
0.0119444
0.0119454
0.0135079
0.0135098
0.0104058
0.0104059
0.0115254
0.0114828
0.00809286
0.00785751
0.00765543
0.00710012
0.00755526
0.00781762
0.0122541
0.0128405
0.0131984
0.0127973
0.0129377
0.0128437
0.00808492
0.00850572
0.0140927
0.0149297
0.0161561
0.0166925
0.0163405
0.0170678
0.0130846
0.0145313
0.0113072
0.0131349
0.0171658
0.0181693
0.0147594
0.0175471
0.0130729
0.0174375
0.0172604
0.0208409
0.0162476
0.0217878
0.0175016
0.0228254
0.0205068
0.0228574
0.0206492
0.0238185
0.0228904
0.0269869
0.021662
0.0262425
0.024881
0.0287155
0.0226619
0.0251676
0.0266883
0.0290446
0.0235476
0.0270448
0.0285668
0.0309832
0.0262526
0.028441
0.0215371
0.0266671
0.0284377
0.0319153
0.0201322
0.025308
0.018398
0.0233563
0.0212511
0.0235681
0.0234163
0.0273145
0.0322143
0.0339021
0.035968
0.0380526
0.0323707
0.0348451
0.0347384
0.0380552
0.036426
0.0399912
0.0368432
0.0421781
0.0397165
0.0437813
0.04239
0.0476881
0.0446251
0.0493273
0.0476123
0.0518291
0.0502513
0.0539403
0.0561769
0.0590216
0.0496808
0.0526506
0.0540724
0.0582472
0.0464653
0.051819
0.048514
0.0525475
0.0512744
0.053942
0.0471579
0.0500246
0.0447401
0.0474626
0.051136
0.0539687
0.0489511
0.0527732
0.0439253
0.0480557
0.049617
0.0523773
0.048904
0.0532884
0.0462997
0.0507227
0.0506073
0.0564701
0.0437213
0.0487087
0.0448526
0.0505167
0.0505283
0.056195
0.0488525
0.0531503
0.0502213
0.0556987
0.0490754
0.0535102
0.0525966
0.0552901
0.0494453
0.0565665
0.0492563
0.0536842
0.0515121
0.0544544
0.0530494
0.0573936
0.052189
0.0578102
0.0529949
0.0575294
0.050127
0.0545564
0.0509763
0.0570278
0.0434879
0.0493951
0.0509043
0.0568843
0.0486724
0.0550169
0.0520304
0.0566462
0.0513035
0.0575936
0.045678
0.0503313
0.0515338
0.0572206
0.0466132
0.051377
0.0482403
0.0511218
0.054729
0.0578327
0.0554116
0.0583837
0.0535008
0.0564276
0.0487327
0.0517159
0.0495932
0.0525998
0.0539003
0.0585797
0.0562734
0.0609792
0.0587654
0.0614504
0.0586924
0.0649977
0.0533974
0.0578486
0.0564409
0.0609557
0.0551555
0.0614089
0.0554186
0.0616301
0.0553627
0.0617725
0.0561732
0.0608822
0.0551595
0.058271
0.0581482
0.0613028
0.0629391
0.0658576
0.0591113
0.0635772
0.0620453
0.0651178
0.0618238
0.0664562
0.0606473
0.0666764
0.059753
0.0660888
0.0591497
0.0622437
0.0612104
0.0642958
0.0593869
0.0640201
0.0556582
0.061806
0.0547529
0.057978
0.061218
0.0655809
0.0595924
0.0642714
0.0625714
0.0669348
0.0624463
0.0686339
0.0654538
0.0715749
0.0686959
0.073376
0.0650683
0.0712186
0.0692548
0.0725538
0.071532
0.074738
0.0634068
0.0681905
0.0692291
0.0721342
0.0707057
0.0754744
0.0714302
0.0759249
0.0683546
0.0729161
0.0731071
0.0792308
0.0692026
0.073791
0.0730466
0.077545
0.0738713
0.0782574
0.0832622
0.0890215
0.0785781
0.082545
0.0719979
0.0760437
0.0757204
0.0784748
0.0785616
0.0826795
0.081394
0.0840533
0.0797623
0.0838788
0.0822348
0.0862124
0.0833064
0.0885794
0.0825166
0.0870901
0.0830322
0.0867143
0.0800108
0.0844218
0.0830594
0.0878988
0.0797667
0.0846878
0.0835148
0.0858587
0.0888129
0.0911264
0.0818034
0.0841144
0.0825142
0.0848066
0.0807483
0.0830385
0.08167
0.0839902
0.0842202
0.0866262
0.0878996
0.0900886
0.084071
0.0873903
0.086459
0.0887064
0.0791465
0.0812629
0.082424
0.0846072
0.0811054
0.0845934
0.0837991
0.0882707
0.0766645
0.081002
0.0837929
0.0882589
0.0802913
0.0825671
0.0800308
0.0841644
0.0773962
0.0821102
0.0830721
0.0878838
0.0804133
0.083958
0.0884974
0.0921196
0.0865569
0.0912651
0.0858942
0.090912
0.0851202
0.0876241
0.0832485
0.0857397
0.0871954
0.0908847
0.0864446
0.0899539
0.0898933
0.0925091
0.0868249
0.0893214
0.0915057
0.0940364
0.0833605
0.0859075
0.0934821
0.0973161
0.0871081
0.0910228
0.0927284
0.0981717
0.0944374
0.0985251
0.0949934
0.100428
0.100896
0.105229
0.0975808
0.103746
0.10528
0.1101
0.10838
0.115005
0.115201
0.116117
0.108114
0.108124
0.115549
0.115563
0.109316
0.109329
0.115823
0.115837
0.115501
0.115508
0.112754
0.112761
0.115888
0.115899
0.109942
0.110009
0.115812
0.115919
0.116698
0.116891
0.118755
0.119047
0.115874
0.11626
0.115103
0.115781
0.123673
0.124623
0.124904
0.125231
0.12236
0.122056
0.117211
0.117496
0.12182
0.121995
0.124102
0.124443
0.114809
0.114979
0.116585
0.116921
0.11215
0.112401
0.117029
0.116846
0.11581
0.115832
0.110253
0.110299
0.115522
0.115685
0.112608
0.112718
0.114737
0.114952
0.113118
0.113339
0.110932
0.111097
0.113586
0.113808
0.111195
0.111362
0.108902
0.109071
0.109757
0.109813
0.103421
0.103424
0.107343
0.107346
0.107366
0.10737
0.0995031
0.0995075
0.113109
0.113112
0.109399
0.109404
0.112134
0.112137
0.111215
0.111219
0.109094
0.109097
0.108267
0.10827
0.113833
0.113837
0.109346
0.109349
0.112945
0.113806
0.108452
0.11058
0.110314
0.112003
0.114831
0.116557
0.107045
0.10953
0.107921
0.110488
0.108692
0.112122
0.109125
0.112496
0.113343
0.115055
0.118522
0.121959
0.106822
0.108547
0.103263
0.105872
0.106544
0.109132
0.111137
0.112981
0.105396
0.109794
0.101373
0.107109
0.107385
0.111594
0.106465
0.112198
0.098718
0.103056
0.104975
0.109303
0.110034
0.114343
0.112229
0.116551
0.106099
0.110237
0.107128
0.109909
0.110538
0.113273
0.108948
0.114985
0.106516
0.109909
0.104746
0.109773
0.107052
0.112106
0.105442
0.108933
0.1021
0.105538
0.105869
0.109291
0.104328
0.109488
0.108665
0.111806
0.105734
0.110795
0.10914
0.115708
0.103211
0.109704
0.107264
0.112309
0.109029
0.115636
0.10572
0.112484
0.11352
0.119994
0.108729
0.115274
0.102902
0.109003
0.108968
0.113872
0.109626
0.112845
0.110538
0.113712
0.101177
0.106011
0.111176
0.115857
0.105351
0.108479
0.106751
0.113157
0.102533
0.108904
0.104778
0.109512
0.100653
0.107276
0.102908
0.107906
0.100619
0.103959
0.100447
0.103902
0.0972257
0.102066
0.102743
0.107615
0.10332
0.106446
0.0999931
0.104377
0.0975562
0.104114
0.0947225
0.100886
0.101341
0.106172
0.0942667
0.100754
0.0888679
0.0950094
0.0956562
0.102108
0.0975558
0.102288
0.0948877
0.100816
0.0960896
0.101921
0.0991553
0.101779
0.0906006
0.0945553
0.0837331
0.0864154
0.0880334
0.0907527
0.0869276
0.0895331
0.0862041
0.0886736
0.0820763
0.0845745
0.0846066
0.0894013
0.0870939
0.090414
0.0847516
0.0866426
0.0842068
0.0863096
0.0866951
0.0885522
0.0798683
0.0820675
0.0769689
0.0783524
0.0771012
0.078487
0.0737983
0.0758416
0.0761156
0.0772714
0.0719371
0.0729894
0.0698337
0.0713867
0.065012
0.0664671
0.0668543
0.0674413
0.0735475
0.0746966
0.0684192
0.0693376
0.0667193
0.0670546
0.0594178
0.0597899
0.0603489
0.0598305
0.0625005
0.0619314
0.0558253
0.0553303
0.05673
0.0558935
0.0587672
0.0578461
0.059725
0.0574738
0.056974
0.0557435
0.0517557
0.0506102
0.0472961
0.0460473
0.0603059
0.0581298
0.0515645
0.0498059
0.0508606
0.0487969
0.0500911
0.0481114
0.0579393
0.0556296
0.0559235
0.054474
0.0512221
0.0498395
0.0518306
0.0505253
0.0435372
0.0431319
0.0532762
0.0525671
0.053075
0.0513549
0.0568372
0.0553899
0.0534378
0.0548929
0.0558216
0.0548976
0.0562671
0.0518061
0.0546603
0.0523396
0.0556724
0.0546063
0.0594871
0.0578986
0.0611998
0.0579035
0.0561064
0.0529939
0.0566212
0.0538166
0.0571621
0.0549193
0.0605271
0.0596613
0.051357
0.0509593
0.0530041
0.050942
0.0578484
0.0552093
0.0481552
0.0474241
0.0551395
0.0510024
0.0526996
0.049536
0.0539457
0.0507099
0.0558363
0.0524917
0.0492717
0.0472543
0.0605525
0.0576143
0.0515058
0.0485652
0.0530386
0.0511461
0.051537
0.0476315
0.0535487
0.0529572
0.0487763
0.0488105
0.0571064
0.0557254
0.0511825
0.0484597
0.0514357
0.0505292
0.051521
0.0493426
0.0520112
0.0509763
0.0541866
0.0519894
0.0570738
0.0558
0.0537182
0.0515609
0.0576137
0.0553084
0.0565595
0.0532573
0.0583043
0.054533
0.0548089
0.0516131
0.0562968
0.054098
0.0588885
0.057454
0.0566637
0.0538374
0.0545092
0.0527116
0.0551817
0.0541553
0.0599881
0.0585771
0.0545988
0.0512339
0.0554856
0.0532222
0.0590718
0.0578786
0.0555151
0.0505551
0.056446
0.0537258
0.0593693
0.0564453
0.0605461
0.0582148
0.0632785
0.0594801
0.0575547
0.0567831
0.0549359
0.0536022
0.060159
0.0589454
0.0600287
0.0568936
0.0601762
0.060762
0.0557081
0.0543794
0.0527109
0.0525119
0.0558424
0.0551741
0.0596852
0.0576075
0.0597316
0.0597207
0.0547153
0.0548651
0.0633806
0.0610057
0.0614589
0.0573607
0.0585363
0.0564126
0.0634716
0.0590503
0.0585567
0.0572388
0.0654784
0.0645309
0.0588725
0.057208
0.0545152
0.051652
0.0629309
0.060676
0.0543469
0.050704
0.0496052
0.0481208
0.0549419
0.053004
0.0557115
0.05322
0.0544636
0.052955
0.0495517
0.048798
0.0431066
0.0431026
0.047653
0.047651
0.0453283
0.0453283
0.0486422
0.0486423
0.0484547
0.0484549
0.0516219
0.0516085
0.0472783
0.0471823
0.0505707
0.0504615
0.0414291
0.04148
0.0458298
0.0459453
0.0455318
0.0456484
0.0448759
0.044777
0.0410092
0.0408923
0.0421922
0.042066
0.042205
0.0420783
0.0410139
0.0408483
0.0361105
0.0358137
0.0403464
0.0400313
0.0416605
0.0415518
0.0396527
0.039537
0.0380595
0.0379438
0.0415425
0.0414175
0.0424782
0.0422843
0.0373288
0.0371294
0.0362149
0.0359487
0.0468119
0.0466082
0.0405152
0.040243
0.0385188
0.0382613
0.0423249
0.0420577
0.0414294
0.0411697
0.0520919
0.051966
0.042562
0.042453
0.0442987
0.0441795
0.0438806
0.043774
0.0444395
0.0443468
0.0443522
0.0442912
0.0489962
0.0489834
0.042825
0.0428595
0.0401799
0.040204
0.0449806
0.0450031
0.0494872
0.04952
0.0388803
0.0389138
0.0524863
0.0525067
0.0478696
0.0468901
0.0444499
0.0428621
0.0437732
0.0418278
0.0424448
0.0403544
0.0495735
0.0473226
0.0441754
0.0426928
0.0441589
0.0424535
0.0443143
0.0425612
0.0417756
0.0397267
0.0479581
0.0467258
0.0426198
0.0402259
0.0531545
0.0513111
0.0449473
0.04305
0.0465154
0.0447672
0.0478778
0.0461018
0.0463737
0.0446038
0.0529992
0.0504238
0.0506849
0.0480944
0.0457155
0.0425697
0.0433552
0.0410573
0.0495592
0.046577
0.0565905
0.0534718
0.0524307
0.0494094
0.0511904
0.0485002
0.0532097
0.050215
0.0518977
0.0505083
0.0547245
0.0533213
0.0545907
0.0525128
0.0547908
0.0536176
0.0554129
0.0535591
0.0512236
0.0496103
0.0515994
0.0506022
0.0544325
0.0536349
0.0497948
0.0488942
0.0612153
0.0598356
0.0590137
0.057313
0.0597156
0.0581624
0.0611792
0.0605871
0.063167
0.0618401
0.0637234
0.0626366
0.068389
0.0678104
0.0673164
0.0668056
0.0628378
0.0625059
0.0626337
0.0623962
0.071123
0.071099
0.0681547
0.0682191
0.0718332
0.0716486
0.0624872
0.0625515
0.0690944
0.0693963
0.0717735
0.0719764
0.0705326
0.0708853
0.0695162
0.0697943
0.0693086
0.0693833
0.0703841
0.0706554
0.0696672
0.0698441
0.0713016
0.07142
0.0707659
0.0711773
0.0759755
0.0760885
0.069779
0.0700038
0.0743155
0.0746545
0.0723906
0.0725576
0.0733904
0.0734778
0.0674267
0.0675838
0.0793232
0.0794078
0.0774191
0.0775933
0.0753924
0.0754403
0.0773001
0.0774577
0.0744904
0.0748496
0.0730459
0.0735429
0.0760537
0.0763417
0.0768911
0.0771428
0.0737522
0.0739429
0.0737141
0.0737861
0.0702507
0.0705623
0.0721473
0.07235
0.0733128
0.0736703
0.0786026
0.0790807
0.0706605
0.0712946
0.0762735
0.0769021
0.0831041
0.0836889
0.0739628
0.074511
0.0775802
0.0782008
0.0815226
0.0817535
0.0727252
0.0730777
0.0751919
0.0761772
0.0770878
0.0774062
0.075218
0.0757101
0.072679
0.0732888
0.0755004
0.0759907
0.0794743
0.0797615
0.0793215
0.0798145
0.0782249
0.0789002
0.0913247
0.0920227
0.088517
0.0892076
0.0862454
0.0868953
0.0868471
0.0880463
0.0839996
0.0850608
0.0862494
0.0872318
0.0934718
0.0945654
0.0891915
0.0902478
0.0857269
0.0874769
0.089905
0.0921422
0.0877759
0.0899759
0.083835
0.0857403
0.087537
0.0891954
0.0858859
0.08834
0.0889474
0.0905531
0.0904223
0.0924926
0.0855124
0.0879727
0.0873101
0.0896938
0.0936066
0.0945865
0.090718
0.0925143
0.0893887
0.0924749
0.0874013
0.0897437
0.0885335
0.0901624
0.0860304
0.0883998
0.0812017
0.0834006
0.0894919
0.0929474
0.0879509
0.0906678
0.0976796
0.101426
0.0943472
0.0961406
0.0966172
0.0988115
0.100985
0.102949
0.098177
0.100178
0.0898776
0.0925135
0.0930489
0.0961962
0.101406
0.103368
0.0971359
0.0996609
0.0942228
0.0965045
0.0997258
0.102083
0.106122
0.109947
0.106289
0.108868
0.104431
0.109062
0.105824
0.110748
0.106849
0.111763
0.101316
0.105137
0.107214
0.112392
0.105185
0.109114
0.108742
0.114378
0.108743
0.111397
0.105914
0.108473
0.111499
0.115796
0.1163
0.120753
0.109126
0.115256
0.110134
0.113099
0.111934
0.116875
0.109155
0.11544
0.11007
0.11486
0.118209
0.122891
0.117096
0.122311
0.111913
0.116959
0.115226
0.118427
0.118276
0.123192
0.114885
0.119915
0.115191
0.122785
0.11497
0.122884
0.117985
0.126727
0.11969
0.128443
0.117414
0.127009
0.118103
0.125709
0.110017
0.120781
0.114418
0.123918
0.122482
0.131868
0.116397
0.129224
0.124275
0.130852
0.123823
0.130228
0.126581
0.136926
0.122413
0.129054
0.120429
0.133637
0.118397
0.128149
0.119059
0.132507
0.122472
0.135383
0.128537
0.135071
0.121426
0.131284
0.122373
0.135566
0.118091
0.13091
0.124342
0.137257
0.121875
0.131499
0.11867
0.131862
0.122264
0.135386
0.126073
0.14014
0.129811
0.136638
0.131202
0.137931
0.129979
0.136966
0.127843
0.134892
0.12439
0.131667
0.129972
0.140794
0.124596
0.135433
0.125074
0.13963
0.136044
0.143366
0.137314
0.144814
0.131327
0.142688
0.126907
0.142382
0.133408
0.138202
0.133559
0.133608
0.131476
0.13151
0.131549
0.131583
0.134243
0.134292
0.130504
0.130538
0.129565
0.129599
0.133927
0.133977
0.131487
0.131554
0.13433
0.134381
0.131676
0.131742
0.133225
0.13326
0.131421
0.131455
0.129088
0.129122
0.132423
0.132457
0.133905
0.133939
0.132816
0.13285
0.134035
0.134086
0.132238
0.132306
0.13107
0.131104
0.130166
0.130218
0.134893
0.134945
0.131773
0.131841
0.13615
0.136218
0.128201
0.128252
0.134464
0.134533
0.132813
0.132864
0.135264
0.135334
0.132419
0.13247
0.133541
0.13361
0.133799
0.13387
0.136119
0.136172
0.131949
0.131985
0.13522
0.135274
0.13541
0.135463
0.13424
0.134294
0.134423
0.134475
0.129689
0.129758
0.134993
0.135064
0.13349
0.133561
0.130029
0.130083
0.132932
0.133004
0.130931
0.130984
0.130246
0.130317
0.131479
0.131551
0.131485
0.131538
0.132384
0.132421
0.137261
0.137315
0.133618
0.133654
0.135617
0.135653
0.133059
0.133112
0.129255
0.129291
