0
0
0
0
0.00343803
0.00344361
0.00344915
0.00345278
0.0076646
0.00765903
0.0090611
0.00905757
0.00541983
0.00541527
0.00740757
0.00740501
0.00794821
0.00794642
0.0100739
0.0100712
0.00796664
0.0079625
0.011885
0.0118815
0.00653491
0.00653349
0.00310058
0.00309591
0.011279
0.0112763
0.0117444
0.0117405
0.00572947
0.00572849
0.00478959
0.00478844
0.00454532
0.00454478
0.00666199
0.00666079
0.00404968
0.00404694
0.00766019
0.00766129
0.00780398
0.00780095
0.00905638
0.00905615
0.00570127
0.00570164
0.00445067
0.00445116
0.00513394
0.00513435
0.00596906
0.00596948
0.00545294
0.00545308
0.00308539
0.00308425
0.00551021
0.00551013
0.00792075
0.00792142
0.00800536
0.00800436
0.00687363
0.00687332
0.0086043
0.00860433
0.00811484
0.00811605
0.0123902
0.0123915
0.0104916
0.0104929
0.0101097
0.0101106
0.0119588
0.0119594
0.0135093
0.0135113
0.0104139
0.0104139
0.0115279
0.0114854
0.00809707
0.00786498
0.00765434
0.00710462
0.00756419
0.00783145
0.0122602
0.01285
0.0132031
0.0128046
0.0129435
0.0128521
0.00809777
0.00852043
0.0140994
0.0149357
0.016158
0.0170401
0.016515
0.017082
0.0130952
0.0145408
0.0113143
0.0131413
0.0168239
0.0181805
0.0147728
0.0175589
0.0151177
0.0174445
0.0172638
0.0208443
0.0162499
0.0217909
0.0175027
0.0228273
0.020522
0.0228735
0.0206608
0.0238314
0.0229038
0.0284206
0.0226988
0.0262452
0.0248775
0.0276592
0.0226646
0.0278606
0.0266988
0.0302807
0.0246545
0.0270567
0.0285768
0.0309931
0.0263114
0.0276982
0.0240843
0.0267191
0.028488
0.0319634
0.0213836
0.0253518
0.0184479
0.0234032
0.0213166
0.0262261
0.0235293
0.027419
0.0326154
0.0352443
0.036427
0.0396612
0.0329042
0.0353616
0.0355486
0.040067
0.0373593
0.0396781
0.040354
0.0430549
0.0420283
0.0461596
0.0436476
0.0488968
0.0463578
0.0510165
0.0492331
0.0534036
0.0523487
0.056002
0.058142
0.0609587
0.05162
0.056015
0.0575005
0.061675
0.0498684
0.0538751
0.0505949
0.0532816
0.0532893
0.0559253
0.0492108
0.0520395
0.0467968
0.0494813
0.0531817
0.0559797
0.051083
0.0561476
0.0459864
0.0500593
0.0516937
0.0544189
0.0508949
0.0567263
0.0482772
0.0511891
0.0555035
0.058401
0.0458205
0.0507408
0.0469305
0.0525194
0.0525311
0.0581324
0.0508639
0.0551101
0.0523128
0.0577258
0.0496178
0.0569364
0.0547538
0.0574164
0.0515542
0.0557207
0.0512855
0.0542046
0.0535251
0.0564341
0.0564926
0.0606919
0.0542863
0.0598451
0.05499
0.059477
0.0521124
0.0579829
0.0529465
0.0574362
0.0455287
0.0513612
0.0529246
0.0588399
0.0505129
0.0567983
0.0539776
0.0585461
0.0531837
0.0594148
0.0476058
0.0537072
0.0534617
0.0590934
0.0484449
0.0531629
0.0502458
0.0545469
0.0566469
0.0597214
0.0560435
0.0604159
0.0556214
0.0585148
0.0493915
0.0537691
0.051668
0.054639
0.0558714
0.0605045
0.0582202
0.0628823
0.0580818
0.0635073
0.0605593
0.0668142
0.0569039
0.0612484
0.0570046
0.0629284
0.0570434
0.0632429
0.0573879
0.0635407
0.0572162
0.0635732
0.0581062
0.0627718
0.0571407
0.0602209
0.0600832
0.0647578
0.0648766
0.0677705
0.0625914
0.065569
0.0640147
0.0670608
0.063734
0.0683295
0.0626822
0.0686554
0.0616391
0.0679242
0.0611267
0.0641917
0.0632107
0.0662674
0.0628936
0.0659772
0.0576713
0.0637589
0.0565793
0.0597765
0.0630648
0.0673944
0.0631415
0.0662067
0.0645816
0.068906
0.0644034
0.0705399
0.0689497
0.0735237
0.0706451
0.075289
0.0670434
0.0731433
0.070898
0.0741802
0.0733634
0.078122
0.0668106
0.0699956
0.0696625
0.0740305
0.0724934
0.0772308
0.0718919
0.0778445
0.0702777
0.0748031
0.0750031
0.0810831
0.0710131
0.0755702
0.0747946
0.0792622
0.0755474
0.0799028
0.0848753
0.0905945
0.0801101
0.0840529
0.0734077
0.0774321
0.0770838
0.0798247
0.0798572
0.0825998
0.0825023
0.085153
0.0808758
0.0849826
0.0832468
0.0872179
0.0869049
0.0895227
0.0857319
0.0879731
0.0850809
0.0887777
0.0805563
0.0849845
0.084926
0.0885845
0.0804303
0.0853732
0.0839857
0.0875168
0.0891927
0.0915212
0.0821379
0.0844681
0.0828375
0.085149
0.0810757
0.0833856
0.0820298
0.0843685
0.0846028
0.0870256
0.0882644
0.0904688
0.0843497
0.0876981
0.0867464
0.0890132
0.0793666
0.0815068
0.0826642
0.0848699
0.0813844
0.0849038
0.0840382
0.0885521
0.0769383
0.0813193
0.0841362
0.088642
0.079607
0.0830452
0.080593
0.0847529
0.0780005
0.0827375
0.0837368
0.0885692
0.0811309
0.0846895
0.0880516
0.0928537
0.0872599
0.0919862
0.0866171
0.0916502
0.0858231
0.0883357
0.0839815
0.0864803
0.0879103
0.0916107
0.0871688
0.0906875
0.0906327
0.0932537
0.0875372
0.0900409
0.0922097
0.0947471
0.0840441
0.0865998
0.094188
0.0980336
0.0865762
0.0917531
0.093538
0.0989951
0.0954806
0.100974
0.097598
0.101656
0.100955
0.106681
0.0990753
0.105226
0.106944
0.111753
0.110305
0.116914
0.117409
0.118322
0.110337
0.110347
0.117751
0.117764
0.111561
0.111574
0.118035
0.118049
0.117717
0.117724
0.114972
0.114979
0.118132
0.118143
0.112238
0.112287
0.118041
0.118148
0.118804
0.118996
0.1209
0.121192
0.118164
0.11855
0.117045
0.117723
0.125681
0.126631
0.12692
0.127246
0.124346
0.124108
0.119282
0.119567
0.123945
0.12412
0.126277
0.126618
0.117293
0.117464
0.119127
0.119463
0.114648
0.114899
0.119716
0.119533
0.118491
0.118523
0.112944
0.11299
0.118155
0.118319
0.115404
0.11557
0.117303
0.117519
0.115861
0.116083
0.113598
0.113764
0.11638
0.116602
0.114002
0.114169
0.111778
0.111947
0.112597
0.112653
0.106219
0.106222
0.110165
0.110168
0.110185
0.110189
0.102325
0.102327
0.115923
0.115926
0.112226
0.112229
0.114952
0.114957
0.114027
0.11403
0.111905
0.111908
0.111081
0.111087
0.11665
0.116654
0.112148
0.112151
0.115755
0.116617
0.111229
0.113361
0.111537
0.114785
0.115877
0.119351
0.110598
0.113101
0.109842
0.113261
0.111464
0.114902
0.11274
0.115273
0.116117
0.117832
0.121294
0.123012
0.109599
0.111327
0.106048
0.10866
0.109322
0.111914
0.113886
0.115735
0.108131
0.112542
0.104159
0.109907
0.110135
0.114356
0.109231
0.114977
0.101494
0.105842
0.109219
0.112087
0.112818
0.117135
0.113588
0.119334
0.108847
0.112999
0.109878
0.115487
0.113312
0.116052
0.111672
0.114564
0.109213
0.112616
0.107428
0.11416
0.109745
0.113133
0.108165
0.111663
0.104777
0.108225
0.108573
0.112005
0.107038
0.11221
0.111331
0.116045
0.108409
0.113487
0.111746
0.118342
0.105794
0.11232
0.111547
0.116641
0.11164
0.118274
0.108359
0.115146
0.116147
0.122651
0.111363
0.117937
0.105499
0.111633
0.111564
0.116493
0.112207
0.115445
0.113078
0.116273
0.103732
0.108598
0.11368
0.118392
0.107885
0.111034
0.112516
0.115737
0.105113
0.111515
0.107344
0.1121
0.10321
0.109865
0.107182
0.110509
0.10317
0.106528
0.10304
0.106509
0.0996877
0.10456
0.105243
0.110143
0.105794
0.108944
0.102477
0.106892
0.10009
0.106684
0.0971009
0.10332
0.103789
0.108653
0.0966843
0.103221
0.0911986
0.0974005
0.0979551
0.104465
0.0997162
0.1045
0.0968011
0.10282
0.097913
0.103842
0.100849
0.103523
0.092138
0.0948226
0.085369
0.0881324
0.0896327
0.0924319
0.0883371
0.0910335
0.0874013
0.0926207
0.0832544
0.0871873
0.0855585
0.0880338
0.0878966
0.0902241
0.0850903
0.0881779
0.0847829
0.0870288
0.0869118
0.0889176
0.0796047
0.0820561
0.0765183
0.0789333
0.0766314
0.0790576
0.0740191
0.0756447
0.0747696
0.0767474
0.071028
0.0723261
0.0688022
0.0707482
0.0634769
0.0655207
0.0646435
0.0658119
0.0721177
0.073445
0.066466
0.0679692
0.0644963
0.0652827
0.0570603
0.0581434
0.057338
0.0575209
0.0595412
0.0593504
0.0526632
0.0527413
0.0530639
0.0524168
0.0550056
0.0544368
0.0549734
0.0531693
0.0526446
0.0514274
0.0479249
0.0474151
0.0434167
0.0428595
0.0560427
0.0545346
0.0472555
0.0460835
0.0466366
0.0453988
0.0455483
0.0441455
0.0535624
0.0519468
0.0519067
0.0517862
0.0474842
0.0470968
0.0481435
0.0477864
0.0402716
0.0413518
0.0498875
0.0500247
0.0492952
0.0489367
0.0532373
0.0532557
0.0504886
0.0542174
0.0523165
0.0524836
0.0516649
0.0493069
0.0506033
0.0499594
0.05187
0.0530654
0.0556363
0.0565958
0.0569553
0.0556322
0.051744
0.0508155
0.051431
0.0517631
0.0530039
0.0517795
0.0571315
0.0573006
0.0478428
0.0509622
0.0489525
0.048019
0.0536026
0.0525264
0.0444967
0.0457359
0.0505343
0.0485642
0.048326
0.0474953
0.0496195
0.0486417
0.0514941
0.0503263
0.0452026
0.0450788
0.0562129
0.0552758
0.0471074
0.0457697
0.0490584
0.0499916
0.0469386
0.0453663
0.0497908
0.0515424
0.0450789
0.0451695
0.0534322
0.0531188
0.0468768
0.0459102
0.0479559
0.0482735
0.0474653
0.0470831
0.0484322
0.0485955
0.0501041
0.0489893
0.0533901
0.0537596
0.049639
0.0498061
0.0524798
0.0534691
0.0522092
0.0504679
0.0538794
0.0521722
0.0505107
0.0495346
0.0522649
0.052278
0.0547499
0.0553711
0.0524966
0.0518225
0.0506631
0.0505709
0.0517002
0.0540718
0.0563177
0.0559141
0.0503829
0.0486246
0.051536
0.050911
0.0578173
0.0554557
0.0491936
0.0473719
0.0539515
0.0513963
0.0544798
0.0545907
0.0566903
0.0563704
0.0590199
0.0570873
0.0543699
0.0546764
0.0514355
0.0518915
0.0567317
0.0565281
0.0559886
0.0543078
0.0577292
0.059362
0.0522346
0.0519938
0.0495868
0.0511736
0.0525737
0.0535729
0.0560315
0.0554657
0.056761
0.0583208
0.0515257
0.0539592
0.0597148
0.0592438
0.0573065
0.0551169
0.0549481
0.0543704
0.0592327
0.0566125
0.0552174
0.0567122
0.0622215
0.0621974
0.0553865
0.0551277
0.0506446
0.0493865
0.0591668
0.0578033
0.0501131
0.048041
0.0460937
0.0458185
0.0512329
0.0503545
0.0518223
0.0516613
0.049929
0.0488558
0.0448244
0.0442619
0.038052
0.0380492
0.0429719
0.0429707
0.040603
0.0406032
0.0428606
0.0428608
0.0430135
0.0430139
0.0461326
0.0461214
0.0421305
0.0420531
0.0453979
0.0453064
0.0356744
0.03572
0.0402799
0.0403826
0.0402046
0.0402771
0.0387912
0.0387488
0.0346618
0.0345526
0.0354568
0.0353964
0.0357927
0.0357337
0.035203
0.0351362
0.0292545
0.0289665
0.0337416
0.0334371
0.0351589
0.0349481
0.0327622
0.0326487
0.0317629
0.0316519
0.0346889
0.0345052
0.0353768
0.0351837
0.030562
0.0303651
0.0287256
0.0284581
0.0393221
0.0391172
0.033073
0.0327993
0.0309365
0.0306805
0.0348108
0.0345427
0.0338149
0.0336201
0.044523
0.0443982
0.0350444
0.0349401
0.0367263
0.0366086
0.0363252
0.0362221
0.0369347
0.0368478
0.0367514
0.036692
0.0415303
0.0415182
0.0352139
0.035247
0.0324478
0.0324713
0.0373101
0.037332
0.0418491
0.041881
0.0312213
0.0312536
0.0449837
0.0450032
0.0400479
0.0390813
0.0371111
0.0350117
0.0360487
0.0341718
0.0345932
0.0325429
0.0417019
0.0394824
0.0364938
0.0350763
0.036203
0.0345064
0.0363005
0.0345473
0.0337499
0.031706
0.0398682
0.0386311
0.0345273
0.0321384
0.0451151
0.0432687
0.037016
0.0351029
0.038493
0.0367595
0.039884
0.0381153
0.0384108
0.0366488
0.0450705
0.0425204
0.0428168
0.0402481
0.0379187
0.0348759
0.0363897
0.0341337
0.0418741
0.0390146
0.0488894
0.0465781
0.0447531
0.0418001
0.0435124
0.0422366
0.0455735
0.0440893
0.0443803
0.043051
0.0472368
0.0458856
0.0478143
0.0451225
0.0475758
0.0464921
0.0481329
0.0463867
0.0440262
0.0425289
0.0446245
0.0437389
0.0477704
0.0471122
0.0429483
0.0421758
0.0543278
0.0530931
0.0521851
0.0506948
0.0528759
0.0514916
0.0547574
0.0542813
0.0563218
0.0555184
0.05737
0.0565336
0.0620893
0.0612547
0.0611157
0.0607208
0.0568629
0.0566672
0.0568807
0.0568644
0.0656706
0.0657869
0.0628005
0.063081
0.0661691
0.0662458
0.0570303
0.057389
0.0638377
0.064668
0.0664375
0.0670411
0.0656401
0.0659733
0.0645406
0.0650616
0.0638372
0.0641576
0.0651853
0.0656809
0.064633
0.0649192
0.0660554
0.0664357
0.0662387
0.0667903
0.0707488
0.0709766
0.0646186
0.0650346
0.0696145
0.0700843
0.0672994
0.0675915
0.0681211
0.0683267
0.0622982
0.0627588
0.0740595
0.0742544
0.0721938
0.0725396
0.0700447
0.0702062
0.0722172
0.0724859
0.0695517
0.0700991
0.0683386
0.0690348
0.0710047
0.0714722
0.0717893
0.0721604
0.0686303
0.0689657
0.068327
0.0686027
0.0655163
0.0664639
0.0671674
0.0674942
0.0682015
0.0688009
0.0736238
0.0743344
0.0658499
0.0662723
0.0712978
0.0717053
0.0784766
0.079695
0.0691721
0.0697857
0.072632
0.0735468
0.0763604
0.0770218
0.0674935
0.0681479
0.0709792
0.0717056
0.0720805
0.0724944
0.0701853
0.0713108
0.0674883
0.0686232
0.0706799
0.0717825
0.0745116
0.0749782
0.074555
0.0752336
0.0734209
0.0743587
0.0868368
0.0876982
0.0840502
0.0859069
0.0817531
0.0825654
0.0824807
0.0839235
0.0795947
0.0808804
0.0822226
0.0833524
0.0895068
0.0907481
0.0851931
0.0864027
0.0818493
0.0838399
0.0859624
0.0885016
0.084972
0.0862735
0.0795996
0.0818264
0.0835594
0.0854567
0.0820276
0.0840803
0.0849306
0.0867692
0.0869921
0.0888072
0.0816523
0.0844374
0.0834033
0.0861046
0.0894917
0.0906151
0.0868396
0.0888712
0.0853242
0.086918
0.083399
0.0851364
0.0846179
0.0864698
0.0820302
0.084731
0.0772427
0.0797599
0.0875277
0.0895612
0.0852732
0.088448
0.0941099
0.0982135
0.0908758
0.0928499
0.093528
0.0959038
0.0975891
0.0997256
0.0948674
0.0970449
0.0863187
0.0882103
0.0898502
0.092108
0.0981863
0.100314
0.0943941
0.0984846
0.0913714
0.095105
0.0969752
0.0994906
0.103555
0.107598
0.103881
0.106596
0.104335
0.106876
0.103372
0.108553
0.106918
0.109555
0.100234
0.104368
0.104847
0.110281
0.101606
0.107021
0.106596
0.112482
0.106642
0.109416
0.103758
0.106438
0.109566
0.114031
0.114597
0.119204
0.107475
0.113812
0.108506
0.111573
0.108909
0.113905
0.109255
0.114187
0.108706
0.113626
0.116963
0.121761
0.11609
0.121414
0.110753
0.114191
0.113979
0.117261
0.117086
0.122117
0.113817
0.118961
0.113984
0.121758
0.11375
0.121855
0.116931
0.125859
0.118618
0.127556
0.116363
0.126159
0.116965
0.124743
0.108751
0.119783
0.113304
0.126462
0.121371
0.127718
0.115366
0.121713
0.123495
0.130188
0.123153
0.129667
0.126159
0.136636
0.122058
0.128787
0.116917
0.129982
0.118013
0.127899
0.118761
0.132375
0.122071
0.135152
0.121743
0.134836
0.121086
0.131071
0.121973
0.135335
0.117627
0.130627
0.127042
0.136971
0.12142
0.134524
0.118278
0.131641
0.122052
0.135325
0.126053
0.140244
0.12997
0.136854
0.131533
0.138312
0.127091
0.141029
0.128493
0.135573
0.125194
0.132489
0.134447
0.141723
0.125693
0.136539
0.126338
0.140892
0.13748
0.144795
0.138844
0.146329
0.129435
0.140623
0.128721
0.14414
0.135382
0.140157
0.135513
0.135562
0.133424
0.133457
0.133479
0.133512
0.136217
0.136266
0.132463
0.132496
0.131501
0.131535
0.135896
0.135946
0.13344
0.133507
0.136279
0.13633
0.133652
0.133718
0.135168
0.135202
0.133388
0.133422
0.13106
0.131127
0.134392
0.134425
0.135862
0.135913
0.134787
0.13482
0.135992
0.136043
0.13421
0.134278
0.132987
0.133056
0.132112
0.13218
0.136858
0.136927
0.133765
0.133816
0.138139
0.138207
0.13019
0.130241
0.136441
0.136492
0.134807
0.134875
0.137241
0.13731
0.134422
0.134473
0.135536
0.135571
0.13576
0.135796
0.1381
0.138136
0.133906
0.133959
0.137201
0.137254
0.137403
0.137456
0.13622
0.136274
0.136447
0.1365
0.131715
0.131784
0.137017
0.13707
0.135543
0.135577
0.131994
0.132048
0.134903
0.134975
0.132947
0.133
0.132247
0.132318
0.13349
0.133561
0.133495
0.133531
0.134351
0.134387
0.139282
0.139336
0.135629
0.135665
0.13765
0.137685
0.135087
0.135141
0.131288
0.131323
