0 0
0 0
0 0
0 0
0 0
0 0
0 0
0 0
-0.00947846 0.00455852
-0.00947846 0.00455852
-0.0124156 0.00122739
-0.0124156 0.00122739
-0.00825497 0.00237484
-0.00825497 0.00237484
-0.00732532 0.00615443
-0.00732532 0.00615443
-0.0078351 0.00647866
-0.0078351 0.00647866
-0.0119384 0.00533084
-0.0119384 0.00533084
-0.0103197 0.00396073
-0.0103197 0.00396073
-0.0124716 0.00764334
-0.0124716 0.00764334
-0.00662651 0.00557685
-0.00662651 0.00557685
-0.00663656 5.20847e-05
-0.00663656 5.20847e-05
-0.0104836 0.00871738
-0.0104836 0.00871738
-0.0112514 0.00869483
-0.0112514 0.00869483
-0.00561007 0.00517301
-0.00561007 0.00517301
-0.00557164 0.00417451
-0.00557164 0.00417451
-0.0045482 0.0042607
-0.0045482 0.0042607
-0.00558614 0.00617567
-0.00558614 0.00617567
-0.00630303 0.00283886
-0.00630303 0.00283886
-0.0022147 0.00734805
-0.0022147 0.00734805
-0.00808644 0.00621778
-0.00808644 0.00621778
-0.00427871 0.00884976
-0.00427871 0.00884976
-0.00317118 0.00549838
-0.00317118 0.00549838
-0.00313729 0.00423762
-0.00313729 0.00423762
-0.00316224 0.00492644
-0.00316224 0.00492644
-0.00303667 0.00575228
-0.00303667 0.00575228
-0.00339252 0.00526196
-0.00339252 0.00526196
-0.00516406 0.00251968
-0.00516406 0.00251968
-0.00389212 0.00532231
-0.00389212 0.00532231
-0.00140433 0.00739936
-0.00140433 0.00739936
-0.00725414 0.00698826
-0.00725414 0.00698826
-0.00433965 0.00666025
-0.00433965 0.00666025
-0.00352252 0.00841822
-0.00352252 0.00841822
-0.00044677 0.00724247
-0.00044677 0.00724247
0.000330036 0.0115248
0.000330036 0.0115248
-4.88824e-05 0.00964129
-4.88824e-05 0.00964129
-0.00117894 0.00959777
-0.00117894 0.00959777
0.00069213 0.0109229
0.00069213 0.0109229
0.00422657 0.010723
0.00422657 0.010723
-0.00315167 0.0102135
-0.00315167 0.0102135
-5.28779e-05 0.0107583
-5.28779e-05 0.0107583
-0.00129201 0.00773271
-0.00129201 0.00773271
0.00335016 0.00700504
0.00335016 0.00700504
0.0060833 0.00758994
0.0060833 0.00758994
0.0099101 0.0123007
0.0099101 0.0123007
0.0214067 0.0129734
0.0214067 0.0129734
0.0252739 0.0131859
0.0252739 0.0131859
0.0289319 0.00846403
0.0289319 0.00846403
0.0305094 0.0135918
0.0305094 0.0135918
0.0381454 0.0163709
0.0381454 0.0163709
0.044822 0.016954
0.044822 0.016954
0.0511978 0.0135675
0.0511978 0.0135675
0.0587785 0.0117073
0.0587785 0.0117073
0.0664801 0.0174658
0.0664801 0.0174658
0.0732397 0.0142685
0.0732397 0.0142685
0.0814973 0.0124621
0.0814973 0.0124621
0.0882815 0.0144173
0.0882815 0.0144173
0.0951519 0.0115825
0.0951519 0.0115825
0.10473 0.013418
0.10473 0.013418
0.119716 0.0210265
0.119716 0.0210265
0.125853 0.0192389
0.125853 0.0192389
0.129675 0.016577
0.129675 0.016577
0.144519 0.0198767
0.144519 0.0198767
0.155637 0.0246388
0.155637 0.0246388
0.16348 0.0190272
0.16348 0.0190272
0.171707 0.023037
0.171707 0.023037
0.181649 0.0204311
0.181649 0.0204311
0.188894 0.0237086
0.188894 0.0237086
0.209118 0.0283666
0.209118 0.0283666
0.211773 0.0190068
0.211773 0.0190068
0.22008 0.025744
0.22008 0.025744
0.232821 0.0186433
0.232821 0.0186433
0.245065 0.0186444
0.245065 0.0186444
0.255443 0.0215368
0.255443 0.0215368
0.263234 0.0224134
0.263234 0.0224134
0.276661 0.035115
0.276661 0.035115
0.279824 0.0351526
0.279824 0.0351526
0.289953 0.0299942
0.289953 0.0299942
0.303526 0.0341264
0.303526 0.0341264
0.312023 0.033632
0.312023 0.033632
0.317833 0.0307893
0.317833 0.0307893
0.326567 0.0310376
0.326567 0.0310376
0.338051 0.0324684
0.338051 0.0324684
0.353367 0.034586
0.353367 0.034586
0.355271 0.0292563
0.355271 0.0292563
0.37284 0.0322773
0.37284 0.0322773
0.371968 0.0298279
0.371968 0.0298279
0.38164 0.01802
0.38164 0.01802
0.391339 0.0203234
0.391339 0.0203234
0.406508 0.0100048
0.406508 0.0100048
0.413751 0.00529863
0.413751 0.00529863
0.417254 0.00140823
0.417254 0.00140823
0.428404 -0.00650686
0.428404 -0.00650686
0.438408 -0.0132833
0.438408 -0.0132833
0.443715 -0.0125213
0.443715 -0.0125213
0.459076 -0.0153515
0.459076 -0.0153515
0.466877 -0.0273479
0.466877 -0.0273479
0.473076 -0.0270732
0.473076 -0.0270732
0.478398 -0.0345589
0.478398 -0.0345589
0.488087 -0.041951
0.488087 -0.041951
0.49364 -0.04209
0.49364 -0.04209
0.510158 -0.0506772
0.510158 -0.0506772
0.515824 -0.0550625
0.515824 -0.0550625
0.518732 -0.0567046
0.518732 -0.0567046
0.529108 -0.0623014
0.529108 -0.0623014
0.540684 -0.0641684
0.540684 -0.0641684
0.545428 -0.0740384
0.545428 -0.0740384
0.559732 -0.0720338
0.559732 -0.0720338
0.565726 -0.0802043
0.565726 -0.0802043
0.572588 -0.0879946
0.572588 -0.0879946
0.580772 -0.0924355
0.580772 -0.0924355
0.584918 -0.094984
0.584918 -0.094984
0.596526 -0.0985374
0.596526 -0.0985374
0.600457 -0.1053
0.600457 -0.1053
0.61027 -0.112766
0.61027 -0.112766
0.617739 -0.117369
0.617739 -0.117369
0.632991 -0.126939
0.632991 -0.126939
0.636783 -0.12619
0.636783 -0.12619
0.641001 -0.137268
0.641001 -0.137268
0.651429 -0.136713
0.651429 -0.136713
0.658405 -0.14398
0.658405 -0.14398
0.671714 -0.152621
0.671714 -0.152621
0.676446 -0.152991
0.676446 -0.152991
0.686237 -0.164755
0.686237 -0.164755
0.698102 -0.165152
0.698102 -0.165152
0.699887 -0.16688
0.699887 -0.16688
0.71282 -0.168025
0.71282 -0.168025
0.724118 -0.173678
0.724118 -0.173678
0.733906 -0.183604
0.733906 -0.183604
0.741767 -0.188193
0.741767 -0.188193
0.744425 -0.192192
0.744425 -0.192192
0.750881 -0.196047
0.750881 -0.196047
0.76334 -0.197091
0.76334 -0.197091
0.762265 -0.205006
0.762265 -0.205006
0.779951 -0.210008
0.779951 -0.210008
0.787091 -0.213866
0.787091 -0.213866
0.790341 -0.222554
0.790341 -0.222554
0.802396 -0.22654
0.802396 -0.22654
0.807383 -0.234587
0.807383 -0.234587
0.8179 -0.237148
0.8179 -0.237148
0.828917 -0.241858
0.828917 -0.241858
0.834247 -0.2458
0.834247 -0.2458
0.841534 -0.248007
0.841534 -0.248007
0.852271 -0.253659
0.852271 -0.253659
0.858107 -0.259
0.858107 -0.259
0.863067 -0.264997
0.863067 -0.264997
0.876164 -0.266302
0.876164 -0.266302
0.881248 -0.276965
0.881248 -0.276965
0.893312 -0.280227
0.893312 -0.280227
0.901497 -0.283203
0.901497 -0.283203
0.90967 -0.289115
0.90967 -0.289115
0.921169 -0.296966
0.921169 -0.296966
0.92599 -0.308186
0.92599 -0.308186
0.930566 -0.307976
0.930566 -0.307976
0.94264 -0.311901
0.94264 -0.311901
0.950783 -0.313767
0.950783 -0.313767
0.955678 -0.319545
0.955678 -0.319545
0.964044 -0.321156
0.964044 -0.321156
0.969769 -0.326265
0.969769 -0.326265
0.981526 -0.331861
0.981526 -0.331861
0.978191 -0.343759
0.978191 -0.343759
0.991554 -0.341661
0.991554 -0.341661
1.00408 -0.352254
1.00408 -0.352254
1.01336 -0.351695
1.01336 -0.351695
1.01598 -0.358824
1.01598 -0.358824
1.03008 -0.359086
1.03008 -0.359086
1.03735 -0.366811
1.03735 -0.366811
1.04179 -0.36906
1.04179 -0.36906
1.05009 -0.381139
1.05009 -0.381139
1.05613 -0.383058
1.05613 -0.383058
1.06577 -0.38586
1.06577 -0.38586
1.06686 -0.382429
1.06686 -0.382429
1.0775 -0.392781
1.0775 -0.392781
1.09434 -0.398208
1.09434 -0.398208
1.09742 -0.401402
1.09742 -0.401402
1.10285 -0.403906
1.10285 -0.403906
1.11162 -0.403616
1.11162 -0.403616
1.11667 -0.412055
1.11667 -0.412055
1.12517 -0.411723
1.12517 -0.411723
1.13126 -0.413544
1.13126 -0.413544
1.14125 -0.415555
1.14125 -0.415555
1.14908 -0.416701
1.14908 -0.416701
1.16546 -0.415267
1.16546 -0.415267
1.16474 -0.421301
1.16474 -0.421301
1.17393 -0.426779
1.17393 -0.426779
1.18303 -0.422892
1.18303 -0.422892
1.18782 -0.419517
1.18782 -0.419517
1.20356 -0.421893
1.20356 -0.421893
1.21285 -0.42
1.21285 -0.42
1.22474 -0.418704
1.22474 -0.418704
1.23338 -0.417246
1.23338 -0.417246
1.23931 -0.416748
1.23931 -0.416748
1.24671 -0.412358
1.24671 -0.412358
1.25926 -0.41102
1.25926 -0.41102
1.26875 -0.407629
1.26875 -0.407629
1.28714 -0.407297
1.28714 -0.407297
1.29326 -0.40495
1.29326 -0.40495
1.30137 -0.40756
1.30137 -0.40756
1.30965 -0.401907
1.30965 -0.401907
1.32749 -0.401968
1.32749 -0.401968
1.33226 -0.395528
1.33226 -0.395528
1.34732 -0.397137
1.34732 -0.397137
1.35666 -0.393789
1.35666 -0.393789
1.36589 -0.396875
1.36589 -0.396875
1.37176 -0.392144
1.37176 -0.392144
1.38461 -0.392356
1.38461 -0.392356
1.38903 -0.387669
1.38903 -0.387669
1.40093 -0.38631
1.40093 -0.38631
1.40989 -0.389725
1.40989 -0.389725
1.42002 -0.39039
1.42002 -0.39039
1.4312 -0.391422
1.4312 -0.391422
1.43727 -0.387609
1.43727 -0.387609
1.44598 -0.389704
1.44598 -0.389704
1.45097 -0.39137
1.45097 -0.39137
1.46651 -0.388405
1.46651 -0.388405
1.47208 -0.385804
1.47208 -0.385804
1.48838 -0.390369
1.48838 -0.390369
1.49039 -0.383547
1.49039 -0.383547
1.50669 -0.38539
1.50669 -0.38539
1.51088 -0.381472
1.51088 -0.381472
1.52337 -0.376094
1.52337 -0.376094
1.53324 -0.376258
1.53324 -0.376258
1.54038 -0.373399
1.54038 -0.373399
1.54951 -0.379059
1.54951 -0.379059
1.55593 -0.376008
1.55593 -0.376008
1.5639 -0.374054
1.5639 -0.374054
1.5717 -0.371735
1.5717 -0.371735
1.57867 -0.376029
1.57867 -0.376029
1.5719 -0.372396
1.5719 -0.372396
1.58106 -0.372012
1.58106 -0.372012
1.57326 -0.370633
1.57326 -0.370633
1.57397 -0.370396
1.57397 -0.370396
1.57627 -0.372011
1.57627 -0.372011
1.57791 -0.366088
1.57791 -0.366088
1.58506 -0.36771
1.58506 -0.36771
1.57915 -0.365434
1.57915 -0.365434
1.57541 -0.368367
1.57541 -0.368367
1.57668 -0.364724
1.57668 -0.364724
1.58286 -0.363558
1.58286 -0.363558
1.57661 -0.371638
1.57661 -0.371638
1.57325 -0.364501
1.57325 -0.364501
1.57343 -0.364322
1.57343 -0.364322
1.57629 -0.365488
1.57629 -0.365488
1.58001 -0.368523
1.58001 -0.368523
1.57834 -0.364475
1.57834 -0.364475
1.57833 -0.362043
1.57833 -0.362043
1.59285 -0.362506
1.59285 -0.362506
1.59358 -0.360242
1.59358 -0.360242
1.59541 -0.365167
1.59541 -0.365167
1.59775 -0.358017
1.59775 -0.358017
1.59798 -0.359182
1.59798 -0.359182
1.60297 -0.362632
1.60297 -0.362632
1.59748 -0.360258
1.59748 -0.360258
1.6042 -0.359658
1.6042 -0.359658
1.59527 -0.363539
1.59527 -0.363539
1.6027 -0.36074
1.6027 -0.36074
1.60324 -0.363462
1.60324 -0.363462
1.60459 -0.359781
1.60459 -0.359781
1.60649 -0.361876
1.60649 -0.361876
1.61052 -0.362558
1.61052 -0.362558
1.60863 -0.362999
1.60863 -0.362999
1.6091 -0.370216
1.6091 -0.370216
1.61197 -0.364074
1.61197 -0.364074
1.61118 -0.364486
1.61118 -0.364486
1.61519 -0.371265
1.61519 -0.371265
1.60693 -0.360297
1.60693 -0.360297
1.6116 -0.361983
1.6116 -0.361983
1.60831 -0.360659
1.60831 -0.360659
1.60724 -0.362331
1.60724 -0.362331
1.60797 -0.364364
1.60797 -0.364364
1.60921 -0.364618
1.60921 -0.364618
1.60716 -0.359398
1.60716 -0.359398
1.60697 -0.364693
1.60697 -0.364693
1.61038 -0.358849
1.61038 -0.358849
1.60893 -0.366724
1.60893 -0.366724
1.60687 -0.371625
1.60687 -0.371625
1.60756 -0.371972
1.60756 -0.371972
1.60344 -0.38743
1.60344 -0.38743
1.60757 -0.390736
1.60757 -0.390736
1.60749 -0.39482
1.60749 -0.39482
1.60669 -0.400687
1.60669 -0.400687
1.6059 -0.403059
1.6059 -0.403059
1.60323 -0.404452
1.60323 -0.404452
1.60957 -0.420151
1.60957 -0.420151
1.61299 -0.427247
1.61299 -0.427247
1.61016 -0.431825
1.61016 -0.431825
1.60223 -0.437953
1.60223 -0.437953
1.60382 -0.448192
1.60382 -0.448192
1.61162 -0.456563
1.61162 -0.456563
1.60418 -0.465115
1.60418 -0.465115
1.60693 -0.472709
1.60693 -0.472709
1.6109 -0.490713
1.6109 -0.490713
1.60739 -0.495255
1.60739 -0.495255
1.60543 -0.500317
1.60543 -0.500317
1.60412 -0.508197
1.60412 -0.508197
1.59972 -0.527362
1.59972 -0.527362
1.59959 -0.535873
1.59959 -0.535873
1.60285 -0.53976
1.60285 -0.53976
1.6018 -0.551333
1.6018 -0.551333
1.60092 -0.56519
1.60092 -0.56519
1.5991 -0.577927
1.5991 -0.577927
1.59755 -0.589642
1.59755 -0.589642
1.60278 -0.600227
1.60278 -0.600227
1.60237 -0.615836
1.60237 -0.615836
1.59906 -0.624828
1.59906 -0.624828
1.60026 -0.637477
1.60026 -0.637477
1.5928 -0.648136
1.5928 -0.648136
1.59584 -0.660702
1.59584 -0.660702
1.58904 -0.670329
1.58904 -0.670329
1.58929 -0.68863
1.58929 -0.68863
1.59118 -0.694216
1.59118 -0.694216
1.58723 -0.705991
1.58723 -0.705991
1.5921 -0.718458
1.5921 -0.718458
1.58089 -0.727404
1.58089 -0.727404
1.58435 -0.742289
1.58435 -0.742289
1.58601 -0.759367
1.58601 -0.759367
1.58284 -0.766925
1.58284 -0.766925
1.57885 -0.779964
1.57885 -0.779964
1.57536 -0.79254
1.57536 -0.79254
1.58161 -0.809114
1.58161 -0.809114
1.57247 -0.816414
1.57247 -0.816414
1.57598 -0.834197
1.57598 -0.834197
1.5755 -0.840335
1.5755 -0.840335
1.57939 -0.854166
1.57939 -0.854166
1.57934 -0.862452
1.57934 -0.862452
1.58058 -0.877548
1.58058 -0.877548
1.57856 -0.889255
1.57856 -0.889255
1.57853 -0.903282
1.57853 -0.903282
1.5823 -0.912874
1.5823 -0.912874
1.57524 -0.929962
1.57524 -0.929962
1.57185 -0.936739
1.57185 -0.936739
1.56567 -0.952995
1.56567 -0.952995
1.56869 -0.966097
1.56869 -0.966097
1.57347 -0.974729
1.57347 -0.974729
1.56605 -0.99389
1.56605 -0.99389
1.56587 -0.997198
1.56587 -0.997198
1.56839 -1.01518
1.56839 -1.01518
1.56979 -1.03198
1.56979 -1.03198
1.56709 -1.03638
1.56709 -1.03638
1.56482 -1.04839
1.56482 -1.04839
1.56071 -1.06296
1.56071 -1.06296
1.55899 -1.07292
1.55899 -1.07292
1.55556 -1.08295
1.55556 -1.08295
1.55718 -1.10066
1.55718 -1.10066
1.56092 -1.11542
1.56092 -1.11542
1.55676 -1.12143
1.55676 -1.12143
1.55178 -1.1335
1.55178 -1.1335
1.54572 -1.14525
1.54572 -1.14525
1.54457 -1.15822
1.54457 -1.15822
1.53646 -1.1665
1.53646 -1.1665
1.52822 -1.17438
1.52822 -1.17438
1.5192 -1.18748
1.5192 -1.18748
1.51825 -1.19472
1.51825 -1.19472
1.50684 -1.20245
1.50684 -1.20245
1.49881 -1.2177
1.49881 -1.2177
1.4908 -1.22942
1.4908 -1.22942
1.48434 -1.23618
1.48434 -1.23618
1.47892 -1.24516
1.47892 -1.24516
1.46727 -1.25111
1.46727 -1.25111
1.45882 -1.26172
1.45882 -1.26172
1.45063 -1.26969
1.45063 -1.26969
1.43942 -1.28066
1.43942 -1.28066
1.4237 -1.28645
1.4237 -1.28645
1.41739 -1.28257
1.41739 -1.28257
1.40821 -1.29208
1.40821 -1.29208
1.39673 -1.29818
1.39673 -1.29818
1.38832 -1.30875
1.38832 -1.30875
1.3724 -1.31269
1.3724 -1.31269
1.35964 -1.31336
1.35964 -1.31336
1.35102 -1.32164
1.35102 -1.32164
1.33629 -1.3235
1.33629 -1.3235
1.32405 -1.32265
1.32405 -1.32265
1.30612 -1.32598
1.30612 -1.32598
1.29815 -1.32683
1.29815 -1.32683
1.29275 -1.3305
1.29275 -1.3305
1.28091 -1.33551
1.28091 -1.33551
1.26299 -1.3249
1.26299 -1.3249
1.25373 -1.33371
1.25373 -1.33371
1.24279 -1.33448
1.24279 -1.33448
1.22649 -1.33684
1.22649 -1.33684
1.21501 -1.32929
1.21501 -1.32929
1.20988 -1.32934
1.20988 -1.32934
1.19259 -1.33469
1.19259 -1.33469
1.17437 -1.33481
1.17437 -1.33481
1.15938 -1.34301
1.15938 -1.34301
1.13548 -1.33447
1.13548 -1.33447
1.11125 -1.33669
1.11125 -1.33669
1.08126 -1.33414
1.08126 -1.33414
1.06397 -1.33732
1.06397 -1.33732
1.01857 -1.33792
1.01857 -1.33792
0.985719 -1.3427
0.985719 -1.3427
0.959891 -1.3435
0.959891 -1.3435
0.930277 -1.34332
0.930277 -1.34332
0.897719 -1.34128
0.897719 -1.34128
0.859681 -1.3432
0.859681 -1.3432
0.829311 -1.34989
0.829311 -1.34989
0.798046 -1.35073
0.798046 -1.35073
0.761597 -1.35194
0.761597 -1.35194
0.73626 -1.34816
0.73626 -1.34816
0.705835 -1.35909
0.705835 -1.35909
0.667804 -1.36097
0.667804 -1.36097
0.638876 -1.3583
0.638876 -1.3583
0.609264 -1.36806
0.609264 -1.36806
0.57166 -1.36634
0.57166 -1.36634
0.542482 -1.36959
0.542482 -1.36959
0.510152 -1.37024
0.510152 -1.37024
0.477599 -1.3704
0.477599 -1.3704
0.451009 -1.37732
0.451009 -1.37732
0.413765 -1.36933
0.413765 -1.36933
0.383643 -1.38027
0.383643 -1.38027
0.354903 -1.37933
0.354903 -1.37933
0.317651 -1.38521
0.317651 -1.38521
0.293058 -1.38214
0.293058 -1.38214
0.257627 -1.389
0.257627 -1.389
0.223228 -1.38303
0.223228 -1.38303
0.193193 -1.39232
0.193193 -1.39232
0.162759 -1.39215
0.162759 -1.39215
0.130955 -1.39549
0.130955 -1.39549
0.0982067 -1.396
0.0982067 -1.396
0.0603992 -1.39777
0.0603992 -1.39777
0.0318931 -1.39574
0.0318931 -1.39574
0.00211507 -1.40216
0.00211507 -1.40216
-0.0307978 -1.40049
-0.0307978 -1.40049
-0.0651696 -1.40497
-0.0651696 -1.40497
-0.0984538 -1.40592
-0.0984538 -1.40592
-0.128193 -1.41095
-0.128193 -1.41095
-0.157942 -1.41073
-0.157942 -1.41073
-0.192241 -1.40965
-0.192241 -1.40965
-0.223405 -1.41554
-0.223405 -1.41554
-0.256481 -1.41903
-0.256481 -1.41903
-0.285109 -1.41966
-0.285109 -1.41966
-0.319899 -1.41783
-0.319899 -1.41783
-0.351908 -1.4275
-0.351908 -1.4275
-0.385847 -1.42806
-0.385847 -1.42806
-0.419694 -1.42585
-0.419694 -1.42585
-0.452794 -1.43637
-0.452794 -1.43637
-0.483229 -1.4348
-0.483229 -1.4348
-0.511248 -1.43422
-0.511248 -1.43422
-0.54184 -1.43499
-0.54184 -1.43499
-0.578261 -1.43654
-0.578261 -1.43654
-0.603133 -1.44111
-0.603133 -1.44111
-0.63744 -1.44702
-0.63744 -1.44702
-0.669665 -1.44425
-0.669665 -1.44425
-0.703494 -1.4491
-0.703494 -1.4491
-0.723484 -1.44733
-0.723484 -1.44733
-0.765009 -1.45651
-0.765009 -1.45651
-0.79324 -1.46118
-0.79324 -1.46118
-0.826965 -1.46107
-0.826965 -1.46107
-0.864324 -1.46138
-0.864324 -1.46138
-0.888849 -1.46187
-0.888849 -1.46187
-0.917174 -1.46967
-0.917174 -1.46967
-0.956953 -1.46579
-0.956953 -1.46579
-0.992995 -1.47251
-0.992995 -1.47251
-1.01836 -1.47557
-1.01836 -1.47557
-1.05824 -1.4765
-1.05824 -1.4765
-1.08426 -1.4805
-1.08426 -1.4805
-1.11545 -1.47603
-1.11545 -1.47603
-1.15001 -1.48637
-1.15001 -1.48637
-1.1844 -1.49491
-1.1844 -1.49491
-1.21794 -1.48934
-1.21794 -1.48934
-1.24518 -1.50155
-1.24518 -1.50155
-1.27424 -1.50656
-1.27424 -1.50656
-1.30957 -1.50506
-1.30957 -1.50506
-1.3375 -1.50728
-1.3375 -1.50728
-1.36887 -1.5117
-1.36887 -1.5117
-1.37611 -1.51572
-1.37611 -1.51572
-1.37902 -1.52243
-1.37902 -1.52243
-1.37731 -1.51695
-1.37731 -1.51695
-1.37707 -1.51931
-1.37707 -1.51931
-1.38758 -1.52057
-1.38758 -1.52057
-1.38421 -1.51893
-1.38421 -1.51893
-1.38597 -1.51627
-1.38597 -1.51627
-1.3814 -1.51886
-1.3814 -1.51886
-1.38305 -1.51582
-1.38305 -1.51582
-1.38364 -1.52627
-1.38364 -1.52627
-1.38404 -1.52154
-1.38404 -1.52154
-1.38232 -1.52118
-1.38232 -1.52118
-1.38722 -1.52495
-1.38722 -1.52495
-1.38718 -1.52953
-1.38718 -1.52953
-1.39074 -1.5308
-1.39074 -1.5308
-1.3885 -1.52862
-1.3885 -1.52862
-1.38393 -1.52665
-1.38393 -1.52665
-1.38836 -1.53589
-1.38836 -1.53589
-1.39019 -1.53043
-1.39019 -1.53043
-1.3908 -1.52837
-1.3908 -1.52837
-1.39276 -1.5324
-1.39276 -1.5324
-1.38762 -1.52966
-1.38762 -1.52966
-1.39445 -1.53046
-1.39445 -1.53046
-1.397 -1.53131
-1.397 -1.53131
-1.39115 -1.53208
-1.39115 -1.53208
-1.3969 -1.54017
-1.3969 -1.54017
-1.40522 -1.53277
-1.40522 -1.53277
-1.40065 -1.53654
-1.40065 -1.53654
-1.40201 -1.54226
-1.40201 -1.54226
-1.40394 -1.53687
-1.40394 -1.53687
-1.40432 -1.53858
-1.40432 -1.53858
-1.41505 -1.53523
-1.41505 -1.53523
-1.40893 -1.54493
-1.40893 -1.54493
-1.40866 -1.53825
-1.40866 -1.53825
-1.40982 -1.54131
-1.40982 -1.54131
-1.41152 -1.54392
-1.41152 -1.54392
-1.40997 -1.53883
-1.40997 -1.53883
-1.41612 -1.54198
-1.41612 -1.54198
-1.40919 -1.54082
-1.40919 -1.54082
-1.40545 -1.53908
-1.40545 -1.53908
-1.41057 -1.5389
-1.41057 -1.5389
-1.41504 -1.53808
-1.41504 -1.53808
-1.40494 -1.5416
-1.40494 -1.5416
-1.41908 -1.54089
-1.41908 -1.54089
-1.41193 -1.53495
-1.41193 -1.53495
-1.40942 -1.53235
-1.40942 -1.53235
-1.41248 -1.53432
-1.41248 -1.53432
-1.41194 -1.5289
-1.41194 -1.5289
-1.42078 -1.52167
-1.42078 -1.52167
-1.42078 -1.52393
-1.42078 -1.52393
-1.42076 -1.51193
-1.42076 -1.51193
-1.42337 -1.50569
-1.42337 -1.50569
-1.4241 -1.50364
-1.4241 -1.50364
-1.43158 -1.49515
-1.43158 -1.49515
-1.4301 -1.49682
-1.4301 -1.49682
-1.44225 -1.48442
-1.44225 -1.48442
-1.43676 -1.48056
-1.43676 -1.48056
-1.44512 -1.48095
-1.44512 -1.48095
-1.44894 -1.4737
-1.44894 -1.4737
-1.4508 -1.46902
-1.4508 -1.46902
-1.46045 -1.46176
-1.46045 -1.46176
-1.46103 -1.45646
-1.46103 -1.45646
-1.46101 -1.45813
-1.46101 -1.45813
-1.46259 -1.4534
-1.46259 -1.4534
-1.47079 -1.44657
-1.47079 -1.44657
-1.47858 -1.43487
-1.47858 -1.43487
-1.47698 -1.43006
-1.47698 -1.43006
-1.47795 -1.42352
-1.47795 -1.42352
-1.48239 -1.41843
-1.48239 -1.41843
-1.48519 -1.41707
-1.48519 -1.41707
-1.48948 -1.40894
-1.48948 -1.40894
-1.49103 -1.40224
-1.49103 -1.40224
-1.49564 -1.40269
-1.49564 -1.40269
-1.49661 -1.39408
-1.49661 -1.39408
-1.4947 -1.39048
-1.4947 -1.39048
-1.49811 -1.3877
-1.49811 -1.3877
-1.50344 -1.38577
-1.50344 -1.38577
-1.49936 -1.37684
-1.49936 -1.37684
-1.51093 -1.36538
-1.51093 -1.36538
-1.50982 -1.36121
-1.50982 -1.36121
-1.51092 -1.35328
-1.51092 -1.35328
-1.51534 -1.35356
-1.51534 -1.35356
-1.51707 -1.34615
-1.51707 -1.34615
-1.51895 -1.34286
-1.51895 -1.34286
-1.52383 -1.3329
-1.52383 -1.3329
-1.52306 -1.32649
-1.52306 -1.32649
-1.51938 -1.324
-1.51938 -1.324
-1.51947 -1.32098
-1.51947 -1.32098
-1.5278 -1.31473
-1.5278 -1.31473
-1.52423 -1.30876
-1.52423 -1.30876
-1.52615 -1.29675
-1.52615 -1.29675
-1.51654 -1.29465
-1.51654 -1.29465
-1.52267 -1.29412
-1.52267 -1.29412
-1.5239 -1.28397
-1.5239 -1.28397
-1.52162 -1.27825
-1.52162 -1.27825
-1.51952 -1.27343
-1.51952 -1.27343
-1.51718 -1.26217
-1.51718 -1.26217
-1.51765 -1.25957
-1.51765 -1.25957
-1.51623 -1.25696
-1.51623 -1.25696
-1.51616 -1.24737
-1.51616 -1.24737
-1.51542 -1.25213
-1.51542 -1.25213
-1.51811 -1.23473
-1.51811 -1.23473
-1.51081 -1.23067
-1.51081 -1.23067
-1.51485 -1.23151
-1.51485 -1.23151
-1.51085 -1.21945
-1.51085 -1.21945
-1.50994 -1.21046
-1.50994 -1.21046
-1.5031 -1.20785
-1.5031 -1.20785
-1.51298 -1.1973
-1.51298 -1.1973
-1.51008 -1.19338
-1.51008 -1.19338
-1.50603 -1.18489
-1.50603 -1.18489
-1.50742 -1.18329
-1.50742 -1.18329
-1.50387 -1.18132
-1.50387 -1.18132
-1.50123 -1.17826
-1.50123 -1.17826
-1.5023 -1.16708
-1.5023 -1.16708
-1.50159 -1.15947
-1.50159 -1.15947
-1.49749 -1.15584
-1.49749 -1.15584
-1.4951 -1.14492
-1.4951 -1.14492
-1.49197 -1.14952
-1.49197 -1.14952
-1.49186 -1.13957
-1.49186 -1.13957
-1.49117 -1.13168
-1.49117 -1.13168
-1.4953 -1.12727
-1.4953 -1.12727
-1.4863 -1.12514
-1.4863 -1.12514
-1.48984 -1.11501
-1.48984 -1.11501
-1.49534 -1.11232
-1.49534 -1.11232
-1.48324 -1.09851
-1.48324 -1.09851
-1.48409 -1.08794
-1.48409 -1.08794
-1.48482 -1.07424
-1.48482 -1.07424
-1.47352 -1.06572
-1.47352 -1.06572
-1.47494 -1.06327
-1.47494 -1.06327
-1.47285 -1.04491
-1.47285 -1.04491
-1.46943 -1.0401
-1.46943 -1.0401
-1.46393 -1.02974
-1.46393 -1.02974
-1.46414 -1.02064
-1.46414 -1.02064
-1.46377 -1.00395
-1.46377 -1.00395
-1.46109 -0.997342
-1.46109 -0.997342
-1.45593 -0.98502
-1.45593 -0.98502
-1.46642 -0.978387
-1.46642 -0.978387
-1.45957 -0.967613
-1.45957 -0.967613
-1.45282 -0.956019
-1.45282 -0.956019
-1.45036 -0.949727
-1.45036 -0.949727
-1.44271 -0.938549
-1.44271 -0.938549
-1.44153 -0.934421
-1.44153 -0.934421
-1.44413 -0.924885
-1.44413 -0.924885
-1.43491 -0.915629
-1.43491 -0.915629
-1.42721 -0.910327
-1.42721 -0.910327
-1.42718 -0.900868
-1.42718 -0.900868
-1.4202 -0.891815
-1.4202 -0.891815
-1.41072 -0.879819
-1.41072 -0.879819
-1.41066 -0.875141
-1.41066 -0.875141
-1.40472 -0.869263
-1.40472 -0.869263
-1.40169 -0.855313
-1.40169 -0.855313
-1.39944 -0.848296
-1.39944 -0.848296
-1.39037 -0.842451
-1.39037 -0.842451
-1.38623 -0.83048
-1.38623 -0.83048
-1.38661 -0.816213
-1.38661 -0.816213
-1.37996 -0.813186
-1.37996 -0.813186
-1.37283 -0.801783
-1.37283 -0.801783
-1.36443 -0.790332
-1.36443 -0.790332
-1.35916 -0.779584
-1.35916 -0.779584
-1.34917 -0.763947
-1.34917 -0.763947
-1.33683 -0.74937
-1.33683 -0.74937
-1.33924 -0.738903
-1.33924 -0.738903
-1.33057 -0.729384
-1.33057 -0.729384
-1.33199 -0.713881
-1.33199 -0.713881
-1.31931 -0.700637
-1.31931 -0.700637
-1.31522 -0.697611
-1.31522 -0.697611
-1.31032 -0.67997
-1.31032 -0.67997
-1.29966 -0.669984
-1.29966 -0.669984
-1.28212 -0.654192
-1.28212 -0.654192
-1.27887 -0.650035
-1.27887 -0.650035
-1.27797 -0.631947
-1.27797 -0.631947
-1.26727 -0.632654
-1.26727 -0.632654
-1.25448 -0.614043
-1.25448 -0.614043
-1.25085 -0.60163
-1.25085 -0.60163
-1.24828 -0.5914
-1.24828 -0.5914
-1.23751 -0.57959
-1.23751 -0.57959
-1.22799 -0.566011
-1.22799 -0.566011
-1.21993 -0.556092
-1.21993 -0.556092
-1.21108 -0.545619
-1.21108 -0.545619
-1.19657 -0.539686
-1.19657 -0.539686
-1.19251 -0.528517
-1.19251 -0.528517
-1.1793 -0.518387
-1.1793 -0.518387
-1.17531 -0.5134
-1.17531 -0.5134
-1.16343 -0.500305
-1.16343 -0.500305
-1.14934 -0.483739
-1.14934 -0.483739
-1.14758 -0.480325
-1.14758 -0.480325
-1.14019 -0.468498
-1.14019 -0.468498
-1.1241 -0.46189
-1.1241 -0.46189
-1.10957 -0.4461
-1.10957 -0.4461
-1.10343 -0.445185
-1.10343 -0.445185
-1.09053 -0.434618
-1.09053 -0.434618
-1.07791 -0.422965
-1.07791 -0.422965
-1.07409 -0.411231
-1.07409 -0.411231
-1.06356 -0.413683
-1.06356 -0.413683
-1.04581 -0.402142
-1.04581 -0.402142
-1.03596 -0.388014
-1.03596 -0.388014
-1.0297 -0.383314
-1.0297 -0.383314
-1.01398 -0.380418
-1.01398 -0.380418
-1.00335 -0.369827
-1.00335 -0.369827
-0.988629 -0.357041
-0.988629 -0.357041
-0.978524 -0.353292
-0.978524 -0.353292
-0.965037 -0.342581
-0.965037 -0.342581
-0.94736 -0.332543
-0.94736 -0.332543
-0.92835 -0.31878
-0.92835 -0.31878
-0.904186 -0.306278
-0.904186 -0.306278
-0.88676 -0.295864
-0.88676 -0.295864
-0.87244 -0.277393
-0.87244 -0.277393
-0.844787 -0.264671
-0.844787 -0.264671
-0.831461 -0.252917
-0.831461 -0.252917
-0.807435 -0.232521
-0.807435 -0.232521
-0.789098 -0.226019
-0.789098 -0.226019
-0.761097 -0.208603
-0.761097 -0.208603
-0.735612 -0.193874
-0.735612 -0.193874
-0.710578 -0.181115
-0.710578 -0.181115
-0.693018 -0.174253
-0.693018 -0.174253
-0.672275 -0.156605
-0.672275 -0.156605
-0.649086 -0.144122
-0.649086 -0.144122
-0.626416 -0.13497
-0.626416 -0.13497
-0.604201 -0.121716
-0.604201 -0.121716
-0.576402 -0.107567
-0.576402 -0.107567
-0.559887 -0.0944979
-0.559887 -0.0944979
-0.534642 -0.0824798
-0.534642 -0.0824798
-0.508841 -0.0715365
-0.508841 -0.0715365
-0.488776 -0.0560943
-0.488776 -0.0560943
-0.467115 -0.0481419
-0.467115 -0.0481419
-0.446096 -0.0310185
-0.446096 -0.0310185
-0.422385 -0.0153531
-0.422385 -0.0153531
-0.39848 -0.00903384
-0.39848 -0.00903384
-0.371817 0.00199215
-0.371817 0.00199215
-0.345104 0.00698649
-0.345104 0.00698649
-0.329491 0.0178167
-0.329491 0.0178167
-0.294399 0.0308687
-0.294399 0.0308687
-0.273395 0.0400013
-0.273395 0.0400013
-0.251373 0.0501746
-0.251373 0.0501746
-0.228735 0.0535283
-0.228735 0.0535283
-0.200693 0.0620839
-0.200693 0.0620839
-0.1756 0.0645992
-0.1756 0.0645992
-0.15556 0.0780235
-0.15556 0.0780235
-0.150952 0.0769009
-0.150952 0.0769009
-0.149218 0.0752239
-0.149218 0.0752239
-0.150148 0.0722648
-0.150148 0.0722648
-0.151444 0.0767311
-0.151444 0.0767311
-0.147749 0.075626
-0.147749 0.075626
-0.147837 0.072009
-0.147837 0.072009
-0.15056 0.0773863
-0.15056 0.0773863
-0.148936 0.0742978
-0.148936 0.0742978
-0.151727 0.0745799
-0.151727 0.0745799
-0.147804 0.0775951
-0.147804 0.0775951
-0.150741 0.0733087
-0.150741 0.0733087
-0.147884 0.0759321
-0.147884 0.0759321
-0.145357 0.0757995
-0.145357 0.0757995
-0.148535 0.0764983
-0.148535 0.0764983
-0.15035 0.0754206
-0.15035 0.0754206
-0.148301 0.0777418
-0.148301 0.0777418
-0.149964 0.0763288
-0.149964 0.0763288
-0.147478 0.0777799
-0.147478 0.0777799
-0.147406 0.0739117
-0.147406 0.0739117
-0.146017 0.0749809
-0.146017 0.0749809
-0.150311 0.0767748
-0.150311 0.0767748
-0.145851 0.0797341
-0.145851 0.0797341
-0.150046 0.0807129
-0.150046 0.0807129
-0.142497 0.0779138
-0.142497 0.0779138
-0.148919 0.0782442
-0.148919 0.0782442
-0.146415 0.0800368
-0.146415 0.0800368
-0.149581 0.0781492
-0.149581 0.0781492
-0.145416 0.0809543
-0.145416 0.0809543
-0.146757 0.0802738
-0.146757 0.0802738
-0.148979 0.074253
-0.148979 0.074253
-0.150368 0.0771649
-0.150368 0.0771649
-0.146625 0.0748556
-0.146625 0.0748556
-0.149339 0.0767411
-0.149339 0.0767411
-0.148822 0.0785315
-0.148822 0.0785315
-0.148346 0.0759482
-0.148346 0.0759482
-0.146403 0.0817288
-0.146403 0.0817288
-0.14178 0.0803221
-0.14178 0.0803221
-0.147763 0.079096
-0.147763 0.079096
-0.145692 0.0801108
-0.145692 0.0801108
-0.144204 0.0733419
-0.144204 0.0733419
-0.146566 0.0751342
-0.146566 0.0751342
-0.142393 0.0806567
-0.142393 0.0806567
-0.142609 0.0778134
-0.142609 0.0778134
-0.143164 0.0795546
-0.143164 0.0795546
-0.143024 0.0796418
-0.143024 0.0796418
-0.146041 0.0731186
-0.146041 0.0731186
-0.148154 0.0818411
-0.148154 0.0818411
-0.145352 0.0785457
-0.145352 0.0785457
-0.146154 0.0819191
-0.146154 0.0819191
-0.14386 0.0804354
-0.14386 0.0804354
-0.139989 0.0796353
-0.139989 0.0796353
