0
0
0
0
0.00343803
0.00344361
0.00344915
0.00345278
0.00749972
0.00749389
0.00901992
0.00901636
0.00529579
0.00529105
0.00717807
0.00717621
0.00772304
0.00772112
0.00992658
0.00992373
0.00782578
0.00782291
0.011707
0.0117033
0.006299
0.0062959
0.00308958
0.00308333
0.0110654
0.0110626
0.0115396
0.0115356
0.005477
0.00547593
0.00454401
0.00454276
0.00428183
0.00428058
0.00640421
0.00640292
0.0038506
0.00384673
0.00739586
0.00739696
0.00758172
0.00757858
0.00878698
0.00878666
0.00543272
0.00543298
0.00418322
0.00418358
0.00486572
0.00486617
0.00570116
0.00570164
0.00518384
0.00518402
0.00285046
0.00284867
0.00524077
0.00524073
0.00766458
0.00766532
0.00776314
0.00776217
0.00660542
0.00660521
0.00833573
0.00833585
0.0078712
0.00787259
0.0121385
0.01214
0.0102427
0.0102443
0.00985233
0.0098535
0.0117126
0.0117138
0.0132976
0.0132999
0.0101488
0.0101491
0.011326
0.0113249
0.00795101
0.00772924
0.00752446
0.00697278
0.0074384
0.00771873
0.0121411
0.012748
0.0133788
0.0126906
0.0128364
0.0127563
0.00797058
0.00845895
0.014048
0.0148999
0.0161018
0.0170053
0.0164649
0.0170482
0.0134284
0.0145346
0.0117827
0.0131503
0.0171532
0.0181701
0.0147628
0.0175686
0.0130665
0.0174595
0.017274
0.0208852
0.0162971
0.0218658
0.0175454
0.0229018
0.020504
0.0228938
0.020688
0.0238919
0.0229877
0.02853
0.0217103
0.0263315
0.0249051
0.0287785
0.0227387
0.027957
0.0267545
0.0291209
0.0236092
0.0271394
0.0286656
0.0311031
0.0262945
0.0285325
0.024224
0.026881
0.0285834
0.0320975
0.0203055
0.0241696
0.0185608
0.0235814
0.0214235
0.0237583
0.0235284
0.0273
0.0322424
0.0336363
0.0352363
0.0369403
0.0310456
0.0329382
0.0342997
0.0371902
0.0354545
0.0375334
0.0361558
0.0378479
0.0371848
0.0402686
0.0407426
0.0425542
0.0459132
0.047335
0.0434711
0.0452534
0.0511077
0.0519469
0.0506624
0.0517367
0.0433869
0.0442759
0.0498724
0.0511541
0.0469963
0.0477775
0.0465581
0.047366
0.0455467
0.0462753
0.0432996
0.0438266
0.0420898
0.0424401
0.0460636
0.0467963
0.0504263
0.0507824
0.043638
0.0440422
0.0472436
0.0477708
0.0435975
0.0447433
0.0415668
0.0425359
0.0446969
0.0465164
0.0442886
0.0447191
0.0432169
0.0440045
0.0440223
0.0456948
0.044012
0.0450055
0.0479864
0.0491674
0.0422332
0.0429866
0.0507434
0.0512831
0.0465459
0.0474195
0.0434971
0.0446512
0.0441858
0.0450589
0.0449483
0.0465706
0.0464573
0.0475912
0.0433352
0.0449327
0.0413321
0.0432529
0.0414309
0.0435411
0.0396645
0.0405809
0.0431818
0.0450846
0.036169
0.0378756
0.0420543
0.0443452
0.0395223
0.0413121
0.037447
0.039073
0.0406831
0.0427605
0.0347811
0.0362028
0.040364
0.0410439
0.041763
0.0430277
0.0461979
0.0476368
0.0465845
0.0477443
0.0428411
0.0434876
0.0430961
0.0438147
0.0424975
0.043675
0.0433719
0.0454589
0.0476598
0.0496594
0.0429279
0.0461609
0.0449755
0.0463937
0.045833
0.0474084
0.0412442
0.0440644
0.0437058
0.0463021
0.0402709
0.0416907
0.0432308
0.0445423
0.0437814
0.0454192
0.0449154
0.0470689
0.0470822
0.0499335
0.0468514
0.0492429
0.0474135
0.0488925
0.0448318
0.047086
0.0495001
0.0521655
0.0442731
0.0474955
0.0468354
0.048142
0.0490728
0.0504277
0.047829
0.0498125
0.0465697
0.0483847
0.0400296
0.0413794
0.0448516
0.0470834
0.0464288
0.0484861
0.0498326
0.051831
0.0481326
0.0512206
0.0525478
0.0549604
0.05259
0.0552265
0.0519425
0.0550286
0.0461728
0.0495436
0.0533153
0.0552571
0.0474382
0.049944
0.054204
0.0557542
0.0518736
0.0547535
0.0565297
0.0596639
0.0540398
0.056405
0.056889
0.0605036
0.0502163
0.0538599
0.0535797
0.0575594
0.0557392
0.0597832
0.0650943
0.0697318
0.0587859
0.0632712
0.0554835
0.0576763
0.0581874
0.0606679
0.0608448
0.0648308
0.0639499
0.0666323
0.0625868
0.0669775
0.0651952
0.0696138
0.0666434
0.0726951
0.0660372
0.0715062
0.0668747
0.0714045
0.0617697
0.0677314
0.0695569
0.0758094
0.0706561
0.0754482
0.0714061
0.0746266
0.0763314
0.0828929
0.0705988
0.0739525
0.0711765
0.0745013
0.0691784
0.072537
0.0704465
0.073805
0.0745273
0.0778759
0.0765749
0.0796601
0.0715278
0.0763936
0.0731766
0.0764989
0.0648028
0.0697901
0.0684281
0.0717815
0.0708135
0.0758344
0.0701791
0.0768492
0.0625763
0.0693128
0.0672354
0.0739854
0.0658796
0.0692187
0.0631178
0.0692825
0.0632957
0.0699537
0.0674818
0.0741249
0.0646049
0.0695475
0.0706377
0.0771735
0.0689296
0.0754767
0.0711107
0.0744548
0.0709554
0.0743084
0.0697245
0.0730477
0.0723108
0.0772304
0.0732083
0.0778024
0.0790712
0.0823672
0.0735439
0.0768366
0.0780401
0.0813379
0.0713832
0.074722
0.0797833
0.0831094
0.0751228
0.0785109
0.0798487
0.0849766
0.0771232
0.0838329
0.0777304
0.0839662
0.0817505
0.0863832
0.0803567
0.086634
0.086294
0.0923863
0.0909483
0.0967941
0.0977692
0.0985104
0.091566
0.0915736
0.0976401
0.0976514
0.0944909
0.0945015
0.0986953
0.0987067
0.0986486
0.0986544
0.0962905
0.0962963
0.101242
0.101251
0.097514
0.0975649
0.101618
0.101698
0.100196
0.100336
0.10379
0.103898
0.104315
0.104539
0.0969705
0.0973525
0.104772
0.105301
0.105648
0.105821
0.105226
0.105102
0.10353
0.103633
0.106603
0.106724
0.108848
0.108954
0.11798
0.118009
0.120067
0.1201
0.118973
0.118982
0.124285
0.124289
0.124092
0.124094
0.127868
0.127867
0.123214
0.123206
0.129859
0.12984
0.120393
0.120361
0.127983
0.127945
0.128442
0.12839
0.129461
0.12942
0.131571
0.131503
0.135522
0.135462
0.13376
0.133738
0.137075
0.137075
0.137002
0.137002
0.136451
0.136451
0.143025
0.143024
0.130833
0.130833
0.135779
0.135779
0.132242
0.132242
0.131972
0.131972
0.133521
0.133521
0.134743
0.134743
0.130647
0.130647
0.132782
0.132782
0.133294
0.13293
0.134573
0.133558
0.133216
0.131623
0.131594
0.13007
0.132509
0.131136
0.135014
0.133321
0.134255
0.132616
0.133701
0.132082
0.131231
0.130458
0.12712
0.126394
0.137264
0.136457
0.141453
0.140256
0.138127
0.136958
0.131746
0.129946
0.135048
0.132727
0.141416
0.139367
0.134644
0.132516
0.137075
0.134358
0.144157
0.141965
0.138884
0.136803
0.135321
0.133389
0.134385
0.131855
0.135505
0.132534
0.134382
0.131538
0.134891
0.133654
0.135336
0.133948
0.136471
0.134748
0.136813
0.133305
0.135064
0.133284
0.139558
0.137891
0.141674
0.139942
0.138028
0.136336
0.140104
0.138428
0.133683
0.132043
0.137486
0.134913
0.132091
0.12855
0.136462
0.132639
0.135306
0.132664
0.132572
0.129049
0.137758
0.134386
0.127407
0.123906
0.132661
0.129164
0.137653
0.134148
0.133565
0.129908
0.130709
0.128784
0.128975
0.126045
0.137529
0.135549
0.128189
0.125274
0.134267
0.132306
0.133403
0.129639
0.138527
0.134918
0.136696
0.134054
0.14129
0.139369
0.138477
0.13665
0.141517
0.137739
0.144261
0.142447
0.143327
0.140334
0.138517
0.135636
0.137086
0.13397
0.140135
0.137355
0.142363
0.140492
0.141758
0.139644
0.138392
0.135422
0.146103
0.141943
0.151154
0.146925
0.145451
0.140996
0.143661
0.140102
0.145258
0.140091
0.144083
0.138743
0.140893
0.137023
0.149092
0.143288
0.155276
0.152396
0.150535
0.147527
0.151286
0.14815
0.151817
0.148545
0.154591
0.15127
0.152087
0.145173
0.149509
0.144193
0.152759
0.147424
0.149313
0.145689
0.148463
0.144718
0.156135
0.150836
0.15739
0.153518
0.154739
0.150812
0.153491
0.149563
0.155442
0.14969
0.155362
0.151371
0.15482
0.148794
0.158419
0.152333
0.164038
0.155825
0.154799
0.146509
0.154959
0.146809
0.155902
0.149869
0.155612
0.14758
0.159826
0.151661
0.160131
0.151953
0.155574
0.151436
0.158061
0.149836
0.158066
0.154096
0.165844
0.159921
0.159868
0.155942
0.152846
0.148895
0.152021
0.146085
0.161496
0.153732
0.157481
0.149614
0.156373
0.148501
0.158407
0.152515
0.161243
0.153479
0.154087
0.144092
0.152144
0.140325
0.152157
0.145596
0.146206
0.135666
0.14954
0.14202
0.154311
0.141966
0.154577
0.140606
0.147563
0.12779
0.151778
0.141581
0.162855
0.14194
0.151665
0.135978
0.154775
0.134066
0.15611
0.135429
0.162082
0.141315
0.159795
0.138913
0.159355
0.138542
0.158732
0.148203
0.153025
0.132242
0.15028
0.13462
0.156377
0.145805
0.159091
0.1434
0.161129
0.135034
0.162045
0.141069
0.159138
0.138125
0.159623
0.138768
0.160577
0.139656
0.154784
0.13894
0.161092
0.140295
0.158445
0.142656
0.15555
0.139758
0.160494
0.144638
0.153655
0.132867
0.151601
0.140982
0.154825
0.144302
0.157426
0.141755
0.151082
0.1405
0.15082
0.140224
0.151762
0.141239
0.157822
0.147248
0.154832
0.144302
0.157465
0.136487
0.158972
0.138096
0.161202
0.145402
0.16265
0.141691
0.160279
0.139394
0.158454
0.137479
0.155945
0.140249
0.160017
0.139224
0.156026
0.140232
0.15288
0.131776
0.156171
0.145736
0.160939
0.145126
0.15786
0.142066
0.165399
0.144528
0.160887
0.145055
0.164913
0.149089
0.161267
0.145512
0.160197
0.144583
0.164877
0.143973
0.152454
0.131398
0.154582
0.144122
0.15554
0.145015
0.162414
0.146653
0.14583
0.135449
0.1549
0.144323
0.151083
0.135262
0.153087
0.137369
0.158903
0.143177
0.151782
0.136087
0.152983
0.131976
0.156376
0.140734
0.16534
0.144343
0.158791
0.143006
0.166905
0.14613
0.155918
0.145349
0.155946
0.145475
0.157859
0.147399
0.160211
0.149581
0.167572
0.151816
0.162446
0.141395
0.154511
0.143865
0.163323
0.147445
0.159401
0.143542
0.158504
0.153784
0.155563
0.152519
0.152177
0.15217
0.15275
0.152747
0.151558
0.151557
0.160761
0.160759
0.15827
0.158268
0.160941
0.160915
0.155661
0.155473
0.158129
0.157933
0.153555
0.153617
0.156486
0.156601
0.155507
0.155659
0.156992
0.156943
0.153726
0.153599
0.155171
0.155045
0.155213
0.155088
0.154107
0.154033
0.148004
0.147436
0.152816
0.152545
0.154385
0.154293
0.151035
0.150942
0.152029
0.151939
0.152337
0.152197
0.151572
0.15143
0.150185
0.150051
0.141728
0.141592
0.148447
0.148305
0.144999
0.144867
0.138855
0.138685
0.14324
0.143073
0.141251
0.141093
0.139759
0.139674
0.133841
0.133771
0.139347
0.139278
0.136023
0.135932
0.13278
0.132726
0.137219
0.137187
0.130394
0.130386
0.13668
0.136697
0.140776
0.140793
0.136918
0.13693
0.134204
0.134217
0.139211
0.139229
0.129898
0.129912
0.138921
0.1385
0.14138
0.140204
0.136162
0.134976
0.139046
0.137823
0.137942
0.136468
0.132976
0.131965
0.140402
0.139351
0.141586
0.140501
0.140554
0.139284
0.143078
0.141848
0.139415
0.137826
0.144282
0.142995
0.145762
0.144603
0.13918
0.138017
0.141147
0.139997
0.141341
0.140239
0.140636
0.139481
0.141778
0.140156
0.137676
0.135727
0.13785
0.136457
0.135933
0.134493
0.138197
0.136666
0.140032
0.138244
0.141498
0.140764
0.139989
0.138262
0.13655
0.135729
0.136897
0.136068
0.138447
0.136865
0.13198
0.131261
0.134852
0.133789
0.136226
0.135676
0.133487
0.132689
0.12796
0.1275
0.134197
0.133778
0.127397
0.12664
0.128901
0.128047
0.129615
0.128868
0.124006
0.123705
0.123773
0.123292
0.122092
0.12158
0.118837
0.118565
0.12015
0.119841
0.123677
0.123648
0.123614
0.123761
0.115228
0.115437
0.118299
0.11869
0.114416
0.114818
0.123911
0.124464
0.118837
0.119717
0.115278
0.116075
0.116373
0.117166
0.117579
0.118173
0.116686
0.117299
0.116405
0.117067
0.117682
0.118212
0.115011
0.115591
0.119079
0.119623
0.110342
0.110744
0.116505
0.117101
0.114568
0.115104
0.114183
0.114609
0.112507
0.11289
0.118837
0.119237
0.106664
0.107075
0.108672
0.109532
0.110233
0.110602
0.109274
0.109908
0.112871
0.113586
0.1155
0.116279
0.111154
0.11161
0.10959
0.110199
0.112721
0.113229
0.111512
0.112178
0.117712
0.118217
0.114537
0.114995
0.112869
0.113774
0.10852
0.10957
0.116874
0.117378
0.110472
0.111086
0.106588
0.107617
0.11236
0.113579
0.109361
0.110669
0.104553
0.105343
0.112897
0.113962
0.112345
0.114049
0.107914
0.109271
0.110788
0.111998
0.112988
0.114645
0.111242
0.112211
0.105594
0.106499
0.107032
0.108091
0.107065
0.108584
0.0981362
0.0995444
0.0995899
0.100958
0.100264
0.101579
0.100777
0.102934
0.101748
0.10367
0.103842
0.105343
0.0992772
0.101078
0.101192
0.102881
0.105707
0.108193
0.101681
0.105117
0.102533
0.105876
0.102515
0.10554
0.103246
0.105754
0.106353
0.108884
0.101117
0.104419
0.10115
0.104355
0.105705
0.109135
0.103404
0.106898
0.0959782
0.0977347
0.10176
0.104515
0.101071
0.1045
0.102423
0.104762
0.102953
0.105405
0.102083
0.105666
0.103367
0.106644
0.0988322
0.104137
0.101668
0.105592
0.0947953
0.100842
0.0962401
0.0991056
0.103165
0.106259
0.0963715
0.0995381
0.098433
0.101514
0.0969658
0.101023
0.102274
0.105187
0.0923021
0.0970687
0.106169
0.109474
0.0998441
0.10305
0.0978746
0.101329
0.0983655
0.103975
0.0956135
0.103004
0.0925222
0.0995377
0.0925847
0.100028
0.0921159
0.099643
0.0973483
0.102847
0.0949886
0.102629
0.0944691
0.101961
0.100259
0.108091
0.0989645
0.102729
0.0912549
0.0951199
0.0973306
0.103431
0.0960783
0.104508
0.0968562
0.105151
0.0936469
0.0978331
0.100902
0.107299
0.0964062
0.104668
0.0948566
0.101268
0.0956678
0.102168
0.104647
0.111164
0.0980346
0.102368
0.0938678
0.0983115
0.0974154
0.104089
0.100908
0.107339
0.0972993
0.107349
0.0936344
0.104469
0.101076
0.11237
0.101336
0.112749
0.0999724
0.112408
0.0993595
0.109436
0.0921612
0.106483
0.0994492
0.107548
0.100577
0.108971
0.0982337
0.106398
0.105483
0.113912
0.0993696
0.107926
0.107272
0.115845
0.0961946
0.108859
0.0968161
0.105323
0.0948324
0.107525
0.098303
0.115165
0.0963649
0.113293
0.100128
0.112909
0.102234
0.114988
0.0979796
0.114983
0.0929757
0.109811
0.0973053
0.114338
0.0955917
0.10837
0.0943353
0.111392
0.0945903
0.111755
0.10254
0.111214
0.101459
0.110204
0.0992799
0.108019
0.0967043
0.109745
0.0983352
0.107118
0.0939306
0.10695
0.101413
0.114336
0.0942044
0.107271
0.102055
0.11071
0.104434
0.113003
0.107394
0.115944
0.0998336
0.112822
0.100679
0.11376
0.0997616
0.105275
0.100783
0.100841
0.0992864
0.0993252
0.100604
0.100643
0.101632
0.101671
0.0981396
0.0981786
0.0986664
0.098725
0.101022
0.101119
0.0997633
0.0998414
0.102657
0.102715
0.0986292
0.0987073
0.102024
0.102064
0.0990725
0.0991317
0.0966812
0.0967209
0.0999198
0.0999596
0.101926
0.101986
0.0998475
0.0998874
0.101714
0.101774
0.0992827
0.0993222
0.0996209
0.0996607
0.098242
0.0983024
0.102492
0.102572
0.0980095
0.0980697
0.102293
0.102373
0.094985
0.0950656
0.101501
0.101562
0.0990458
0.0991265
0.10241
0.102491
0.098264
0.0983449
0.0997652
0.099806
0.102467
0.102508
0.10376
0.103801
0.100296
0.100358
0.103006
0.103067
0.102513
0.102575
0.102316
0.102378
0.100241
0.100303
0.0957565
0.0958387
0.101904
0.101986
0.0999202
0.100003
0.0990335
0.0990961
0.101327
0.10141
0.0970028
0.0970648
0.0974421
0.0975252
0.0980591
0.0981008
0.0980408
0.0980826
0.101629
0.101672
0.103363
0.103425
0.100789
0.100831
0.101612
0.101654
0.0994752
0.0995377
0.0957578
0.0957998
