0 0
0 0
0 0
0 0
0 0
0 0
0 0
0 0
-0.00935411 -0.00480853
-0.00935411 -0.00480853
-0.0123786 -0.00155651
-0.0123786 -0.00155651
-0.00818901 -0.00259319
-0.00818901 -0.00259319
-0.00715945 -0.0063468
-0.00715945 -0.0063468
-0.00766046 -0.00668442
-0.00766046 -0.00668442
-0.0117927 -0.00564575
-0.0117927 -0.00564575
-0.0102109 -0.00423324
-0.0102109 -0.00423324
-0.0122645 -0.00797155
-0.0122645 -0.00797155
-0.00647619 -0.00575102
-0.00647619 -0.00575102
-0.00663248 -0.00022845
-0.00663248 -0.00022845
-0.0102488 -0.00899252
-0.0102488 -0.00899252
-0.011017 -0.00899029
-0.011017 -0.00899029
-0.00547078 -0.00532049
-0.00547078 -0.00532049
-0.00545877 -0.00432132
-0.00545877 -0.00432132
-0.00443341 -0.00438042
-0.00443341 -0.00438042
-0.00542037 -0.00632216
-0.00542037 -0.00632216
-0.00622519 -0.00300545
-0.00622519 -0.00300545
-0.00201915 -0.00740505
-0.00201915 -0.00740505
-0.00791869 -0.0064303
-0.00791869 -0.0064303
-0.00404276 -0.00896078
-0.00404276 -0.00896078
-0.00302414 -0.00558131
-0.00302414 -0.00558131
-0.00302356 -0.0043201
-0.00302356 -0.0043201
-0.00303031 -0.00500934
-0.00303031 -0.00500934
-0.00288297 -0.00583158
-0.00288297 -0.00583158
-0.00325164 -0.00535082
-0.00325164 -0.00535082
-0.00509497 -0.00265626
-0.00509497 -0.00265626
-0.00374948 -0.00542434
-0.00374948 -0.00542434
-0.00120773 -0.00743499
-0.00120773 -0.00743499
-0.00706636 -0.00717846
-0.00706636 -0.00717846
-0.00416154 -0.00677363
-0.00416154 -0.00677363
-0.00329829 -0.00850941
-0.00329829 -0.00850941
-0.000254649 -0.00725289
-0.000254649 -0.00725289
0.000634932 -0.0115132
0.000634932 -0.0115132
0.000206421 -0.00964037
0.000206421 -0.00964037
-0.000924393 -0.0096267
-0.000924393 -0.0096267
0.000981021 -0.010902
0.000981021 -0.010902
0.00450895 -0.0106088
0.00450895 -0.0106088
-0.00288018 -0.0102944
-0.00288018 -0.0102944
0.000231928 -0.0107571
0.000231928 -0.0107571
-0.00108782 -0.00776579
-0.00108782 -0.00776579
0.00353195 -0.00690732
0.00353195 -0.00690732
0.00628133 -0.0074104
0.00628133 -0.0074104
0.0102498 -0.0120024
0.0102498 -0.0120024
0.0217618 -0.0123165
0.0217618 -0.0123165
0.0256338 -0.0124051
0.0256338 -0.0124051
0.029135 -0.00756577
0.029135 -0.00756577
0.0308835 -0.0126378
0.0308835 -0.0126378
0.0386099 -0.0151546
0.0386099 -0.0151546
0.0453027 -0.0155063
0.0453027 -0.0155063
0.0515562 -0.011899
0.0515562 -0.011899
0.0590667 -0.00977312
0.0590667 -0.00977312
0.0669663 -0.0152568
0.0669663 -0.0152568
0.0736098 -0.0118249
0.0736098 -0.0118249
0.0817997 -0.00973295
0.0817997 -0.00973295
0.0886474 -0.0114528
0.0886474 -0.0114528
0.0954103 -0.00837038
0.0954103 -0.00837038
0.105052 -0.00983551
0.105052 -0.00983551
0.120325 -0.0168511
0.120325 -0.0168511
0.126386 -0.0148199
0.126386 -0.0148199
0.130097 -0.0120051
0.130097 -0.0120051
0.145063 -0.0146931
0.145063 -0.0146931
0.156368 -0.0189923
0.156368 -0.0189923
0.163973 -0.0130621
0.163973 -0.0130621
0.172358 -0.0167314
0.172358 -0.0167314
0.182185 -0.0137231
0.182185 -0.0137231
0.189558 -0.0167016
0.189558 -0.0167016
0.209972 -0.0204381
0.209972 -0.0204381
0.212195 -0.0109662
0.212195 -0.0109662
0.220807 -0.0173084
0.220807 -0.0173084
0.233198 -0.00961345
0.233198 -0.00961345
0.245429 -0.0090294
0.245429 -0.0090294
0.255934 -0.011419
0.255934 -0.011419
0.263758 -0.0119192
0.263758 -0.0119192
0.277456 -0.0243276
0.277456 -0.0243276
0.280613 -0.0245274
0.280613 -0.0245274
0.291307 -0.0206759
0.291307 -0.0206759
0.30383 -0.0273454
0.30383 -0.0273454
0.312121 -0.0292716
0.312121 -0.0292716
0.318564 -0.0286998
0.318564 -0.0286998
0.326383 -0.0325996
0.326383 -0.0325996
0.335757 -0.0393856
0.335757 -0.0393856
0.347285 -0.0496895
0.347285 -0.0496895
0.352119 -0.0467476
0.352119 -0.0467476
0.36279 -0.0610281
0.36279 -0.0610281
0.364025 -0.0587403
0.364025 -0.0587403
0.379281 -0.0592009
0.379281 -0.0592009
0.382922 -0.0684811
0.382922 -0.0684811
0.399853 -0.0755477
0.399853 -0.0755477
0.407753 -0.0790385
0.407753 -0.0790385
0.412926 -0.0798493
0.412926 -0.0798493
0.42557 -0.0850543
0.42557 -0.0850543
0.436558 -0.0900791
0.436558 -0.0900791
0.438662 -0.0950106
0.438662 -0.0950106
0.449115 -0.106617
0.449115 -0.106617
0.46342 -0.106966
0.46342 -0.106966
0.466445 -0.112385
0.466445 -0.112385
0.475611 -0.112965
0.475611 -0.112965
0.487003 -0.117293
0.487003 -0.117293
0.490056 -0.121934
0.490056 -0.121934
0.506074 -0.131421
0.506074 -0.131421
0.512785 -0.133931
0.512785 -0.133931
0.515669 -0.135614
0.515669 -0.135614
0.525707 -0.141797
0.525707 -0.141797
0.533163 -0.150846
0.533163 -0.150846
0.544077 -0.149943
0.544077 -0.149943
0.549606 -0.163286
0.549606 -0.163286
0.559689 -0.164293
0.559689 -0.164293
0.569889 -0.166227
0.569889 -0.166227
0.577886 -0.170997
0.577886 -0.170997
0.582194 -0.173262
0.582194 -0.173262
0.591168 -0.181437
0.591168 -0.181437
0.598989 -0.181506
0.598989 -0.181506
0.610266 -0.186494
0.610266 -0.186494
0.617907 -0.190807
0.617907 -0.190807
0.633697 -0.199459
0.633697 -0.199459
0.634897 -0.203133
0.634897 -0.203133
0.64662 -0.20138
0.64662 -0.20138
0.651258 -0.210737
0.651258 -0.210737
0.661017 -0.213234
0.661017 -0.213234
0.675093 -0.220559
0.675093 -0.220559
0.677744 -0.224497
0.677744 -0.224497
0.692771 -0.227394
0.692771 -0.227394
0.698646 -0.23771
0.698646 -0.23771
0.701005 -0.238489
0.701005 -0.238489
0.708088 -0.24937
0.708088 -0.24937
0.718392 -0.25668
0.718392 -0.25668
0.731762 -0.260626
0.731762 -0.260626
0.739524 -0.265382
0.739524 -0.265382
0.744305 -0.265826
0.744305 -0.265826
0.750762 -0.269678
0.750762 -0.269678
0.757597 -0.280148
0.757597 -0.280148
0.76406 -0.275455
0.76406 -0.275455
0.776524 -0.288963
0.776524 -0.288963
0.783165 -0.293628
0.783165 -0.293628
0.792385 -0.292614
0.792385 -0.292614
0.801397 -0.301558
0.801397 -0.301558
0.810831 -0.302348
0.810831 -0.302348
0.8179 -0.310546
0.8179 -0.310546
0.827119 -0.318199
0.827119 -0.318199
0.833062 -0.321136
0.833062 -0.321136
0.838358 -0.326605
0.838358 -0.326605
0.84829 -0.333577
0.84829 -0.333577
0.855663 -0.336444
0.855663 -0.336444
0.863209 -0.338347
0.863209 -0.338347
0.870015 -0.349612
0.870015 -0.349612
0.881827 -0.349551
0.881827 -0.349551
0.890026 -0.358983
0.890026 -0.358983
0.896284 -0.36504
0.896284 -0.36504
0.905183 -0.36979
0.905183 -0.36979
0.917292 -0.376664
0.917292 -0.376664
0.929487 -0.37605
0.929487 -0.37605
0.931312 -0.380252
0.931312 -0.380252
0.940078 -0.389436
0.940078 -0.389436
0.945146 -0.396077
0.945146 -0.396077
0.952427 -0.398159
0.952427 -0.398159
0.957387 -0.405086
0.957387 -0.405086
0.964425 -0.408144
0.964425 -0.408144
0.974444 -0.416459
0.974444 -0.416459
0.983827 -0.408419
0.983827 -0.408419
0.987574 -0.421416
0.987574 -0.421416
1.00247 -0.428276
1.00247 -0.428276
1.0059 -0.436919
1.0059 -0.436919
1.01347 -0.436289
1.01347 -0.436289
1.0194 -0.449085
1.0194 -0.449085
1.02937 -0.452704
1.02937 -0.452704
1.03321 -0.455884
1.03321 -0.455884
1.0476 -0.458626
1.0476 -0.458626
1.0519 -0.463282
1.0519 -0.463282
1.059 -0.470385
1.059 -0.470385
1.05674 -0.473183
1.05674 -0.473183
1.07146 -0.475147
1.07146 -0.475147
1.08688 -0.483817
1.08688 -0.483817
1.09131 -0.483636
1.09131 -0.483636
1.09709 -0.485177
1.09709 -0.485177
1.10409 -0.490465
1.10409 -0.490465
1.11271 -0.485738
1.11271 -0.485738
1.12016 -0.489841
1.12016 -0.489841
1.12649 -0.490443
1.12649 -0.490443
1.13663 -0.491462
1.13663 -0.491462
1.14452 -0.492051
1.14452 -0.492051
1.16044 -0.496158
1.16044 -0.496158
1.16017 -0.490087
1.16017 -0.490087
1.16932 -0.48454
1.16932 -0.48454
1.17873 -0.487607
1.17873 -0.487607
1.18402 -0.490124
1.18402 -0.490124
1.19871 -0.484005
1.19871 -0.484005
1.20814 -0.48303
1.20814 -0.48303
1.21986 -0.48062
1.21986 -0.48062
1.22853 -0.47939
1.22853 -0.47939
1.23433 -0.478085
1.23433 -0.478085
1.24271 -0.480075
1.24271 -0.480075
1.25509 -0.477637
1.25509 -0.477637
1.26517 -0.477889
1.26517 -0.477889
1.28272 -0.472379
1.28272 -0.472379
1.28926 -0.472654
1.28926 -0.472654
1.29611 -0.467576
1.29611 -0.467576
1.30577 -0.470251
1.30577 -0.470251
1.32263 -0.464413
1.32263 -0.464413
1.32922 -0.468984
1.32922 -0.468984
1.34319 -0.463148
1.34319 -0.463148
1.35306 -0.464156
1.35306 -0.464156
1.36147 -0.459263
1.36147 -0.459263
1.36808 -0.462877
1.36808 -0.462877
1.38078 -0.460856
1.38078 -0.460856
1.38568 -0.465049
1.38568 -0.465049
1.39764 -0.465204
1.39764 -0.465204
1.40621 -0.460893
1.40621 -0.460893
1.41622 -0.45919
1.41622 -0.45919
1.42724 -0.457015
1.42724 -0.457015
1.43366 -0.460192
1.43366 -0.460192
1.44212 -0.457245
1.44212 -0.457245
1.44693 -0.455097
1.44693 -0.455097
1.4627 -0.45634
1.4627 -0.45634
1.46852 -0.458307
1.46852 -0.458307
1.4842 -0.451938
1.4842 -0.451938
1.48697 -0.458487
1.48697 -0.458487
1.50296 -0.454777
1.50296 -0.454777
1.50756 -0.458197
1.50756 -0.458197
1.52039 -0.462719
1.52039 -0.462719
1.53025 -0.462877
1.53025 -0.462877
1.53693 -0.466696
1.53693 -0.466696
1.54713 -0.463341
1.54713 -0.463341
1.55198 -0.468545
1.55198 -0.468545
1.55805 -0.474066
1.55805 -0.474066
1.56292 -0.480593
1.56292 -0.480593
1.57084 -0.482624
1.57084 -0.482624
1.56365 -0.479923
1.56365 -0.479923
1.56938 -0.487089
1.56938 -0.487089
1.56322 -0.482087
1.56322 -0.482087
1.56351 -0.482783
1.56351 -0.482783
1.56623 -0.483477
1.56623 -0.483477
1.56279 -0.488568
1.56279 -0.488568
1.56864 -0.492979
1.56864 -0.492979
1.56311 -0.489907
1.56311 -0.489907
1.56315 -0.485156
1.56315 -0.485156
1.56078 -0.4882
1.56078 -0.4882
1.56274 -0.494167
1.56274 -0.494167
1.56758 -0.485168
1.56758 -0.485168
1.55977 -0.484054
1.55977 -0.484054
1.55963 -0.484264
1.55963 -0.484264
1.56105 -0.487006
1.56105 -0.487006
1.56396 -0.490825
1.56396 -0.490825
1.56018 -0.488614
1.56018 -0.488614
1.55783 -0.488003
1.55783 -0.488003
1.55317 -0.501766
1.55317 -0.501766
1.55083 -0.501354
1.55083 -0.501354
1.55385 -0.505649
1.55385 -0.505649
1.54693 -0.502703
1.54693 -0.502703
1.54754 -0.503721
1.54754 -0.503721
1.54588 -0.509552
1.54588 -0.509552
1.54871 -0.504283
1.54871 -0.504283
1.54294 -0.507786
1.54294 -0.507786
1.55257 -0.506373
1.55257 -0.506373
1.54468 -0.507294
1.54468 -0.507294
1.54524 -0.510012
1.54524 -0.510012
1.54281 -0.506934
1.54281 -0.506934
1.54142 -0.509398
1.54142 -0.509398
1.53753 -0.510643
1.53753 -0.510643
1.53944 -0.510969
1.53944 -0.510969
1.53887 -0.518178
1.53887 -0.518178
1.53628 -0.511909
1.53628 -0.511909
1.53706 -0.512362
1.53706 -0.512362
1.53268 -0.518913
1.53268 -0.518913
1.54155 -0.508428
1.54155 -0.508428
1.53679 -0.509838
1.53679 -0.509838
1.54015 -0.508715
1.54015 -0.508715
1.54112 -0.51045
1.54112 -0.51045
1.54025 -0.512432
1.54025 -0.512432
1.539 -0.512604
1.539 -0.512604
1.54141 -0.507536
1.54141 -0.507536
1.54122 -0.512831
1.54122 -0.512831
1.53824 -0.506756
1.53824 -0.506756
1.5391 -0.514717
1.5391 -0.514717
1.54078 -0.519762
1.54078 -0.519762
1.54006 -0.520052
1.54006 -0.520052
1.5429 -0.535797
1.5429 -0.535797
1.5385 -0.538741
1.5385 -0.538741
1.53823 -0.542817
1.53823 -0.542817
1.53851 -0.548732
1.53851 -0.548732
1.53909 -0.551165
1.53909 -0.551165
1.54163 -0.552783
1.54163 -0.552783
1.53398 -0.567889
1.53398 -0.567889
1.52999 -0.574684
1.52999 -0.574684
1.53245 -0.57947
1.53245 -0.57947
1.5399 -0.586183
1.5399 -0.586183
1.53755 -0.596275
1.53755 -0.596275
1.52909 -0.603983
1.52909 -0.603983
1.53563 -0.613248
1.53563 -0.613248
1.5321 -0.620513
1.5321 -0.620513
1.52622 -0.637988
1.52622 -0.637988
1.52921 -0.642886
1.52921 -0.642886
1.53059 -0.648136
1.53059 -0.648136
1.53101 -0.656114
1.53101 -0.656114
1.53326 -0.675649
1.53326 -0.675649
1.53247 -0.684124
1.53247 -0.684124
1.52882 -0.687646
1.52882 -0.687646
1.52866 -0.699266
1.52866 -0.699266
1.52795 -0.713133
1.52795 -0.713133
1.52818 -0.725997
1.52818 -0.725997
1.52823 -0.737814
1.52823 -0.737814
1.52168 -0.747636
1.52168 -0.747636
1.52005 -0.763164
1.52005 -0.763164
1.52215 -0.772512
1.52215 -0.772512
1.51933 -0.784902
1.51933 -0.784902
1.5254 -0.796416
1.5254 -0.796416
1.52082 -0.808507
1.52082 -0.808507
1.52619 -0.818995
1.52619 -0.818995
1.52332 -0.83707
1.52332 -0.83707
1.52064 -0.842321
1.52064 -0.842321
1.52279 -0.854551
1.52279 -0.854551
1.51611 -0.866148
1.51611 -0.866148
1.52587 -0.876662
1.52587 -0.876662
1.52027 -0.890881
1.52027 -0.890881
1.51618 -0.907544
1.51618 -0.907544
1.51819 -0.915489
1.51819 -0.915489
1.51999 -0.929005
1.51999 -0.929005
1.52135 -0.941985
1.52135 -0.941985
1.51241 -0.957275
1.51241 -0.957275
1.52017 -0.966025
1.52017 -0.966025
1.51368 -0.982947
1.51368 -0.982947
1.51311 -0.989077
1.51311 -0.989077
1.50698 -1.00207
1.50698 -1.00207
1.50567 -1.01025
1.50567 -1.01025
1.50183 -1.0249
1.50183 -1.0249
1.50162 -1.03678
1.50162 -1.03678
1.49898 -1.05056
1.49898 -1.05056
1.49344 -1.05925
1.49344 -1.05925
1.49707 -1.07738
1.49707 -1.07738
1.49908 -1.08468
1.49908 -1.08468
1.50205 -1.10182
1.50205 -1.10182
1.49663 -1.11412
1.49663 -1.11412
1.49031 -1.1217
1.49031 -1.1217
1.49358 -1.14199
1.49358 -1.14199
1.49305 -1.14526
1.49305 -1.14526
1.48673 -1.16229
1.48673 -1.16229
1.48172 -1.17838
1.48172 -1.17838
1.48326 -1.18331
1.48326 -1.18331
1.48185 -1.19545
1.48185 -1.19545
1.48028 -1.2105
1.48028 -1.2105
1.47743 -1.2202
1.47743 -1.2202
1.47526 -1.23057
1.47526 -1.23057
1.46368 -1.24407
1.46368 -1.24407
1.45116 -1.25274
1.45116 -1.25274
1.44963 -1.25989
1.44963 -1.25989
1.4435 -1.27141
1.4435 -1.27141
1.43728 -1.28308
1.43728 -1.28308
1.42667 -1.29065
1.42667 -1.29065
1.42261 -1.30149
1.42261 -1.30149
1.41818 -1.312
1.41818 -1.312
1.40812 -1.32432
1.40812 -1.32432
1.4012 -1.32667
1.4012 -1.32667
1.39496 -1.33896
1.39496 -1.33896
1.38011 -1.34771
1.38011 -1.34771
1.36812 -1.35531
1.36812 -1.35531
1.36055 -1.3608
1.36055 -1.3608
1.35062 -1.36414
1.35062 -1.36414
1.34147 -1.3735
1.34147 -1.3735
1.32848 -1.37741
1.32848 -1.37741
1.31773 -1.38129
1.31773 -1.38129
1.30265 -1.38557
1.30265 -1.38557
1.28901 -1.3953
1.28901 -1.3953
1.28807 -1.40265
1.28807 -1.40265
1.27485 -1.40278
1.27485 -1.40278
1.26224 -1.40593
1.26224 -1.40593
1.24912 -1.40271
1.24912 -1.40271
1.2336 -1.408
1.2336 -1.408
1.22201 -1.41339
1.22201 -1.41339
1.21081 -1.40921
1.21081 -1.40921
1.19627 -1.41216
1.19627 -1.41216
1.18461 -1.41601
1.18461 -1.41601
1.16638 -1.41561
1.16638 -1.41561
1.15837 -1.41555
1.15837 -1.41555
1.15271 -1.41228
1.15271 -1.41228
1.14054 -1.40816
1.14054 -1.40816
1.12348 -1.4201
1.12348 -1.4201
1.11357 -1.41203
1.11357 -1.41203
1.1026 -1.41208
1.1026 -1.41208
1.08617 -1.41089
1.08617 -1.41089
1.07524 -1.41922
1.07524 -1.41922
1.07012 -1.41954
1.07012 -1.41954
1.05245 -1.41565
1.05245 -1.41565
1.03428 -1.4171
1.03428 -1.4171
1.01863 -1.41027
1.01863 -1.41027
0.995569 -1.42087
0.995569 -1.42087
0.97124 -1.42068
0.97124 -1.42068
0.941606 -1.42595
0.941606 -1.42595
0.924078 -1.42455
0.924078 -1.42455
0.878861 -1.42863
0.878861 -1.42863
0.845698 -1.42708
0.845698 -1.42708
0.819924 -1.42893
0.819924 -1.42893
0.79049 -1.43219
0.79049 -1.43219
0.758312 -1.43756
0.758312 -1.43756
0.720282 -1.43964
0.720282 -1.43964
0.689368 -1.43627
0.689368 -1.43627
0.658191 -1.43876
0.658191 -1.43876
0.621825 -1.44149
0.621825 -1.44149
0.597064 -1.44806
0.597064 -1.44806
0.565614 -1.44057
0.565614 -1.44057
0.527605 -1.44285
0.527605 -1.44285
0.49917 -1.4488
0.49917 -1.4488
0.468634 -1.44251
0.468634 -1.44251
0.431461 -1.44844
0.431461 -1.44844
0.402104 -1.44862
0.402104 -1.44862
0.369924 -1.45181
0.369924 -1.45181
0.337575 -1.45545
0.337575 -1.45545
0.310348 -1.45175
0.310348 -1.45175
0.274357 -1.46422
0.274357 -1.46422
0.243133 -1.45701
0.243133 -1.45701
0.214718 -1.46141
0.214718 -1.46141
0.177023 -1.46023
0.177023 -1.46023
0.153008 -1.46636
0.153008 -1.46636
0.117 -1.46393
0.117 -1.46393
0.0836501 -1.47426
0.0836501 -1.47426
0.052666 -1.46893
0.052666 -1.46893
0.0224981 -1.47295
0.0224981 -1.47295
-0.00946861 -1.47381
-0.00946861 -1.47381
-0.0419955 -1.47765
-0.0419955 -1.47765
-0.0797102 -1.48083
-0.0797102 -1.48083
-0.107687 -1.48666
-0.107687 -1.48666
-0.138062 -1.48435
-0.138062 -1.48435
-0.170448 -1.49045
-0.170448 -1.49045
-0.20511 -1.49069
-0.20511 -1.49069
-0.238203 -1.49439
-0.238203 -1.49439
-0.268351 -1.49353
-0.268351 -1.49353
-0.297785 -1.49786
-0.297785 -1.49786
-0.33158 -1.50381
-0.33158 -1.50381
-0.363266 -1.50244
-0.363266 -1.50244
-0.396505 -1.50363
-0.396505 -1.50363
-0.424918 -1.50718
-0.424918 -1.50718
-0.459062 -1.5141
-0.459062 -1.5141
-0.492131 -1.50916
-0.492131 -1.50916
-0.525781 -1.51362
-0.525781 -1.51362
-0.558911 -1.52089
-0.558911 -1.52089
-0.593208 -1.51542
-0.593208 -1.51542
-0.623063 -1.52154
-0.623063 -1.52154
-0.650659 -1.52642
-0.650659 -1.52642
-0.68101 -1.53033
-0.68101 -1.53033
-0.717247 -1.53431
-0.717247 -1.53431
-0.742528 -1.53369
-0.742528 -1.53369
-0.777337 -1.53323
-0.777337 -1.53323
-0.808745 -1.54095
-0.808745 -1.54095
-0.842915 -1.54156
-0.842915 -1.54156
-0.86236 -1.54652
-0.86236 -1.54652
-0.904816 -1.54404
-0.904816 -1.54404
-0.933431 -1.54401
-0.933431 -1.54401
-0.966679 -1.54966
-0.966679 -1.54966
-1.00359 -1.55543
-1.00359 -1.55543
-1.02786 -1.55898
-1.02786 -1.55898
-1.05709 -1.55603
-1.05709 -1.55603
-1.09567 -1.56649
-1.09567 -1.56649
-1.13232 -1.56583
-1.13232 -1.56583
-1.15784 -1.56713
-1.15784 -1.56713
-1.19729 -1.57304
-1.19729 -1.57304
-1.22362 -1.57348
-1.22362 -1.57348
-1.25356 -1.58329
-1.25356 -1.58329
-1.28939 -1.57915
-1.28939 -1.57915
-1.32474 -1.57667
-1.32474 -1.57667
-1.35677 -1.58806
-1.35677 -1.58806
-1.38575 -1.5809
-1.38575 -1.5809
-1.41524 -1.58108
-1.41524 -1.58108
-1.44973 -1.58888
-1.44973 -1.58888
-1.4776 -1.59178
-1.4776 -1.59178
-1.50925 -1.5931
-1.50925 -1.5931
-1.51694 -1.59002
-1.51694 -1.59002
-1.51894 -1.58299
-1.51894 -1.58299
-1.51852 -1.58871
-1.51852 -1.58871
-1.51774 -1.58646
-1.51774 -1.58646
-1.52768 -1.58282
-1.52768 -1.58282
-1.52478 -1.5852
-1.52478 -1.5852
-1.52712 -1.58737
-1.52712 -1.58737
-1.52207 -1.58593
-1.52207 -1.58593
-1.52441 -1.58847
-1.52441 -1.58847
-1.52169 -1.57837
-1.52169 -1.57837
-1.5239 -1.58256
-1.5239 -1.58256
-1.52253 -1.58367
-1.52253 -1.58367
-1.52472 -1.57788
-1.52472 -1.57788
-1.52201 -1.5742
-1.52201 -1.5742
-1.52394 -1.57095
-1.52394 -1.57095
-1.52389 -1.57407
-1.52389 -1.57407
-1.52242 -1.57882
-1.52242 -1.57882
-1.51754 -1.56982
-1.51754 -1.56982
-1.52314 -1.57115
-1.52314 -1.57115
-1.52525 -1.5716
-1.52525 -1.5716
-1.52244 -1.5681
-1.52244 -1.5681
-1.5232 -1.57388
-1.5232 -1.57388
-1.52433 -1.56709
-1.52433 -1.56709
-1.524 -1.56442
-1.524 -1.56442
-1.52253 -1.57014
-1.52253 -1.57014
-1.51478 -1.56395
-1.51478 -1.56395
-1.52198 -1.55546
-1.52198 -1.55546
-1.5187 -1.56039
-1.5187 -1.56039
-1.51282 -1.56015
-1.51282 -1.56015
-1.51754 -1.55691
-1.51754 -1.55691
-1.5158 -1.55714
-1.5158 -1.55714
-1.51436 -1.54599
-1.51436 -1.54599
-1.5089 -1.55607
-1.5089 -1.55607
-1.51463 -1.55264
-1.51463 -1.55264
-1.51151 -1.55361
-1.51151 -1.55361
-1.50844 -1.55414
-1.50844 -1.55414
-1.51302 -1.55143
-1.51302 -1.55143
-1.50624 -1.55009
-1.50624 -1.55009
-1.51254 -1.55319
-1.51254 -1.55319
-1.51659 -1.55401
-1.51659 -1.55401
-1.5127 -1.55068
-1.5127 -1.55068
-1.50985 -1.54713
-1.50985 -1.54713
-1.51487 -1.55657
-1.51487 -1.55657
-1.5054 -1.54605
-1.5054 -1.54605
-1.51461 -1.54728
-1.51461 -1.54728
-1.51822 -1.54748
-1.51822 -1.54748
-1.51477 -1.54632
-1.51477 -1.54632
-1.51947 -1.54357
-1.51947 -1.54357
-1.52057 -1.5322
-1.52057 -1.5322
-1.51864 -1.53339
-1.51864 -1.53339
-1.52912 -1.52754
-1.52912 -1.52754
-1.53347 -1.52236
-1.53347 -1.52236
-1.53503 -1.52084
-1.53503 -1.52084
-1.53994 -1.51065
-1.53994 -1.51065
-1.53887 -1.51261
-1.53887 -1.51261
-1.54736 -1.49746
-1.54736 -1.49746
-1.55269 -1.50153
-1.55269 -1.50153
-1.54949 -1.49379
-1.54949 -1.49379
-1.55476 -1.48753
-1.55476 -1.48753
-1.55826 -1.4839
-1.55826 -1.4839
-1.56042 -1.47202
-1.56042 -1.47202
-1.56479 -1.46897
-1.56479 -1.46897
-1.56337 -1.46985
-1.56337 -1.46985
-1.56646 -1.46593
-1.56646 -1.46593
-1.56723 -1.45529
-1.56723 -1.45529
-1.57165 -1.44195
-1.57165 -1.44195
-1.57636 -1.44006
-1.57636 -1.44006
-1.58047 -1.43488
-1.58047 -1.43488
-1.58097 -1.42814
-1.58097 -1.42814
-1.57994 -1.42521
-1.57994 -1.42521
-1.58223 -1.41631
-1.58223 -1.41631
-1.5854 -1.41021
-1.5854 -1.41021
-1.58148 -1.40773
-1.58148 -1.40773
-1.58572 -1.40018
-1.58572 -1.40018
-1.5893 -1.39823
-1.5893 -1.39823
-1.58781 -1.39409
-1.58781 -1.39409
-1.584 -1.38988
-1.584 -1.38988
-1.59152 -1.38357
-1.59152 -1.38357
-1.58541 -1.36849
-1.58541 -1.36849
-1.58791 -1.36497
-1.58791 -1.36497
-1.58938 -1.3571
-1.58938 -1.3571
-1.58506 -1.35614
-1.58506 -1.35614
-1.58525 -1.34853
-1.58525 -1.34853
-1.58417 -1.3449
-1.58417 -1.3449
-1.58122 -1.33421
-1.58122 -1.33421
-1.58278 -1.32795
-1.58278 -1.32795
-1.58658 -1.32565
-1.58658 -1.32565
-1.58641 -1.32264
-1.58641 -1.32264
-1.57749 -1.31725
-1.57749 -1.31725
-1.57985 -1.31071
-1.57985 -1.31071
-1.575 -1.29955
-1.575 -1.29955
-1.58365 -1.29488
-1.58365 -1.29488
-1.57767 -1.29631
-1.57767 -1.29631
-1.57294 -1.28725
-1.57294 -1.28725
-1.57282 -1.28109
-1.57282 -1.28109
-1.57283 -1.27583
-1.57283 -1.27583
-1.57053 -1.26457
-1.57053 -1.26457
-1.56907 -1.26236
-1.56907 -1.26236
-1.56935 -1.2594
-1.56935 -1.2594
-1.56548 -1.25062
-1.56548 -1.25062
-1.56821 -1.2546
-1.56821 -1.2546
-1.5582 -1.24011
-1.5582 -1.24011
-1.563 -1.23327
-1.563 -1.23327
-1.55974 -1.23579
-1.55974 -1.23579
-1.55803 -1.2232
-1.55803 -1.2232
-1.55489 -1.21473
-1.55489 -1.21473
-1.55987 -1.20937
-1.55987 -1.20937
-1.54633 -1.2043
-1.54633 -1.2043
-1.54718 -1.1995
-1.54718 -1.1995
-1.547 -1.1901
-1.547 -1.1901
-1.54504 -1.18929
-1.54504 -1.18929
-1.54734 -1.18594
-1.54734 -1.18594
-1.54836 -1.18203
-1.54836 -1.18203
-1.54249 -1.17245
-1.54249 -1.17245
-1.53982 -1.1653
-1.53982 -1.1653
-1.54193 -1.16024
-1.54193 -1.16024
-1.53927 -1.14939
-1.53927 -1.14939
-1.54421 -1.15196
-1.54421 -1.15196
-1.53952 -1.14318
-1.53952 -1.14318
-1.53633 -1.13593
-1.53633 -1.13593
-1.53058 -1.13406
-1.53058 -1.13406
-1.53743 -1.12784
-1.53743 -1.12784
-1.52942 -1.1207
-1.52942 -1.1207
-1.52331 -1.12103
-1.52331 -1.12103
-1.52711 -1.10307
-1.52711 -1.10307
-1.5212 -1.09427
-1.5212 -1.09427
-1.51385 -1.08269
-1.51385 -1.08269
-1.51956 -1.06974
-1.51956 -1.06974
-1.51713 -1.06829
-1.51713 -1.06829
-1.5101 -1.05119
-1.5101 -1.05119
-1.51065 -1.04532
-1.51065 -1.04532
-1.51009 -1.03361
-1.51009 -1.03361
-1.50517 -1.02595
-1.50517 -1.02595
-1.4962 -1.01186
-1.4962 -1.01186
-1.49449 -1.00494
-1.49449 -1.00494
-1.49084 -0.992093
-1.49084 -0.992093
-1.47855 -0.993867
-1.47855 -0.993867
-1.47624 -0.98131
-1.47624 -0.98131
-1.47284 -0.968333
-1.47284 -0.968333
-1.46992 -0.962239
-1.46992 -0.962239
-1.46642 -0.949155
-1.46642 -0.949155
-1.46392 -0.94567
-1.46392 -0.94567
-1.45458 -0.942425
-1.45458 -0.942425
-1.45184 -0.929655
-1.45184 -0.929655
-1.45157 -0.920305
-1.45157 -0.920305
-1.44363 -0.915171
-1.44363 -0.915171
-1.43981 -0.904395
-1.43981 -0.904395
-1.43495 -0.889894
-1.43495 -0.889894
-1.43107 -0.887285
-1.43107 -0.887285
-1.42943 -0.87909
-1.42943 -0.87909
-1.41947 -0.868864
-1.41947 -0.868864
-1.41487 -0.863107
-1.41487 -0.863107
-1.41495 -0.852318
-1.41495 -0.852318
-1.40696 -0.842489
-1.40696 -0.842489
-1.39461 -0.835336
-1.39461 -0.835336
-1.39549 -0.828086
-1.39549 -0.828086
-1.38949 -0.81605
-1.38949 -0.81605
-1.38433 -0.802818
-1.38433 -0.802818
-1.37812 -0.792584
-1.37812 -0.792584
-1.37038 -0.775727
-1.37038 -0.775727
-1.36439 -0.757586
-1.36439 -0.757586
-1.35407 -0.754622
-1.35407 -0.754622
-1.3492 -0.742707
-1.3492 -0.742707
-1.33439 -0.737901
-1.33439 -0.737901
-1.32656 -0.721323
-1.32656 -0.721323
-1.32504 -0.716467
-1.32504 -0.716467
-1.30999 -0.706043
-1.30999 -0.706043
-1.30408 -0.692685
-1.30408 -0.692685
-1.29497 -0.670916
-1.29497 -0.670916
-1.29207 -0.666503
-1.29207 -0.666503
-1.27516 -0.660012
-1.27516 -0.660012
-1.27889 -0.649951
-1.27889 -0.649951
-1.26414 -0.632858
-1.26414 -0.632858
-1.25281 -0.626624
-1.25281 -0.626624
-1.2432 -0.62228
-1.2432 -0.62228
-1.23291 -0.610039
-1.23291 -0.610039
-1.2203 -0.599273
-1.2203 -0.599273
-1.2108 -0.590715
-1.2108 -0.590715
-1.20046 -0.581714
-1.20046 -0.581714
-1.1947 -0.567138
-1.1947 -0.567138
-1.18358 -0.562947
-1.18358 -0.562947
-1.17361 -0.549609
-1.17361 -0.549609
-1.16867 -0.54557
-1.16867 -0.54557
-1.15571 -0.533543
-1.15571 -0.533543
-1.13888 -0.519761
-1.13888 -0.519761
-1.13538 -0.518189
-1.13538 -0.518189
-1.12288 -0.512001
-1.12288 -0.512001
-1.114 -0.497041
-1.114 -0.497041
-1.09587 -0.485572
-1.09587 -0.485572
-1.0936 -0.479796
-1.0936 -0.479796
-1.08005 -0.47007
-1.08005 -0.47007
-1.06514 -0.461531
-1.06514 -0.461531
-1.05281 -0.461801
-1.05281 -0.461801
-1.05119 -0.451111
-1.05119 -0.451111
-1.03352 -0.439448
-1.03352 -0.439448
-1.01663 -0.436091
-1.01663 -0.436091
-1.00981 -0.432251
-1.00981 -0.432251
-1.00081 -0.419035
-1.00081 -0.419035
-0.986832 -0.413587
-0.986832 -0.413587
-0.969318 -0.405011
-0.969318 -0.405011
-0.961945 -0.397149
-0.961945 -0.397149
-0.946744 -0.389054
-0.946744 -0.389054
-0.930466 -0.376876
-0.930466 -0.376876
-0.91022 -0.365007
-0.91022 -0.365007
-0.8891 -0.347856
-0.8891 -0.347856
-0.872794 -0.335763
-0.872794 -0.335763
-0.850165 -0.32992
-0.850165 -0.32992
-0.8275 -0.309601
-0.8275 -0.309601
-0.811336 -0.302221
-0.811336 -0.302221
-0.782423 -0.289681
-0.782423 -0.289681
-0.767918 -0.276714
-0.767918 -0.276714
-0.73854 -0.261736
-0.73854 -0.261736
-0.712264 -0.248471
-0.712264 -0.248471
-0.687835 -0.234589
-0.687835 -0.234589
-0.672431 -0.223719
-0.672431 -0.223719
-0.646256 -0.216198
-0.646256 -0.216198
-0.623024 -0.203795
-0.623024 -0.203795
-0.602931 -0.189868
-0.602931 -0.189868
-0.579655 -0.178582
-0.579655 -0.178582
-0.552518 -0.163199
-0.552518 -0.163199
-0.532519 -0.156601
-0.532519 -0.156601
-0.508648 -0.142042
-0.508648 -0.142042
-0.485361 -0.126449
-0.485361 -0.126449
-0.461402 -0.118263
-0.461402 -0.118263
-0.442302 -0.105314
-0.442302 -0.105314
-0.415889 -0.0992006
-0.415889 -0.0992006
-0.388656 -0.0910787
-0.388656 -0.0910787
-0.36781 -0.0777805
-0.36781 -0.0777805
-0.341214 -0.066595
-0.341214 -0.066595
-0.318303 -0.0519802
-0.318303 -0.0519802
-0.299409 -0.0499608
-0.299409 -0.0499608
-0.263781 -0.0384502
-0.263781 -0.0384502
-0.241477 -0.0332454
-0.241477 -0.0332454
-0.217549 -0.0292567
-0.217549 -0.0292567
-0.196542 -0.0201775
-0.196542 -0.0201775
-0.167905 -0.0138914
-0.167905 -0.0138914
-0.144514 -0.00446608
-0.144514 -0.00446608
-0.120651 -0.00798213
-0.120651 -0.00798213
-0.116861 -0.00513056
-0.116861 -0.00513056
-0.116 -0.00287748
-0.116 -0.00287748
-0.118095 -0.000590022
-0.118095 -0.000590022
-0.117379 -0.00518518
-0.117379 -0.00518518
-0.114499 -0.00262016
-0.114499 -0.00262016
-0.116109 0.000619735
-0.116109 0.000619735
-0.116301 -0.0054045
-0.116301 -0.0054045
-0.116136 -0.00191901
-0.116136 -0.00191901
-0.118546 -0.0033551
-0.118546 -0.0033551
-0.113716 -0.00442859
-0.113716 -0.00442859
-0.118189 -0.00178532
-0.118189 -0.00178532
-0.114491 -0.00295567
-0.114491 -0.00295567
-0.112257 -0.00176782
-0.112257 -0.00176782
-0.114843 -0.0037437
-0.114843 -0.0037437
-0.116943 -0.00353305
-0.116943 -0.00353305
-0.114105 -0.00477228
-0.114105 -0.00477228
-0.11621 -0.00419318
-0.11621 -0.00419318
-0.113343 -0.00445982
-0.113343 -0.00445982
-0.11491 -0.000922424
-0.11491 -0.000922424
-0.113199 -0.00130637
-0.113199 -0.00130637
-0.116337 -0.00474278
-0.116337 -0.00474278
-0.111045 -0.00554756
-0.111045 -0.00554756
-0.114438 -0.00820221
-0.114438 -0.00820221
-0.108769 -0.00248527
-0.108769 -0.00248527
-0.114456 -0.00548744
-0.114456 -0.00548744
-0.11143 -0.00606034
-0.11143 -0.00606034
-0.115096 -0.00567899
-0.115096 -0.00567899
-0.110138 -0.00647371
-0.110138 -0.00647371
-0.11164 -0.00641954
-0.11164 -0.00641954
-0.116185 -0.0018882
-0.116185 -0.0018882
-0.116224 -0.00511452
-0.116224 -0.00511452
-0.113795 -0.00144799
-0.113795 -0.00144799
-0.115468 -0.00429751
-0.115468 -0.00429751
-0.114249 -0.00570653
-0.114249 -0.00570653
-0.114898 -0.00316113
-0.114898 -0.00316113
-0.110714 -0.00759742
-0.110714 -0.00759742
-0.107104 -0.0043853
-0.107104 -0.0043853
-0.113051 -0.00577363
-0.113051 -0.00577363
-0.110745 -0.00582989
-0.110745 -0.00582989
-0.112221 0.000941541
-0.112221 0.000941541
-0.113619 -0.00167317
-0.113619 -0.00167317
-0.107523 -0.00495119
-0.107523 -0.00495119
-0.108904 -0.0024565
-0.108904 -0.0024565
-0.108683 -0.0042708
-0.108683 -0.0042708
-0.10852 -0.00429194
-0.10852 -0.00429194
-0.113978 0.000384181
-0.113978 0.000384181
-0.112272 -0.00842712
-0.112272 -0.00842712
-0.111093 -0.00426512
-0.111093 -0.00426512
-0.110422 -0.00766704
-0.110422 -0.00766704
-0.10895 -0.00536529
-0.10895 -0.00536529
-0.105759 -0.00303156
-0.105759 -0.00303156
