0
0
0
0
0.00343803
0.00344361
0.00344915
0.00345278
0.00596294
0.00595569
0.00893271
0.00892913
0.00474748
0.00474223
0.00375783
0.00375266
0.00425269
0.00424761
0.00835967
0.00835631
0.00674951
0.00674621
0.00884234
0.0088375
0.00301588
0.00301274
0.00309267
0.00308644
0.00681219
0.00680757
0.00757242
0.00756637
0.00196951
0.00196657
0.00193844
0.0019326
0.000909094
0.000904817
0.00190914
0.00190348
0.0026602
0.00265463
0.0015052
0.00151068
0.00438084
0.00437542
0.000545429
0.000540271
0.000560478
0.000564289
0.000584822
0.000588571
0.000576862
0.000579328
0.000717645
0.000720087
0.000375028
0.000377299
0.00145785
0.00145429
0.000190395
0.000188732
0.00239122
0.00239463
0.00346312
0.00346088
0.000560323
0.000557137
0.00033035
0.000334186
0.00337073
0.00337382
0.00421058
0.00421355
0.00381296
0.00381584
0.0026882
0.00269193
0.00458173
0.00458445
0.0081169
0.00812042
0.00074949
0.000752004
0.00385198
0.00378624
0.00208068
0.000859181
0.00303422
0.00107283
0.000104842
0.00204763
0.00108198
0.00401586
0.00357944
0.00160582
0.00154836
0.000438797
0.000804799
0.00279769
0.0051027
0.00710706
0.00341426
0.00642297
0.00290588
0.00526699
0.00430307
0.0070127
0.00351826
0.00757889
0.00518579
0.00791149
0.00541332
0.0117574
0.00690922
0.0134683
0.00983296
0.0163704
0.0128562
0.0194147
0.0131105
0.0196871
0.00787467
0.0128409
0.0117201
0.0167125
0.0179508
0.0229695
0.0130932
0.0198049
0.0119801
0.0187171
0.0160584
0.0194493
0.0178557
0.0212281
0.0162641
0.0210382
0.0202685
0.0235718
0.00980739
0.0147468
0.0189422
0.0222177
0.0170867
0.0220692
0.0144951
0.0211598
0.0122854
0.0189846
0.0136056
0.0204796
0.0160894
0.0213029
0.0129884
0.0164749
0.0198621
0.0247946
0.0195379
0.0229408
0.0166144
0.0217222
0.0183815
0.0234978
0.0241574
0.0275493
0.0225646
0.0277043
0.0221596
0.0289763
0.0185392
0.0252356
0.0266501
0.0316756
0.0217828
0.0267521
0.0315721
0.0382711
0.0279539
0.0328649
0.0304383
0.0337123
0.022633
0.0274251
0.02402
0.0287126
0.0283225
0.0312981
0.0245813
0.0277564
0.0224917
0.0270477
0.0277125
0.0308987
0.0215533
0.0262192
0.0205458
0.0252085
0.0249391
0.0281356
0.0265908
0.0314245
0.024703
0.0295189
0.0280366
0.0345063
0.0199191
0.0255639
0.0218651
0.0281135
0.0281089
0.0342796
0.026071
0.0308047
0.0250527
0.0313505
0.0274554
0.0306507
0.0260655
0.0308508
0.0267838
0.0300042
0.0270109
0.0318514
0.0293936
0.0326021
0.0311593
0.0373215
0.0287709
0.0349558
0.0316057
0.0364177
0.029214
0.0338851
0.0302003
0.0365615
0.02255
0.0272101
0.0291946
0.0355935
0.0299132
0.0363548
0.0311703
0.0360395
0.0315425
0.0380466
0.0260371
0.0323921
0.0312787
0.0371752
0.0280555
0.032822
0.027588
0.0321246
0.0345639
0.037778
0.0312749
0.0376494
0.0302836
0.0334908
0.025377
0.0301216
0.0278039
0.0310196
0.0332979
0.0381876
0.0357822
0.0406863
0.0330156
0.0389512
0.0389097
0.0453472
0.0314196
0.036136
0.0328809
0.0392363
0.0369322
0.0417489
0.0345691
0.0410356
0.0360179
0.0392645
0.0357247
0.0389858
0.0323851
0.0372475
0.0373488
0.0422586
0.0416267
0.0446839
0.035839
0.0419753
0.0376554
0.0440803
0.0399914
0.0446491
0.0380158
0.0444179
0.0395292
0.0460171
0.0375741
0.0440772
0.038998
0.0438778
0.0389703
0.0422502
0.033659
0.0385278
0.035319
0.0385795
0.0410903
0.0455347
0.0367352
0.0431591
0.040317
0.0448969
0.0410451
0.0474577
0.0445615
0.0494097
0.0468538
0.0517332
0.0423652
0.0488624
0.0502625
0.0568885
0.0501839
0.0535026
0.0425269
0.0474512
0.0465891
0.0496491
0.0497148
0.0545877
0.0461387
0.0525035
0.0454922
0.0502841
0.0502805
0.0567
0.0481958
0.0529484
0.0501036
0.0564327
0.0516057
0.0564089
0.0603012
0.0667134
0.0574376
0.0618807
0.0488632
0.0520852
0.0544437
0.0576765
0.0581422
0.0613849
0.0579827
0.0628278
0.0622057
0.0670422
0.0637246
0.068536
0.0654868
0.0718882
0.0649182
0.0705857
0.0673268
0.0719407
0.0592579
0.0652998
0.0688316
0.0749027
0.0691552
0.0751829
0.0708938
0.0739049
0.0751152
0.081219
0.0699674
0.0730208
0.070468
0.0734994
0.0686692
0.071718
0.0698201
0.0728818
0.0735504
0.0781589
0.0753474
0.0782005
0.0707256
0.0751676
0.0721314
0.0751723
0.0646962
0.0676748
0.0678839
0.0709095
0.0700849
0.0746512
0.0724936
0.0755155
0.0627453
0.0687607
0.0666983
0.072902
0.0658573
0.0689237
0.0632225
0.0689144
0.0637648
0.0699309
0.0704414
0.073581
0.0663335
0.0710068
0.0713262
0.0760644
0.0679757
0.074277
0.070758
0.0739503
0.0707804
0.0739745
0.0698165
0.0729697
0.0717979
0.0765178
0.0730181
0.0774046
0.0788087
0.0819627
0.0733157
0.0780055
0.0773049
0.0820417
0.0715842
0.0747415
0.0787934
0.0835867
0.0747255
0.0779813
0.0787952
0.0838562
0.0751655
0.0820324
0.0759481
0.0825214
0.0790597
0.0841381
0.0796941
0.0866195
0.0861346
0.0914223
0.0877572
0.0948685
0.093168
0.0941305
0.0861079
0.086118
0.0937127
0.0937271
0.0856368
0.0856515
0.0932528
0.0932677
0.0927345
0.0927421
0.0900253
0.0900331
0.0910256
0.0910411
0.0839972
0.0840515
0.0904591
0.0905737
0.092867
0.0930647
0.0938236
0.0941207
0.0897007
0.090084
0.0910956
0.0917331
0.098772
0.0996552
0.0998945
0.100193
0.09754
0.0972794
0.093061
0.0933008
0.0970469
0.0971927
0.0990695
0.0993445
0.0925995
0.0927865
0.0941147
0.0942352
0.0909031
0.0910124
0.0948013
0.0946885
0.0940118
0.0940264
0.0912215
0.0912491
0.0936404
0.0937383
0.0929461
0.0930692
0.092463
0.0925782
0.0931053
0.0932165
0.0920561
0.0921304
0.0936062
0.0937061
0.0929
0.0929655
0.0927064
0.0927646
0.0926958
0.0927142
0.0911617
0.0911633
0.0923876
0.0923903
0.0922958
0.0922975
0.0910604
0.091062
0.0932781
0.09328
0.0928915
0.0928942
0.0932038
0.0932057
0.0927887
0.0927905
0.0923383
0.09234
0.0922976
0.0922993
0.093532
0.0935347
0.0922819
0.0922836
0.0937564
0.0940299
0.0924384
0.0928864
0.0921658
0.093006
0.0934275
0.0945341
0.0916242
0.0921734
0.091963
0.0927919
0.0923482
0.0932597
0.092388
0.0932899
0.0934359
0.0939639
0.0946726
0.0959455
0.0923063
0.0927377
0.0919275
0.0925293
0.0923802
0.0930549
0.0920899
0.093027
0.0914624
0.0924111
0.0920377
0.0927028
0.0919183
0.0929366
0.0920829
0.0935566
0.0909581
0.091885
0.0919357
0.0929552
0.0933315
0.0941855
0.093416
0.0947806
0.0913104
0.0924367
0.0917885
0.0927612
0.0930503
0.0938375
0.0925417
0.0942275
0.0919399
0.0927124
0.091498
0.0925359
0.091836
0.0925818
0.0921495
0.093438
0.0915709
0.0922364
0.092026
0.092812
0.0919382
0.093144
0.0920903
0.0928316
0.0918661
0.0930088
0.0918524
0.0934455
0.0910722
0.0918095
0.0918995
0.0930553
0.0919004
0.0935163
0.0918967
0.0935024
0.0922854
0.09408
0.0918465
0.0934324
0.091184
0.092207
0.0915721
0.0929575
0.0916547
0.0931062
0.0915452
0.09215
0.0909727
0.09155
0.0915491
0.0925039
0.0909086
0.0916395
0.0913818
0.0926195
0.0912373
0.0923157
0.0915887
0.0924627
0.0911778
0.0921976
0.0913799
0.0922183
0.0911893
0.0916216
0.0914743
0.0920319
0.0909977
0.091305
0.0914082
0.0919313
0.0910241
0.0913439
0.090989
0.0914006
0.0909962
0.091722
0.0909209
0.0909563
0.090991
0.0917824
0.0908463
0.0911338
0.0909345
0.0906742
0.0905783
0.0906829
0.0902526
0.0901538
0.0903269
0.0895586
0.0898358
0.0889473
0.0890637
0.0885466
0.0895239
0.0885471
0.0891525
0.0879998
0.0874717
0.0863536
0.0873225
0.0860038
0.0873383
0.0858133
0.0867747
0.0851019
0.0860379
0.0842417
0.0851208
0.0823292
0.0865962
0.0844815
0.0833064
0.0812265
0.0835827
0.0813208
0.087104
0.0834951
0.0869854
0.0841828
0.0846904
0.0804424
0.082714
0.0797996
0.0831346
0.0801555
0.08352
0.0803525
0.0824627
0.0775969
0.0827448
0.0793635
0.0896324
0.0824432
0.0822157
0.0750523
0.0799969
0.0746048
0.0806781
0.0751597
0.0816856
0.0742829
0.0855361
0.0778197
0.0837522
0.0778343
0.0815228
0.0774989
0.0837953
0.0797179
0.0833955
0.0793998
0.0914244
0.085421
0.0854245
0.0814337
0.0789975
0.0730293
0.0789835
0.0730084
0.0863943
0.0784712
0.0840069
0.078032
0.0829482
0.0749962
0.0852966
0.0793561
0.0866809
0.0787875
0.0793833
0.0692236
0.0783478
0.0725485
0.0782416
0.071615
0.0734964
0.0629415
0.0751777
0.0675515
0.076326
0.067803
0.0797835
0.0656213
0.0731602
0.053179
0.0823861
0.0667046
0.0888656
0.0677754
0.0827373
0.0668839
0.0802977
0.0593487
0.0808781
0.0598598
0.0869343
0.0658442
0.0856057
0.0645341
0.0850075
0.0639993
0.0842462
0.0736126
0.0773712
0.0667597
0.0764589
0.0607358
0.0825768
0.071956
0.0845471
0.0687017
0.0774441
0.061801
0.0882623
0.0672034
0.0855906
0.0645402
0.0858783
0.0649469
0.0865551
0.0655319
0.0815702
0.0657505
0.0861897
0.0651542
0.0850737
0.0692846
0.081779
0.0607621
0.0820164
0.0661989
0.0796999
0.0588665
0.0783845
0.0572501
0.0802865
0.0644848
0.0788722
0.0684308
0.0774399
0.0668643
0.0773748
0.0668004
0.0780553
0.0675292
0.0840264
0.0734411
0.0803654
0.0645867
0.083738
0.0627662
0.079398
0.0636558
0.0872163
0.0713926
0.0884517
0.067426
0.0865321
0.0656674
0.0843612
0.0633755
0.081229
0.0654506
0.0859449
0.0651362
0.0821517
0.0663811
0.0787743
0.0682109
0.0812785
0.0707787
0.0872969
0.0715238
0.0839407
0.0681712
0.0907149
0.06974
0.0874314
0.0716676
0.085698
0.0699197
0.0868391
0.0658642
0.0854828
0.0698152
0.0899898
0.0689958
0.0779962
0.0674484
0.080646
0.0650518
0.0807206
0.0701696
0.0879927
0.0722233
0.0707355
0.0603351
0.0808909
0.0703533
0.0774482
0.0617649
0.0790055
0.0633555
0.0843697
0.0686531
0.0769756
0.0613005
0.079086
0.0582431
0.0863811
0.0655591
0.0909041
0.06994
0.0845024
0.0687667
0.092205
0.0714199
0.0815316
0.0709971
0.0802186
0.0696902
0.0834768
0.0730452
0.0866296
0.0760846
0.0927354
0.0769687
0.0889877
0.0732522
0.081391
0.070885
0.0843975
0.0738562
0.080464
0.0650844
0.0849046
0.0781605
0.0809945
0.0791022
0.0804748
0.0804646
0.0793869
0.0793797
0.0788657
0.078863
0.0891493
0.089148
0.0859937
0.0859931
0.0880569
0.0880298
0.0830654
0.0829627
0.0848593
0.084652
0.0834678
0.0835339
0.0849253
0.0850872
0.0836604
0.0837768
0.0873607
0.087307
0.08577
0.0856346
0.0883846
0.0882496
0.0870065
0.0869392
0.0836827
0.0836007
0.0830945
0.0828146
0.0859877
0.0856875
0.0867782
0.0866239
0.0860288
0.0859254
0.0834922
0.0833385
0.0873891
0.0872311
0.0882671
0.0881073
0.0839862
0.0838312
0.082684
0.0824823
0.0908209
0.0906605
0.0861431
0.085943
0.0834169
0.0832292
0.0867465
0.0865555
0.085701
0.0855201
0.0908134
0.0907178
0.0838507
0.0837729
0.0866673
0.0865877
0.0853017
0.0852312
0.0843357
0.0842745
0.0859283
0.085891
0.0854737
0.0854647
0.0850982
0.0851188
0.085327
0.0853407
0.0861059
0.0861273
0.0871804
0.0872032
0.0842005
0.0842207
0.0869503
0.0869813
0.0881154
0.0873702
0.0874551
0.0860719
0.0851605
0.0838263
0.0854676
0.0840703
0.0885869
0.0869292
0.084117
0.0819417
0.0865918
0.0853939
0.0869947
0.0857546
0.0853476
0.0839088
0.0892409
0.0883107
0.0853448
0.0835762
0.0927715
0.0913297
0.0884685
0.0871228
0.0874686
0.0855432
0.0888648
0.087563
0.0881605
0.0869019
0.0914651
0.0901618
0.0906827
0.0894262
0.0856709
0.0846082
0.0861159
0.0845388
0.0880843
0.0864691
0.0924651
0.0907225
0.0910875
0.0890073
0.0910105
0.0892174
0.0914811
0.0899535
0.0896234
0.0886766
0.0911269
0.0901613
0.092011
0.0901396
0.0893132
0.0885002
0.0903451
0.0895276
0.0895479
0.0885537
0.0885032
0.0876106
0.0876852
0.0871763
0.0881962
0.0876957
0.0904046
0.0895096
0.0900864
0.0890569
0.0904427
0.0897844
0.0895022
0.0887971
0.0899834
0.089194
0.0895068
0.0889008
0.090223
0.0898895
0.0903805
0.0899525
0.0900765
0.0899998
0.0900822
0.0901851
0.0902635
0.0904423
0.090368
0.090726
0.0900366
0.0903206
0.0902627
0.0907611
0.0913715
0.0920452
0.0906571
0.0913901
0.0906693
0.0914048
0.0908035
0.0915646
0.0900119
0.0905282
0.0905951
0.0912034
0.0909808
0.0913078
0.0903041
0.0906369
0.092509
0.0930589
0.0902833
0.090621
0.0903423
0.090879
0.0919201
0.0924347
0.0905198
0.0908993
0.0900501
0.09037
0.0903627
0.0907293
0.0900579
0.0903841
0.0901512
0.0906751
0.0898441
0.0901358
0.0906003
0.0909679
0.0910055
0.0916621
0.091751
0.0925042
0.0905596
0.091339
0.0902753
0.0909534
0.0904419
0.0908885
0.0895974
0.0901216
0.091441
0.0919281
0.0906315
0.0910441
0.0902842
0.0908623
0.0908104
0.0912487
0.0911782
0.0919078
0.0906346
0.0911721
0.09229
0.0932144
0.090401
0.0914909
0.0907435
0.0923447
0.0901273
0.0911184
0.0899318
0.0908514
0.091131
0.0927203
0.0900051
0.0906246
0.0905305
0.091676
0.0899648
0.0914378
0.0907054
0.0915736
0.0896735
0.0908174
0.0904733
0.0913822
0.0898922
0.091184
0.0919847
0.0931457
0.0913603
0.0925019
0.0905408
0.0916386
0.0911826
0.0937027
0.0907809
0.0918997
0.0926543
0.0939986
0.0938062
0.0953534
0.0927248
0.0942038
0.0942126
0.0957323
0.0933563
0.0964
0.0927284
0.0957144
0.0906615
0.0933526
0.0930033
0.0952507
0.0938771
0.0962102
0.0922834
0.0944486
0.0939754
0.0961478
0.0933522
0.0965147
0.0930103
0.0961661
0.0920475
0.0950648
0.0938224
0.095391
0.0927234
0.0946652
0.092491
0.0956653
0.0933675
0.0955609
0.0916369
0.0948442
0.0898153
0.0927852
0.0938354
0.0962546
0.0935271
0.0971967
0.0933802
0.0985207
0.0915272
0.0977512
0.0976243
0.100397
0.0958337
0.099891
0.0957031
0.0983673
0.0909029
0.0932258
0.0941515
0.098043
0.0934523
0.097419
0.0968143
0.102681
0.0948345
0.0977015
0.0962763
0.0992976
0.0993953
0.104274
0.100022
0.103271
0.0983235
0.101419
0.09916
0.102381
0.0961381
0.102548
0.0958072
0.10059
0.0979635
0.104571
0.0963222
0.102847
0.101696
0.108635
0.100979
0.107623
0.0953965
0.100379
0.102952
0.10656
0.103572
0.109127
0.10009
0.107491
0.094995
0.102267
0.101865
0.10761
0.0999794
0.107425
0.101343
0.105147
0.102714
0.108457
0.108208
0.1142
0.102174
0.106105
0.100585
0.106463
0.105813
0.109812
0.105058
0.110917
0.102823
0.11186
0.100378
0.109995
0.106222
0.116477
0.106928
0.117262
0.110876
0.116602
0.102362
0.114175
0.0977923
0.110634
0.103953
0.115015
0.107223
0.11473
0.103869
0.111232
0.111195
0.118886
0.106928
0.114628
0.113311
0.121218
0.103661
0.115178
0.104403
0.115945
0.10249
0.114004
0.105135
0.120637
0.104519
0.119882
0.104109
0.119513
0.105512
0.117105
0.105672
0.121189
0.101063
0.112452
0.109348
0.12101
0.103792
0.115332
0.102186
0.117715
0.103232
0.118853
0.11009
0.118097
0.109962
0.118026
0.10843
0.1165
0.105987
0.118092
0.107594
0.115792
0.107274
0.115489
0.110574
0.122839
0.103922
0.116313
0.111462
0.119767
0.105297
0.122003
0.108678
0.125272
0.10552
0.118148
0.106757
0.123749
0.10903
0.114481
0.110416
0.110453
0.109224
0.109299
0.110835
0.110892
0.111237
0.111274
0.108072
0.108129
0.109045
0.109083
0.110604
0.11066
0.109811
0.109887
0.112506
0.112563
0.108279
0.108355
0.112087
0.112126
0.108951
0.109028
0.106709
0.106786
0.109679
0.109718
0.111736
0.111775
0.109409
0.109468
0.111414
0.111472
0.108856
0.108934
0.109714
0.109792
0.108296
0.108374
0.112098
0.112157
0.107381
0.10746
0.11126
0.111319
0.104832
0.10491
0.110946
0.111025
0.108323
0.108402
0.11183
0.11191
0.107446
0.107506
0.108974
0.109014
0.112451
0.112491
0.113281
0.113321
0.110337
0.110377
0.112635
0.112695
0.111894
0.111954
0.1121
0.112181
0.109182
0.109223
0.105248
0.105288
0.111238
0.111319
0.109189
0.10927
0.109325
0.109386
0.111292
0.111373
0.106345
0.106406
0.107257
0.107318
0.107545
0.107585
0.107517
0.107558
0.111821
0.111882
0.112166
0.112227
0.110312
0.110354
0.110501
0.110542
0.108757
0.108818
0.105383
0.105424
