0 0
0 0
0 0
0 0
0 0
0 0
0 0
0 0
-0.00941629 -0.000125004
-0.00941629 -0.000125004
-0.0123971 -0.000164563
-0.0123971 -0.000164563
-0.00822199 -0.000109174
-0.00822199 -0.000109174
-0.00724239 -9.61826e-05
-0.00724239 -9.61826e-05
-0.00774778 -0.000102883
-0.00774778 -0.000102883
-0.0118656 -0.000157456
-0.0118656 -0.000157456
-0.0102653 -0.000136254
-0.0102653 -0.000136254
-0.012368 -0.000164105
-0.012368 -0.000164105
-0.00655135 -8.70821e-05
-0.00655135 -8.70821e-05
-0.00663452 -8.8183e-05
-0.00663452 -8.8183e-05
-0.0103662 -0.00013757
-0.0103662 -0.00013757
-0.0111342 -0.000147731
-0.0111342 -0.000147731
-0.00554043 -7.37374e-05
-0.00554043 -7.37374e-05
-0.0055152 -7.34038e-05
-0.0055152 -7.34038e-05
-0.0044908 -5.98593e-05
-0.0044908 -5.98593e-05
-0.00550325 -7.32431e-05
-0.00550325 -7.32431e-05
-0.00626411 -8.32991e-05
-0.00626411 -8.32991e-05
-0.00211692 -2.84968e-05
-0.00211692 -2.84968e-05
-0.00800256 -0.000106259
-0.00800256 -0.000106259
-0.00416073 -5.55088e-05
-0.00416073 -5.55088e-05
-0.00309765 -4.14675e-05
-0.00309765 -4.14675e-05
-0.00308042 -4.12399e-05
-0.00308042 -4.12399e-05
-0.00309627 -4.14492e-05
-0.00309627 -4.14492e-05
-0.00295982 -3.96475e-05
-0.00295982 -3.96475e-05
-0.00332208 -4.44303e-05
-0.00332208 -4.44303e-05
-0.00512951 -6.82922e-05
-0.00512951 -6.82922e-05
-0.0038208 -5.10153e-05
-0.0038208 -5.10153e-05
-0.00130602 -1.78181e-05
-0.00130602 -1.78181e-05
-0.00716025 -9.50973e-05
-0.00716025 -9.50973e-05
-0.00425059 -5.66885e-05
-0.00425059 -5.66885e-05
-0.0034104 -4.55975e-05
-0.0034104 -4.55975e-05
-0.000350707 -5.20725e-06
-0.000350707 -5.20725e-06
0.000482487 5.79211e-06
0.000482487 5.79211e-06
7.87724e-05 4.62031e-07
7.87724e-05 4.62031e-07
-0.00105166 -1.44645e-05
-0.00105166 -1.44645e-05
0.000836578 1.04726e-05
0.000836578 1.04726e-05
0.00436776 5.71154e-05
0.00436776 5.71154e-05
-0.00301592 -4.04345e-05
-0.00301592 -4.04345e-05
8.95279e-05 6.02487e-07
8.95279e-05 6.02487e-07
-0.00118991 -1.65406e-05
-0.00118991 -1.65406e-05
0.00344106 4.88578e-05
0.00344106 4.88578e-05
0.00618232 8.97664e-05
0.00618232 8.97664e-05
0.01008 0.000149142
0.01008 0.000149142
0.0215842 0.000329113
0.0215842 0.000329113
0.0254538 0.000391083
0.0254538 0.000391083
0.0290334 0.000449819
0.0290334 0.000449819
0.0306964 0.000477702
0.0306964 0.000477702
0.0383776 0.000608818
0.0383776 0.000608818
0.0450623 0.000724531
0.0450623 0.000724531
0.051377 0.000834933
0.051377 0.000834933
0.0589226 0.000967788
0.0589226 0.000967788
0.0667231 0.00110508
0.0667231 0.00110508
0.0734248 0.00122242
0.0734248 0.00122242
0.0816485 0.00136507
0.0816485 0.00136507
0.0884645 0.00148269
0.0884645 0.00148269
0.0952812 0.00160648
0.0952812 0.00160648
0.104891 0.00179167
0.104891 0.00179167
0.120021 0.00208812
0.120021 0.00208812
0.126119 0.00220991
0.126119 0.00220991
0.129886 0.00228636
0.129886 0.00228636
0.144791 0.00259225
0.144791 0.00259225
0.156002 0.00282371
0.156002 0.00282371
0.163727 0.00298301
0.163727 0.00298301
0.172033 0.00315327
0.172033 0.00315327
0.181917 0.00335459
0.181917 0.00335459
0.189226 0.00350386
0.189226 0.00350386
0.209545 0.00396459
0.209545 0.00396459
0.211983 0.00402076
0.211983 0.00402076
0.220443 0.00421828
0.220443 0.00421828
0.233009 0.00451541
0.233009 0.00451541
0.245247 0.00480801
0.245247 0.00480801
0.255688 0.00505947
0.255688 0.00505947
0.263495 0.00524765
0.263495 0.00524765
0.277037 0.00537154
0.277037 0.00537154
0.280197 0.00529042
0.280197 0.00529042
0.290609 0.00463696
0.290609 0.00463696
0.303657 0.00336837
0.303657 0.00336837
0.312051 0.00215805
0.312051 0.00215805
0.318192 0.00110407
0.318192 0.00110407
0.326468 -0.000721682
0.326468 -0.000721682
0.336898 -0.00339929
0.336898 -0.00339929
0.350326 -0.00754472
0.350326 -0.00754472
0.353696 -0.00873862
0.353696 -0.00873862
0.367815 -0.0143684
0.367815 -0.0143684
0.367997 -0.0144492
0.367997 -0.0144492
0.380461 -0.0205835
0.380461 -0.0205835
0.38712 -0.0240931
0.38712 -0.0240931
0.40317 -0.0327857
0.40317 -0.0327857
0.410742 -0.0368842
0.410742 -0.0368842
0.415079 -0.0392348
0.415079 -0.0392348
0.426976 -0.0457948
0.426976 -0.0457948
0.437472 -0.0516955
0.437472 -0.0516955
0.441178 -0.0537802
0.441178 -0.0537802
0.454085 -0.0609987
0.454085 -0.0609987
0.465138 -0.0671713
0.465138 -0.0671713
0.46975 -0.0697422
0.46975 -0.0697422
0.476995 -0.0737752
0.476995 -0.0737752
0.487535 -0.0796349
0.487535 -0.0796349
0.491838 -0.0820251
0.491838 -0.0820251
0.508106 -0.0910618
0.508106 -0.0910618
0.514295 -0.0945092
0.514295 -0.0945092
0.517191 -0.0961718
0.517191 -0.0961718
0.527398 -0.102062
0.527398 -0.102062
0.536914 -0.10752
0.536914 -0.10752
0.544743 -0.112003
0.544743 -0.112003
0.554659 -0.117673
0.554659 -0.117673
0.562697 -0.122262
0.562697 -0.122262
0.571228 -0.127124
0.571228 -0.127124
0.579319 -0.131729
0.579319 -0.131729
0.583546 -0.134136
0.583546 -0.134136
0.593837 -0.14
0.593837 -0.14
0.599713 -0.143416
0.599713 -0.143416
0.610257 -0.149643
0.610257 -0.149643
0.617813 -0.154101
0.617813 -0.154101
0.633334 -0.163212
0.633334 -0.163212
0.63583 -0.164674
0.63583 -0.164674
0.6438 -0.169337
0.6438 -0.169337
0.651333 -0.173738
0.651333 -0.173738
0.659701 -0.17862
0.659701 -0.17862
0.673393 -0.186603
0.673393 -0.186603
0.677085 -0.188757
0.677085 -0.188757
0.689494 -0.196087
0.689494 -0.196087
0.698364 -0.201444
0.698364 -0.201444
0.700436 -0.202698
0.700436 -0.202698
0.710444 -0.208711
0.710444 -0.208711
0.721245 -0.215192
0.721245 -0.215192
0.732824 -0.222128
0.732824 -0.222128
0.740636 -0.226801
0.740636 -0.226801
0.744355 -0.229022
0.744355 -0.229022
0.750812 -0.232875
0.750812 -0.232875
0.760458 -0.238632
0.760458 -0.238632
0.763153 -0.240243
0.763153 -0.240243
0.778227 -0.249498
0.778227 -0.249498
0.785118 -0.25376
0.785118 -0.25376
0.791353 -0.257597
0.791353 -0.257597
0.801886 -0.264062
0.801886 -0.264062
0.809097 -0.26848
0.809097 -0.26848
0.81789 -0.27386
0.81789 -0.27386
0.828008 -0.280042
0.828008 -0.280042
0.833644 -0.283482
0.833644 -0.283482
0.839935 -0.28732
0.839935 -0.28732
0.850269 -0.293633
0.850269 -0.293633
0.85688 -0.297729
0.85688 -0.297729
0.863135 -0.301677
0.863135 -0.301677
0.873086 -0.307963
0.873086 -0.307963
0.881534 -0.313263
0.881534 -0.313263
0.891666 -0.31961
0.891666 -0.31961
0.898888 -0.324127
0.898888 -0.324127
0.907424 -0.329458
0.907424 -0.329458
0.919228 -0.33682
0.919228 -0.33682
0.927736 -0.342123
0.927736 -0.342123
0.930936 -0.344119
0.930936 -0.344119
0.941364 -0.350648
0.941364 -0.350648
0.94797 -0.3549
0.94797 -0.3549
0.954058 -0.35883
0.954058 -0.35883
0.960721 -0.363099
0.960721 -0.363099
0.967103 -0.367183
0.967103 -0.367183
0.977991 -0.374139
0.977991 -0.374139
0.981015 -0.376068
0.981015 -0.376068
0.98957 -0.381517
0.98957 -0.381517
1.00328 -0.390244
1.00328 -0.390244
1.00963 -0.394285
1.00963 -0.394285
1.01473 -0.397535
1.01473 -0.397535
1.02475 -0.404064
1.02475 -0.404064
1.03337 -0.409736
1.03337 -0.409736
1.03751 -0.41245
1.03751 -0.41245
1.04885 -0.419861
1.04885 -0.419861
1.05402 -0.423148
1.05402 -0.423148
1.06239 -0.428101
1.06239 -0.428101
1.06181 -0.427784
1.06181 -0.427784
1.07448 -0.433942
1.07448 -0.433942
1.09061 -0.440991
1.09061 -0.440991
1.09437 -0.442497
1.09437 -0.442497
1.09997 -0.444537
1.09997 -0.444537
1.10785 -0.447008
1.10785 -0.447008
1.11469 -0.448864
1.11469 -0.448864
1.12267 -0.450698
1.12267 -0.450698
1.12888 -0.45191
1.12888 -0.45191
1.13895 -0.453457
1.13895 -0.453457
1.1468 -0.454351
1.1468 -0.454351
1.16295 -0.455687
1.16295 -0.455687
1.16245 -0.455665
1.16245 -0.455665
1.17162 -0.455631
1.17162 -0.455631
1.18088 -0.455221
1.18088 -0.455221
1.18592 -0.454792
1.18592 -0.454792
1.20113 -0.452973
1.20113 -0.452973
1.21049 -0.451539
1.21049 -0.451539
1.22229 -0.449686
1.22229 -0.449686
1.23095 -0.448342
1.23095 -0.448342
1.23681 -0.447442
1.23681 -0.447442
1.2447 -0.446241
1.2447 -0.446241
1.25716 -0.444353
1.25716 -0.444353
1.26695 -0.442783
1.26695 -0.442783
1.28492 -0.439862
1.28492 -0.439862
1.29125 -0.438826
1.29125 -0.438826
1.29873 -0.437592
1.29873 -0.437592
1.3077 -0.436104
1.3077 -0.436104
1.32505 -0.433215
1.32505 -0.433215
1.33073 -0.43228
1.33073 -0.43228
1.34524 -0.430167
1.34524 -0.430167
1.35485 -0.429013
1.35485 -0.429013
1.36368 -0.42811
1.36368 -0.42811
1.36992 -0.427551
1.36992 -0.427551
1.3827 -0.426688
1.3827 -0.426688
1.38735 -0.42644
1.38735 -0.42644
1.39928 -0.425839
1.39928 -0.425839
1.40805 -0.425391
1.40805 -0.425391
1.41812 -0.424872
1.41812 -0.424872
1.42922 -0.4243
1.42922 -0.4243
1.43546 -0.423982
1.43546 -0.423982
1.44405 -0.423555
1.44405 -0.423555
1.44895 -0.423313
1.44895 -0.423313
1.46461 -0.422452
1.46461 -0.422452
1.4703 -0.422135
1.4703 -0.422135
1.48629 -0.421233
1.48629 -0.421233
1.48868 -0.421097
1.48868 -0.421097
1.50482 -0.420163
1.50482 -0.420163
1.50922 -0.41992
1.50922 -0.41992
1.52188 -0.419492
1.52188 -0.419492
1.53175 -0.419653
1.53175 -0.419653
1.53867 -0.420168
1.53867 -0.420168
1.54834 -0.421321
1.54834 -0.421321
1.55397 -0.422397
1.55397 -0.422397
1.56099 -0.424181
1.56099 -0.424181
1.56733 -0.426284
1.56733 -0.426284
1.57477 -0.429447
1.57477 -0.429447
1.56779 -0.42628
1.56779 -0.42628
1.57524 -0.429671
1.57524 -0.429671
1.56826 -0.426481
1.56826 -0.426481
1.56876 -0.42671
1.56876 -0.42671
1.57127 -0.427865
1.57127 -0.427865
1.57037 -0.427449
1.57037 -0.427449
1.57687 -0.430465
1.57687 -0.430465
1.57115 -0.427791
1.57115 -0.427791
1.5693 -0.426882
1.5693 -0.426882
1.56874 -0.426574
1.56874 -0.426574
1.57283 -0.428968
1.57283 -0.428968
1.57212 -0.428509
1.57212 -0.428509
1.56654 -0.424383
1.56654 -0.424383
1.56656 -0.424399
1.56656 -0.424399
1.5687 -0.426353
1.5687 -0.426353
1.572 -0.429795
1.572 -0.429795
1.56928 -0.426665
1.56928 -0.426665
1.56809 -0.425144
1.56809 -0.425144
1.57309 -0.432279
1.57309 -0.432279
1.57229 -0.430941
1.57229 -0.430941
1.57471 -0.435551
1.57471 -0.435551
1.57242 -0.430503
1.57242 -0.430503
1.57284 -0.431595
1.57284 -0.431595
1.5745 -0.436235
1.5745 -0.436235
1.57318 -0.432414
1.57318 -0.432414
1.57365 -0.433865
1.57365 -0.433865
1.574 -0.435099
1.574 -0.435099
1.57378 -0.43416
1.57378 -0.43416
1.57432 -0.43688
1.57432 -0.43688
1.57378 -0.4335
1.57378 -0.4335
1.57404 -0.43578
1.57404 -0.43578
1.57411 -0.436744
1.57411 -0.436744
1.57412 -0.437127
1.57412 -0.437127
1.57407 -0.44434
1.57407 -0.44434
1.57421 -0.438134
1.57421 -0.438134
1.5742 -0.438567
1.5742 -0.438567
1.57402 -0.445232
1.57402 -0.445232
1.57432 -0.434506
1.57432 -0.434506
1.57428 -0.436054
1.57428 -0.436054
1.57431 -0.43483
1.57431 -0.43483
1.57426 -0.436534
1.57426 -0.436534
1.57419 -0.438541
1.57419 -0.438541
1.57419 -0.438754
1.57419 -0.438754
1.57436 -0.43361
1.57436 -0.43361
1.57418 -0.438905
1.57418 -0.438905
1.57439 -0.432946
1.57439 -0.432946
1.5741 -0.440863
1.5741 -0.440863
1.57391 -0.445837
1.57391 -0.445837
1.57389 -0.446155
1.57389 -0.446155
1.57325 -0.461757
1.57325 -0.461757
1.57312 -0.464882
1.57312 -0.464882
1.57294 -0.468961
1.57294 -0.468961
1.57268 -0.474852
1.57268 -0.474852
1.57257 -0.477255
1.57257 -0.477255
1.57251 -0.47876
1.57251 -0.47876
1.57186 -0.494163
1.57186 -0.494163
1.57157 -0.501108
1.57157 -0.501108
1.57139 -0.505791
1.57139 -0.505791
1.57115 -0.512211
1.57115 -0.512211
1.57077 -0.522378
1.57077 -0.522378
1.57044 -0.530417
1.57044 -0.530417
1.56998 -0.539325
1.56998 -0.539325
1.56959 -0.546754
1.56959 -0.546754
1.56864 -0.564495
1.56864 -0.564495
1.56838 -0.569215
1.56838 -0.569215
1.56809 -0.574371
1.56809 -0.574371
1.56764 -0.5823
1.56764 -0.5823
1.56657 -0.60165
1.56657 -0.60165
1.56611 -0.610142
1.56611 -0.610142
1.56591 -0.613847
1.56591 -0.613847
1.5653 -0.625444
1.5653 -0.625444
1.56451 -0.639306
1.56451 -0.639306
1.56371 -0.652106
1.56371 -0.652106
1.56296 -0.663872
1.56296 -0.663872
1.5623 -0.674076
1.5623 -0.674076
1.56128 -0.689644
1.56128 -0.689644
1.56068 -0.698815
1.56068 -0.698815
1.55987 -0.711334
1.55987 -0.711334
1.55917 -0.72242
1.55917 -0.72242
1.5584 -0.734749
1.5584 -0.734749
1.55769 -0.744801
1.55769 -0.744801
1.55637 -0.762988
1.55637 -0.762988
1.55597 -0.768407
1.55597 -0.768407
1.55508 -0.78041
1.55508 -0.78041
1.55417 -0.792442
1.55417 -0.792442
1.55344 -0.802172
1.55344 -0.802172
1.55238 -0.816724
1.55238 -0.816724
1.55116 -0.833594
1.55116 -0.833594
1.55058 -0.841346
1.55058 -0.841346
1.54949 -0.854623
1.54949 -0.854623
1.54842 -0.867401
1.54842 -0.867401
1.54707 -0.883333
1.54707 -0.883333
1.54638 -0.891358
1.54638 -0.891358
1.54489 -0.90871
1.54489 -0.90871
1.54437 -0.914844
1.54437 -0.914844
1.54324 -0.928257
1.54324 -0.928257
1.54257 -0.936491
1.54257 -0.936491
1.54126 -0.951364
1.54126 -0.951364
1.54015 -0.963157
1.54015 -0.963157
1.53882 -0.977059
1.53882 -0.977059
1.53793 -0.9862
1.53793 -0.9862
1.53621 -1.00381
1.53621 -1.00381
1.53552 -1.01085
1.53552 -1.01085
1.53392 -1.02755
1.53392 -1.02755
1.53272 -1.04025
1.53272 -1.04025
1.53195 -1.04835
1.53195 -1.04835
1.52989 -1.06807
1.52989 -1.06807
1.52954 -1.07136
1.52954 -1.07136
1.52764 -1.08887
1.52764 -1.08887
1.52583 -1.10531
1.52583 -1.10531
1.52526 -1.10998
1.52526 -1.10998
1.52342 -1.12205
1.52342 -1.12205
1.52057 -1.13686
1.52057 -1.13686
1.51829 -1.14669
1.51829 -1.14669
1.51549 -1.15689
1.51549 -1.15689
1.51051 -1.1725
1.51051 -1.1725
1.50616 -1.18427
1.50616 -1.18427
1.50336 -1.19087
1.50336 -1.19087
1.4978 -1.20267
1.4978 -1.20267
1.49162 -1.21435
1.49162 -1.21435
1.48575 -1.22462
1.48575 -1.22462
1.47967 -1.23419
1.47967 -1.23419
1.47336 -1.24341
1.47336 -1.24341
1.46377 -1.25608
1.46377 -1.25608
1.45984 -1.26089
1.45984 -1.26089
1.45101 -1.27089
1.45101 -1.27089
1.43957 -1.28289
1.43957 -1.28289
1.42957 -1.29255
1.42957 -1.29255
1.42256 -1.29868
1.42256 -1.29868
1.41488 -1.30484
1.41488 -1.30484
1.40448 -1.31249
1.40448 -1.31249
1.39376 -1.31976
1.39376 -1.31976
1.38429 -1.32567
1.38429 -1.32567
1.37115 -1.3333
1.37115 -1.3333
1.35641 -1.34097
1.35641 -1.34097
1.35279 -1.3427
1.35279 -1.3427
1.34159 -1.34752
1.34159 -1.34752
1.32955 -1.35214
1.32955 -1.35214
1.31878 -1.35582
1.31878 -1.35582
1.30306 -1.36043
1.30306 -1.36043
1.29089 -1.36347
1.29089 -1.36347
1.28098 -1.36551
1.28098 -1.36551
1.26634 -1.36792
1.26634 -1.36792
1.25439 -1.36946
1.25439 -1.36946
1.23632 -1.37105
1.23632 -1.37105
1.22832 -1.37144
1.22832 -1.37144
1.2228 -1.37165
1.2228 -1.37165
1.2108 -1.37209
1.2108 -1.37209
1.1933 -1.37275
1.1933 -1.37275
1.18372 -1.37312
1.18372 -1.37312
1.17276 -1.37353
1.17276 -1.37353
1.1564 -1.37412
1.1564 -1.37412
1.14519 -1.37451
1.14519 -1.37451
1.14007 -1.3747
1.14007 -1.3747
1.12259 -1.37543
1.12259 -1.37543
1.1044 -1.37621
1.1044 -1.37621
1.08907 -1.37689
1.08907 -1.37689
1.06559 -1.37792
1.06559 -1.37792
1.04132 -1.37894
1.04132 -1.37894
1.01151 -1.38031
1.01151 -1.38031
0.994101 -1.3812
0.994101 -1.3812
0.948794 -1.38354
0.948794 -1.38354
0.915786 -1.38515
0.915786 -1.38515
0.889985 -1.38647
0.889985 -1.38647
0.860461 -1.38801
0.860461 -1.38801
0.828093 -1.38968
0.828093 -1.38968
0.790059 -1.39168
0.790059 -1.39168
0.759417 -1.39334
0.759417 -1.39334
0.728196 -1.395
0.728196 -1.395
0.691789 -1.39697
0.691789 -1.39697
0.666739 -1.39837
0.666739 -1.39837
0.635802 -1.40009
0.635802 -1.40009
0.597783 -1.40217
0.597783 -1.40217
0.569101 -1.40381
0.569101 -1.40381
0.539027 -1.40554
0.539027 -1.40554
0.501638 -1.40765
0.501638 -1.40765
0.472371 -1.40936
0.472371 -1.40936
0.440116 -1.41128
0.440116 -1.41128
0.407665 -1.41318
0.407665 -1.41318
0.380756 -1.41479
0.380756 -1.41479
0.344138 -1.41703
0.344138 -1.41703
0.313465 -1.41889
0.313465 -1.41889
0.284888 -1.42063
0.284888 -1.42063
0.247415 -1.42298
0.247415 -1.42298
0.223111 -1.42451
0.223111 -1.42451
0.187391 -1.42672
0.187391 -1.42672
0.153517 -1.4289
0.153517 -1.4289
0.123007 -1.43088
0.123007 -1.43088
0.0927056 -1.4328
0.0927056 -1.4328
0.0608205 -1.4349
0.0608205 -1.4349
0.0281828 -1.43708
0.0281828 -1.43708
-0.00957832 -1.43955
-0.00957832 -1.43955
-0.0378197 -1.44145
-0.0378197 -1.44145
-0.067896 -1.44351
-0.067896 -1.44351
-0.100546 -1.44572
-0.100546 -1.44572
-0.135064 -1.44807
-0.135064 -1.44807
-0.168252 -1.45039
-0.168252 -1.45039
-0.198196 -1.45248
-0.198196 -1.45248
-0.227788 -1.45454
-0.227788 -1.45454
-0.261835 -1.45698
-0.261835 -1.45698
-0.29326 -1.45923
-0.29326 -1.45923
-0.326417 -1.46157
-0.326417 -1.46157
-0.354938 -1.46366
-0.354938 -1.46366
-0.389405 -1.46621
-0.389405 -1.46621
-0.421943 -1.46858
-0.421943 -1.46858
-0.455737 -1.4711
-0.455737 -1.4711
-0.489225 -1.47363
-0.489225 -1.47363
-0.522924 -1.47615
-0.522924 -1.47615
-0.553068 -1.47843
-0.553068 -1.47843
-0.580876 -1.48057
-0.580876 -1.48057
-0.611348 -1.48291
-0.611348 -1.48291
-0.647677 -1.48567
-0.647677 -1.48567
-0.672754 -1.48765
-0.672754 -1.48765
-0.707311 -1.49037
-0.707311 -1.49037
-0.739128 -1.49285
-0.739128 -1.49285
-0.773128 -1.49558
-0.773128 -1.49558
-0.792845 -1.49717
-0.792845 -1.49717
-0.834836 -1.50052
-0.834836 -1.50052
-0.863258 -1.50284
-0.863258 -1.50284
-0.896745 -1.50561
-0.896745 -1.50561
-0.93388 -1.50865
-0.93388 -1.50865
-0.958279 -1.51067
-0.958279 -1.51067
-0.987057 -1.5131
-0.987057 -1.5131
-1.02623 -1.51639
-1.02623 -1.51639
-1.06258 -1.51942
-1.06258 -1.51942
-1.08802 -1.5216
-1.08802 -1.5216
-1.12769 -1.52501
-1.12769 -1.52501
-1.15386 -1.52724
-1.15386 -1.52724
-1.18443 -1.52991
-1.18443 -1.52991
-1.21962 -1.53301
-1.21962 -1.53301
-1.25449 -1.53604
-1.25449 -1.53604
-1.28728 -1.53895
-1.28728 -1.53895
-1.31539 -1.54147
-1.31539 -1.54147
-1.34466 -1.54407
-1.34466 -1.54407
-1.37957 -1.54722
-1.37957 -1.54722
-1.40748 -1.54978
-1.40748 -1.54978
-1.43898 -1.55265
-1.43898 -1.55265
-1.44645 -1.55312
-1.44645 -1.55312
-1.4489 -1.55296
-1.4489 -1.55296
-1.44784 -1.55308
-1.44784 -1.55308
-1.44733 -1.55314
-1.44733 -1.55314
-1.45755 -1.55194
-1.45755 -1.55194
-1.45442 -1.55231
-1.45442 -1.55231
-1.45647 -1.55207
-1.45647 -1.55207
-1.45166 -1.55265
-1.45166 -1.55265
-1.45365 -1.55239
-1.45365 -1.55239
-1.45259 -1.55256
-1.45259 -1.55256
-1.45389 -1.55229
-1.45389 -1.55229
-1.45235 -1.55267
-1.45235 -1.55267
-1.45589 -1.55166
-1.45589 -1.55166
-1.45452 -1.5521
-1.45452 -1.5521
-1.45726 -1.55111
-1.45726 -1.55111
-1.45612 -1.55159
-1.45612 -1.55159
-1.4531 -1.55298
-1.4531 -1.55298
-1.45287 -1.55309
-1.45287 -1.55309
-1.45658 -1.55105
-1.45658 -1.55105
-1.45794 -1.55024
-1.45794 -1.55024
-1.45752 -1.55051
-1.45752 -1.55051
-1.45534 -1.55202
-1.45534 -1.55202
-1.45932 -1.54901
-1.45932 -1.54901
-1.46044 -1.5481
-1.46044 -1.5481
-1.45678 -1.55134
-1.45678 -1.55134
-1.45579 -1.55231
-1.45579 -1.55231
-1.46355 -1.54437
-1.46355 -1.54437
-1.45962 -1.54871
-1.45962 -1.54871
-1.45737 -1.55145
-1.45737 -1.55145
-1.46069 -1.54713
-1.46069 -1.54713
-1.46001 -1.54811
-1.46001 -1.54811
-1.46465 -1.54085
-1.46465 -1.54085
-1.45886 -1.55075
-1.45886 -1.55075
-1.4616 -1.54569
-1.4616 -1.54569
-1.46061 -1.54771
-1.46061 -1.54771
-1.45993 -1.54926
-1.45993 -1.54926
-1.46145 -1.54538
-1.46145 -1.54538
-1.46114 -1.54628
-1.46114 -1.54628
-1.46082 -1.54726
-1.46082 -1.54726
-1.46097 -1.54679
-1.46097 -1.54679
-1.46159 -1.54504
-1.46159 -1.54504
-1.4624 -1.54286
-1.4624 -1.54286
-1.45986 -1.54932
-1.45986 -1.54932
-1.46218 -1.54369
-1.46218 -1.54369
-1.4632 -1.54134
-1.4632 -1.54134
-1.46375 -1.54014
-1.46375 -1.54014
-1.46355 -1.54054
-1.46355 -1.54054
-1.46563 -1.53646
-1.46563 -1.53646
-1.4706 -1.52716
-1.4706 -1.52716
-1.46963 -1.52889
-1.46963 -1.52889
-1.47487 -1.51996
-1.47487 -1.51996
-1.47836 -1.51426
-1.47836 -1.51426
-1.47951 -1.51248
-1.47951 -1.51248
-1.48572 -1.50316
-1.48572 -1.50316
-1.48445 -1.50497
-1.48445 -1.50497
-1.49477 -1.49119
-1.49477 -1.49119
-1.49469 -1.4913
-1.49469 -1.4913
-1.49727 -1.48763
-1.49727 -1.48763
-1.50182 -1.48087
-1.50182 -1.48087
-1.5045 -1.47671
-1.5045 -1.47671
-1.5104 -1.46714
-1.5104 -1.46714
-1.51287 -1.46297
-1.51287 -1.46297
-1.51216 -1.46425
-1.51216 -1.46425
-1.51448 -1.45992
-1.51448 -1.45992
-1.51896 -1.45119
-1.51896 -1.45119
-1.52507 -1.43866
-1.52507 -1.43866
-1.52662 -1.43531
-1.52662 -1.43531
-1.52917 -1.42945
-1.52917 -1.42945
-1.53164 -1.42354
-1.53164 -1.42354
-1.53251 -1.42139
-1.53251 -1.42139
-1.5358 -1.41287
-1.5358 -1.41287
-1.53815 -1.40647
-1.53815 -1.40647
-1.5385 -1.40545
-1.5385 -1.40545
-1.54111 -1.39737
-1.54111 -1.39737
-1.54194 -1.3946
-1.54194 -1.3946
-1.5429 -1.39114
-1.5429 -1.39114
-1.54366 -1.38807
-1.54366 -1.38807
-1.54538 -1.38045
-1.54538 -1.38045
-1.54804 -1.36714
-1.54804 -1.36714
-1.54875 -1.36331
-1.54875 -1.36331
-1.55003 -1.35541
-1.55003 -1.35541
-1.55008 -1.35507
-1.55008 -1.35507
-1.55105 -1.34756
-1.55105 -1.34756
-1.55145 -1.3441
-1.55145 -1.3441
-1.55242 -1.33377
-1.55242 -1.33377
-1.55281 -1.32744
-1.55281 -1.32744
-1.55288 -1.32503
-1.55288 -1.32503
-1.55283 -1.32202
-1.55283 -1.32202
-1.5525 -1.31614
-1.5525 -1.31614
-1.55189 -1.30989
-1.55189 -1.30989
-1.55042 -1.29831
-1.55042 -1.29831
-1.54994 -1.29492
-1.54994 -1.29492
-1.55001 -1.29537
-1.55001 -1.29537
-1.54826 -1.28576
-1.54826 -1.28576
-1.54707 -1.27982
-1.54707 -1.27982
-1.54602 -1.27478
-1.54602 -1.27478
-1.5437 -1.26353
-1.5437 -1.26353
-1.5432 -1.26112
-1.5432 -1.26112
-1.54264 -1.25833
-1.54264 -1.25833
-1.54067 -1.24915
-1.54067 -1.24915
-1.54166 -1.25352
-1.54166 -1.25352
-1.538 -1.23757
-1.538 -1.23757
-1.53675 -1.23212
-1.53675 -1.23212
-1.53714 -1.2338
-1.53714 -1.2338
-1.53428 -1.22148
-1.53428 -1.22148
-1.53226 -1.21275
-1.53226 -1.21275
-1.53133 -1.20877
-1.53133 -1.20877
-1.5295 -1.20095
-1.5295 -1.20095
-1.52847 -1.1966
-1.52847 -1.1966
-1.52636 -1.18765
-1.52636 -1.18765
-1.52608 -1.18644
-1.52608 -1.18644
-1.52545 -1.18379
-1.52545 -1.18379
-1.52464 -1.1803
-1.52464 -1.1803
-1.52224 -1.16992
-1.52224 -1.16992
-1.52054 -1.16254
-1.52054 -1.16254
-1.51955 -1.1582
-1.51955 -1.1582
-1.51703 -1.14731
-1.51703 -1.14731
-1.51793 -1.1509
-1.51793 -1.1509
-1.51553 -1.14153
-1.51553 -1.14153
-1.51359 -1.13396
-1.51359 -1.13396
-1.51279 -1.13082
-1.51279 -1.13082
-1.51171 -1.12664
-1.51171 -1.12664
-1.50948 -1.11801
-1.50948 -1.11801
-1.50917 -1.11683
-1.50917 -1.11683
-1.50503 -1.10094
-1.50503 -1.10094
-1.50249 -1.09126
-1.50249 -1.09126
-1.49918 -1.07862
-1.49918 -1.07862
-1.49639 -1.06788
-1.49639 -1.06788
-1.49589 -1.06593
-1.49589 -1.06593
-1.49132 -1.0482
-1.49132 -1.0482
-1.48988 -1.04286
-1.48988 -1.04286
-1.48685 -1.03183
-1.48685 -1.03183
-1.4845 -1.02345
-1.4845 -1.02345
-1.47983 -1.00806
-1.47983 -1.00806
-1.47765 -1.00129
-1.47765 -1.00129
-1.47324 -0.988704
-1.47324 -0.988704
-1.47234 -0.986274
-1.47234 -0.986274
-1.46776 -0.974609
-1.46776 -0.974609
-1.46267 -0.962329
-1.46267 -0.962329
-1.45999 -0.956132
-1.45999 -0.956132
-1.45441 -0.944001
-1.45441 -0.944001
-1.45257 -0.940195
-1.45257 -0.940195
-1.4492 -0.933804
-1.4492 -0.933804
-1.44322 -0.922791
-1.44322 -0.922791
-1.43924 -0.915465
-1.43924 -0.915465
-1.43525 -0.908169
-1.43525 -0.908169
-1.42985 -0.898254
-1.42985 -0.898254
-1.42268 -0.885006
-1.42268 -0.885006
-1.42071 -0.881363
-1.42071 -0.881363
-1.41692 -0.874326
-1.41692 -0.874326
-1.41042 -0.862239
-1.41042 -0.862239
-1.407 -0.855851
-1.407 -0.855851
-1.4025 -0.847534
-1.4025 -0.847534
-1.39644 -0.836633
-1.39644 -0.836633
-1.39045 -0.825923
-1.39045 -0.825923
-1.38757 -0.820784
-1.38757 -0.820784
-1.381 -0.809065
-1.381 -0.809065
-1.37422 -0.796724
-1.37422 -0.796724
-1.36848 -0.786233
-1.36848 -0.786233
-1.35962 -0.769986
-1.35962 -0.769986
-1.35035 -0.753688
-1.35035 -0.753688
-1.34639 -0.746973
-1.34639 -0.746973
-1.3396 -0.736264
-1.3396 -0.736264
-1.3329 -0.72611
-1.3329 -0.72611
-1.32267 -0.711179
-1.32267 -0.711179
-1.31986 -0.707238
-1.31986 -0.707238
-1.30989 -0.693205
-1.30989 -0.693205
-1.30161 -0.681533
-1.30161 -0.681533
-1.28828 -0.662754
-1.28828 -0.662754
-1.28521 -0.658463
-1.28521 -0.658463
-1.2763 -0.646174
-1.2763 -0.646174
-1.27281 -0.641497
-1.27281 -0.641497
-1.25904 -0.623645
-1.25904 -0.623645
-1.2515 -0.61437
-1.2515 -0.61437
-1.24536 -0.607123
-1.24536 -0.607123
-1.23479 -0.595133
-1.23479 -0.595133
-1.22371 -0.582981
-1.22371 -0.582981
-1.21491 -0.573764
-1.21491 -0.573764
-1.2053 -0.564044
-1.2053 -0.564044
-1.19516 -0.553789
-1.19516 -0.553789
-1.18758 -0.546109
-1.18758 -0.546109
-1.17598 -0.534375
-1.17598 -0.534375
-1.17152 -0.529862
-1.17152 -0.529862
-1.1591 -0.517301
-1.1591 -0.517301
-1.14364 -0.502127
-1.14364 -0.502127
-1.141 -0.499646
-1.141 -0.499646
-1.13101 -0.490663
-1.13101 -0.490663
-1.11849 -0.479922
-1.11849 -0.479922
-1.10217 -0.466292
-1.10217 -0.466292
-1.09797 -0.462932
-1.09797 -0.462932
-1.08474 -0.452785
-1.08474 -0.452785
-1.07098 -0.44269
-1.07098 -0.44269
-1.0629 -0.436958
-1.0629 -0.436958
-1.05683 -0.432838
-1.05683 -0.432838
-1.03912 -0.421237
-1.03912 -0.421237
-1.02575 -0.412494
-1.02575 -0.412494
-1.01921 -0.408224
-1.01921 -0.408224
-1.00685 -0.400169
-1.00685 -0.400169
-0.994562 -0.392125
-0.994562 -0.392125
-0.978443 -0.381444
-0.978443 -0.381444
-0.969704 -0.375639
-0.969704 -0.375639
-0.95536 -0.366236
-0.95536 -0.366236
-0.938382 -0.355128
-0.938382 -0.355128
-0.918753 -0.342314
-0.918753 -0.342314
-0.896111 -0.327487
-0.896111 -0.327487
-0.879245 -0.316234
-0.879245 -0.316234
-0.86077 -0.304077
-0.86077 -0.304077
-0.83561 -0.287558
-0.83561 -0.287558
-0.820865 -0.277991
-0.820865 -0.277991
-0.794395 -0.261523
-0.794395 -0.261523
-0.777974 -0.251789
-0.777974 -0.251789
-0.749285 -0.235592
-0.749285 -0.235592
-0.723404 -0.221595
-0.723404 -0.221595
-0.698671 -0.208277
-0.698671 -0.208277
-0.682192 -0.199407
-0.682192 -0.199407
-0.658733 -0.186823
-0.658733 -0.186823
-0.635523 -0.17438
-0.635523 -0.17438
-0.614141 -0.16284
-0.614141 -0.16284
-0.591395 -0.15057
-0.591395 -0.15057
-0.563928 -0.135804
-0.563928 -0.135804
-0.545671 -0.12597
-0.545671 -0.12597
-0.521114 -0.112679
-0.521114 -0.112679
-0.49657 -0.0994109
-0.49657 -0.0994109
-0.474558 -0.0875966
-0.474558 -0.0875966
-0.454201 -0.077099
-0.454201 -0.077099
-0.430486 -0.0654806
-0.430486 -0.0654806
-0.405045 -0.0535388
-0.405045 -0.0535388
-0.38267 -0.0437301
-0.38267 -0.0437301
-0.356041 -0.0326244
-0.356041 -0.0326244
-0.331229 -0.0228198
-0.331229 -0.0228198
-0.313975 -0.016395
-0.313975 -0.016395
-0.278615 -0.00411363
-0.278615 -0.00411363
-0.256961 0.00305502
-0.256961 0.00305502
-0.23397 0.0101009
-0.23397 0.0101009
-0.212168 0.0163911
-0.212168 0.0163911
-0.183853 0.0239029
-0.183853 0.0239029
-0.159611 0.0298732
-0.159611 0.0298732
-0.13766 0.0348274
-0.13766 0.0348274
-0.13346 0.0356914
-0.13346 0.0356914
-0.132163 0.0359794
-0.132163 0.0359794
-0.133675 0.0356436
-0.133675 0.0356436
-0.133965 0.0355792
-0.133965 0.0355792
-0.130678 0.0363092
-0.130678 0.0363092
-0.131527 0.0361206
-0.131527 0.0361206
-0.132984 0.0357971
-0.132984 0.0357971
-0.13209 0.0359956
-0.13209 0.0359956
-0.134691 0.0354186
-0.134691 0.0354186
-0.130314 0.0363895
-0.130314 0.0363895
-0.134019 0.0355679
-0.134019 0.0355679
-0.130741 0.0362945
-0.130741 0.0362945
-0.128361 0.0368221
-0.128361 0.0368221
-0.131243 0.0361835
-0.131243 0.0361835
-0.1332 0.0357501
-0.1332 0.0357501
-0.130757 0.036291
-0.130757 0.036291
-0.132641 0.0358741
-0.132641 0.0358741
-0.129964 0.0364663
-0.129964 0.0364663
-0.130712 0.0363009
-0.130712 0.0363009
-0.129162 0.0366436
-0.129162 0.0366436
-0.132878 0.0358223
-0.132878 0.0358223
-0.128002 0.0368996
-0.128002 0.0368996
-0.131796 0.0360616
-0.131796 0.0360616
-0.125187 0.0375206
-0.125187 0.0375206
-0.131241 0.0361847
-0.131241 0.0361847
-0.128476 0.0367945
-0.128476 0.0367945
-0.131892 0.0360414
-0.131892 0.0360414
-0.12733 0.0370466
-0.12733 0.0370466
-0.128752 0.0367334
-0.128752 0.0367334
-0.132136 0.0359887
-0.132136 0.0359887
-0.13285 0.0358315
-0.13285 0.0358315
-0.129764 0.0365101
-0.129764 0.0365101
-0.131957 0.0360281
-0.131957 0.0360281
-0.131089 0.0362188
-0.131089 0.0362188
-0.131176 0.0361999
-0.131176 0.0361999
-0.128112 0.036872
-0.128112 0.036872
-0.123996 0.0377745
-0.123996 0.0377745
-0.129961 0.0364674
-0.129961 0.0364674
-0.127772 0.0369468
-0.127772 0.0369468
-0.127766 0.036948
-0.127766 0.036948
-0.129646 0.0365368
-0.129646 0.0365368
-0.124512 0.0376591
-0.124512 0.0376591
-0.12531 0.0374847
-0.12531 0.0374847
-0.125477 0.0374482
-0.125477 0.0374482
-0.125326 0.0374812
-0.125326 0.0374812
-0.129563 0.0365576
-0.129563 0.0365576
-0.129767 0.0365132
-0.129767 0.0365132
-0.127776 0.0369465
-0.127776 0.0369465
-0.127841 0.0369322
-0.127841 0.0369322
-0.125959 0.0373413
-0.125959 0.0373413
-0.122427 0.0381081
-0.122427 0.0381081
