0 0
0 0
0 0
0 0
0 0
0 0
0 0
0 0
-0.00941712 0
-0.00941712 0
-0.0123982 -3.534e-06
-0.0123982 -3.534e-06
-0.00822271 -1.04355e-06
-0.00822271 -1.04355e-06
-0.00724302 1.8046e-07
-0.00724302 1.8046e-07
-0.00774846 -1.02382e-06
-0.00774846 -1.02382e-06
-0.0118666 -7.24041e-06
-0.0118666 -7.24041e-06
-0.0102662 -5.20167e-06
-0.0102662 -5.20167e-06
-0.0123691 -1.26154e-05
-0.0123691 -1.26154e-05
-0.00655191 -8.68019e-06
-0.00655191 -8.68019e-06
-0.00663509 -8.87459e-06
-0.00663509 -8.87459e-06
-0.0103671 -1.70056e-05
-0.0103671 -1.70056e-05
-0.0111351 -1.7392e-05
-0.0111351 -1.7392e-05
-0.0055409 -9.02539e-06
-0.0055409 -9.02539e-06
-0.00551567 -8.98928e-06
-0.00551567 -8.98928e-06
-0.00449118 -7.94975e-06
-0.00449118 -7.94975e-06
-0.00550372 -1.03128e-05
-0.00550372 -1.03128e-05
-0.00626463 -1.3447e-05
-0.00626463 -1.3447e-05
-0.00211711 6.06066e-07
-0.00211711 6.06066e-07
-0.00800326 -5.71109e-06
-0.00800326 -5.71109e-06
-0.00416114 1.37624e-05
-0.00416114 1.37624e-05
-0.00309797 1.34746e-05
-0.00309797 1.34746e-05
-0.00308074 1.34719e-05
-0.00308074 1.34719e-05
-0.00309659 1.34367e-05
-0.00309659 1.34367e-05
-0.00296012 1.36124e-05
-0.00296012 1.36124e-05
-0.00332241 1.26716e-05
-0.00332241 1.26716e-05
-0.00513 8.7292e-06
-0.00513 8.7292e-06
-0.00382118 1.18972e-05
-0.00382118 1.18972e-05
-0.00130619 1.77065e-05
-0.00130619 1.77065e-05
-0.00716089 -2.0721e-06
-0.00716089 -2.0721e-06
-0.00425102 1.28328e-05
-0.00425102 1.28328e-05
-0.00341076 1.58331e-05
-0.00341076 1.58331e-05
-0.000350811 2.35618e-05
-0.000350811 2.35618e-05
0.000482452 2.56232e-05
0.000482452 2.56232e-05
7.87056e-05 2.41738e-05
7.87056e-05 2.41738e-05
-0.00105182 1.89113e-05
-0.00105182 1.89113e-05
0.000836573 2.69618e-05
0.000836573 2.69618e-05
0.00436805 3.74733e-05
0.00436805 3.74733e-05
-0.00301613 -8.95181e-06
-0.00301613 -8.95181e-06
8.95629e-05 3.38368e-06
8.95629e-05 3.38368e-06
-0.00118998 -1.20084e-06
-0.00118998 -1.20084e-06
0.00344143 1.2152e-05
0.00344143 1.2152e-05
0.00618298 2.24699e-05
0.00618298 2.24699e-05
0.0100811 3.42513e-05
0.0100811 3.42513e-05
0.0215865 9.27922e-05
0.0215865 9.27922e-05
0.0254566 0.00010929
0.0254566 0.00010929
0.0290367 0.000127608
0.0290367 0.000127608
0.0306999 0.000132368
0.0306999 0.000132368
0.038382 0.000192013
0.038382 0.000192013
0.0450674 0.000252688
0.0450674 0.000252688
0.0513829 0.000285474
0.0513829 0.000285474
0.0589295 0.000336376
0.0589295 0.000336376
0.0667311 0.000396759
0.0667311 0.000396759
0.0734336 0.000442424
0.0734336 0.000442424
0.0816584 0.000490134
0.0816584 0.000490134
0.0884752 0.000542249
0.0884752 0.000542249
0.0952927 0.000603142
0.0952927 0.000603142
0.104904 0.00070034
0.104904 0.00070034
0.120036 0.00085758
0.120036 0.00085758
0.126135 0.000908985
0.126135 0.000908985
0.129903 0.000949304
0.129903 0.000949304
0.14481 0.00112606
0.14481 0.00112606
0.156022 0.00127833
0.156022 0.00127833
0.163748 0.00138393
0.163748 0.00138393
0.172055 0.00147749
0.172055 0.00147749
0.181941 0.00157049
0.181941 0.00157049
0.189251 0.00163525
0.189251 0.00163525
0.209574 0.00182911
0.209574 0.00182911
0.212013 0.00184048
0.212013 0.00184048
0.220475 0.00189747
0.220475 0.00189747
0.233044 0.00200196
0.233044 0.00200196
0.245285 0.00212184
0.245285 0.00212184
0.255729 0.00221691
0.255729 0.00221691
0.263538 0.00226316
0.263538 0.00226316
0.27708 0.00213093
0.27708 0.00213093
0.280237 0.00197939
0.280237 0.00197939
0.290631 0.00108405
0.290631 0.00108405
0.303648 -0.000469078
0.303648 -0.000469078
0.312028 -0.00177159
0.312028 -0.00177159
0.318147 -0.00295027
0.318147 -0.00295027
0.326404 -0.00485845
0.326404 -0.00485845
0.336796 -0.00767882
0.336796 -0.00767882
0.350207 -0.0118797
0.350207 -0.0118797
0.35357 -0.0130915
0.35357 -0.0130915
0.367677 -0.018755
0.367677 -0.018755
0.367858 -0.0188366
0.367858 -0.0188366
0.380318 -0.0249774
0.380318 -0.0249774
0.386994 -0.0284545
0.386994 -0.0284545
0.403095 -0.0370529
0.403095 -0.0370529
0.410704 -0.0410815
0.410704 -0.0410815
0.415066 -0.0433866
0.415066 -0.0433866
0.427001 -0.0498784
0.427001 -0.0498784
0.437537 -0.0557062
0.437537 -0.0557062
0.441261 -0.0577586
0.441261 -0.0577586
0.454228 -0.0648685
0.454228 -0.0648685
0.465372 -0.0708741
0.465372 -0.0708741
0.470015 -0.0733918
0.470015 -0.0733918
0.477277 -0.0773916
0.477277 -0.0773916
0.487863 -0.0831678
0.487863 -0.0831678
0.492187 -0.0855205
0.492187 -0.0855205
0.508486 -0.094502
0.508486 -0.094502
0.514692 -0.0979165
0.514692 -0.0979165
0.517598 -0.0995623
0.517598 -0.0995623
0.527856 -0.105364
0.527856 -0.105364
0.53744 -0.110701
0.53744 -0.110701
0.545318 -0.115098
0.545318 -0.115098
0.555305 -0.120642
0.555305 -0.120642
0.56337 -0.125184
0.56337 -0.125184
0.571935 -0.129985
0.571935 -0.129985
0.580074 -0.134505
0.580074 -0.134505
0.58432 -0.136879
0.58432 -0.136879
0.59464 -0.142691
0.59464 -0.142691
0.600538 -0.146069
0.600538 -0.146069
0.611145 -0.152189
0.611145 -0.152189
0.618754 -0.156555
0.618754 -0.156555
0.634366 -0.165509
0.634366 -0.165509
0.636878 -0.166943
0.636878 -0.166943
0.644885 -0.171543
0.644885 -0.171543
0.652452 -0.175885
0.652452 -0.175885
0.660875 -0.180672
0.660875 -0.180672
0.674679 -0.188461
0.674679 -0.188461
0.678396 -0.19057
0.678396 -0.19057
0.690896 -0.197744
0.690896 -0.197744
0.699857 -0.202947
0.699857 -0.202947
0.701947 -0.204171
0.701947 -0.204171
0.712058 -0.210008
0.712058 -0.210008
0.722953 -0.21633
0.722953 -0.21633
0.734602 -0.223148
0.734602 -0.223148
0.742463 -0.227737
0.742463 -0.227737
0.746211 -0.22991
0.746211 -0.22991
0.752713 -0.233685
0.752713 -0.233685
0.762428 -0.239328
0.762428 -0.239328
0.765133 -0.240921
0.765133 -0.240921
0.780271 -0.250071
0.780271 -0.250071
0.787212 -0.25425
0.787212 -0.25425
0.79349 -0.258018
0.79349 -0.258018
0.804114 -0.264332
0.804114 -0.264332
0.811375 -0.268666
0.811375 -0.268666
0.820224 -0.273953
0.820224 -0.273953
0.830408 -0.280026
0.830408 -0.280026
0.836087 -0.283395
0.836087 -0.283395
0.84243 -0.287146
0.84243 -0.287146
0.852853 -0.293311
0.852853 -0.293311
0.859486 -0.297373
0.859486 -0.297373
0.865784 -0.30125
0.865784 -0.30125
0.875797 -0.307437
0.875797 -0.307437
0.884314 -0.312628
0.884314 -0.312628
0.894518 -0.318858
0.894518 -0.318858
0.901795 -0.323283
0.901795 -0.323283
0.910395 -0.328511
0.910395 -0.328511
0.922287 -0.33573
0.922287 -0.33573
0.93088 -0.340894
0.93088 -0.340894
0.9341 -0.342857
0.9341 -0.342857
0.944588 -0.349291
0.944588 -0.349291
0.951244 -0.353463
0.951244 -0.353463
0.957394 -0.357297
0.957394 -0.357297
0.964121 -0.361465
0.964121 -0.361465
0.970567 -0.365445
0.970567 -0.365445
0.98152 -0.372298
0.98152 -0.372298
0.984585 -0.374161
0.984585 -0.374161
0.993225 -0.379475
0.993225 -0.379475
1.00708 -0.38798
1.00708 -0.38798
1.01349 -0.391914
1.01349 -0.391914
1.01864 -0.395076
1.01864 -0.395076
1.02872 -0.401511
1.02872 -0.401511
1.03741 -0.407076
1.03741 -0.407076
1.0416 -0.409717
1.0416 -0.409717
1.05306 -0.41694
1.05306 -0.41694
1.05829 -0.420139
1.05829 -0.420139
1.06677 -0.424903
1.06677 -0.424903
1.06618 -0.424596
1.06618 -0.424596
1.07894 -0.430582
1.07894 -0.430582
1.09516 -0.437415
1.09516 -0.437415
1.09894 -0.438855
1.09894 -0.438855
1.10458 -0.44079
1.10458 -0.44079
1.11249 -0.443176
1.11249 -0.443176
1.11935 -0.444929
1.11935 -0.444929
1.12736 -0.446648
1.12736 -0.446648
1.13359 -0.447773
1.13359 -0.447773
1.14367 -0.449191
1.14367 -0.449191
1.15153 -0.450011
1.15153 -0.450011
1.1677 -0.451156
1.1677 -0.451156
1.1672 -0.451142
1.1672 -0.451142
1.17637 -0.451084
1.17637 -0.451084
1.18562 -0.450694
1.18562 -0.450694
1.19066 -0.450267
1.19066 -0.450267
1.20587 -0.448439
1.20587 -0.448439
1.21525 -0.447086
1.21525 -0.447086
1.22706 -0.44534
1.22706 -0.44534
1.23573 -0.444087
1.23573 -0.444087
1.24161 -0.443284
1.24161 -0.443284
1.24952 -0.442197
1.24952 -0.442197
1.262 -0.440446
1.262 -0.440446
1.2718 -0.438933
1.2718 -0.438933
1.2898 -0.436192
1.2898 -0.436192
1.29613 -0.435199
1.29613 -0.435199
1.30362 -0.434031
1.30362 -0.434031
1.31261 -0.432624
1.31261 -0.432624
1.32998 -0.429862
1.32998 -0.429862
1.33567 -0.429026
1.33567 -0.429026
1.35022 -0.427149
1.35022 -0.427149
1.35985 -0.426146
1.35985 -0.426146
1.36868 -0.425411
1.36868 -0.425411
1.37493 -0.42497
1.37493 -0.42497
1.38772 -0.424277
1.38772 -0.424277
1.39238 -0.424089
1.39238 -0.424089
1.40432 -0.423597
1.40432 -0.423597
1.41309 -0.423222
1.41309 -0.423222
1.42316 -0.422797
1.42316 -0.422797
1.43426 -0.422244
1.43426 -0.422244
1.44051 -0.421988
1.44051 -0.421988
1.4491 -0.421601
1.4491 -0.421601
1.454 -0.421376
1.454 -0.421376
1.46966 -0.420635
1.46966 -0.420635
1.47536 -0.420356
1.47536 -0.420356
1.49135 -0.419501
1.49135 -0.419501
1.49374 -0.419357
1.49374 -0.419357
1.50989 -0.418499
1.50989 -0.418499
1.51429 -0.418283
1.51429 -0.418283
1.52695 -0.41807
1.52695 -0.41807
1.53682 -0.418309
1.53682 -0.418309
1.54373 -0.418878
1.54373 -0.418878
1.55339 -0.420126
1.55339 -0.420126
1.55902 -0.421204
1.55902 -0.421204
1.56606 -0.422932
1.56606 -0.422932
1.57241 -0.424995
1.57241 -0.424995
1.57988 -0.428082
1.57988 -0.428082
1.57282 -0.42511
1.57282 -0.42511
1.58034 -0.428338
1.58034 -0.428338
1.57329 -0.425306
1.57329 -0.425306
1.57379 -0.425525
1.57379 -0.425525
1.57632 -0.426629
1.57632 -0.426629
1.57541 -0.426237
1.57541 -0.426237
1.582 -0.429062
1.582 -0.429062
1.57621 -0.426538
1.57621 -0.426538
1.57434 -0.425668
1.57434 -0.425668
1.57377 -0.425374
1.57377 -0.425374
1.57789 -0.427722
1.57789 -0.427722
1.57718 -0.427271
1.57718 -0.427271
1.57154 -0.42323
1.57154 -0.42323
1.57156 -0.423245
1.57156 -0.423245
1.57375 -0.425138
1.57375 -0.425138
1.5772 -0.428436
1.5772 -0.428436
1.57432 -0.42544
1.57432 -0.42544
1.57307 -0.423979
1.57307 -0.423979
1.57839 -0.430879
1.57839 -0.430879
1.57749 -0.429597
1.57749 -0.429597
1.58025 -0.434016
1.58025 -0.434016
1.57757 -0.429167
1.57757 -0.429167
1.57808 -0.430219
1.57808 -0.430219
1.58015 -0.434693
1.58015 -0.434693
1.57846 -0.431017
1.57846 -0.431017
1.57905 -0.432423
1.57905 -0.432423
1.57951 -0.433624
1.57951 -0.433624
1.5792 -0.432707
1.5792 -0.432707
1.57997 -0.435371
1.57997 -0.435371
1.57915 -0.43205
1.57915 -0.43205
1.57961 -0.434297
1.57961 -0.434297
1.57977 -0.43525
1.57977 -0.43525
1.57982 -0.43563
1.57982 -0.43563
1.58048 -0.442813
1.58048 -0.442813
1.58002 -0.436623
1.58002 -0.436623
1.58005 -0.437055
1.58005 -0.437055
1.58053 -0.443705
1.58053 -0.443705
1.57974 -0.433003
1.57974 -0.433003
1.57985 -0.434548
1.57985 -0.434548
1.57976 -0.433327
1.57976 -0.433327
1.57989 -0.435027
1.57989 -0.435027
1.58003 -0.43703
1.58003 -0.43703
1.58005 -0.437243
1.58005 -0.437243
1.57968 -0.432109
1.57968 -0.432109
1.58006 -0.437393
1.58006 -0.437393
1.57965 -0.431444
1.57965 -0.431444
1.58022 -0.439347
1.58022 -0.439347
1.58054 -0.444314
1.58054 -0.444314
1.58056 -0.444631
1.58056 -0.444631
1.58157 -0.460214
1.58157 -0.460214
1.58177 -0.463335
1.58177 -0.463335
1.582 -0.467412
1.582 -0.467412
1.58236 -0.473297
1.58236 -0.473297
1.58251 -0.475698
1.58251 -0.475698
1.5826 -0.477202
1.5826 -0.477202
1.58347 -0.492594
1.58347 -0.492594
1.58387 -0.499534
1.58387 -0.499534
1.58417 -0.504211
1.58417 -0.504211
1.58457 -0.510623
1.58457 -0.510623
1.58519 -0.520777
1.58519 -0.520777
1.58565 -0.52881
1.58565 -0.52881
1.58604 -0.537721
1.58604 -0.537721
1.58634 -0.545155
1.58634 -0.545155
1.5871 -0.562905
1.5871 -0.562905
1.58731 -0.567627
1.58731 -0.567627
1.58754 -0.572786
1.58754 -0.572786
1.58792 -0.580719
1.58792 -0.580719
1.58875 -0.600081
1.58875 -0.600081
1.58913 -0.608577
1.58913 -0.608577
1.58929 -0.612284
1.58929 -0.612284
1.58986 -0.623882
1.58986 -0.623882
1.59036 -0.637758
1.59036 -0.637758
1.59075 -0.650577
1.59075 -0.650577
1.59111 -0.662361
1.59111 -0.662361
1.59144 -0.672581
1.59144 -0.672581
1.59192 -0.688176
1.59192 -0.688176
1.59211 -0.697364
1.59211 -0.697364
1.59248 -0.709904
1.59248 -0.709904
1.5928 -0.721008
1.5928 -0.721008
1.59312 -0.733356
1.59312 -0.733356
1.59334 -0.743431
1.59334 -0.743431
1.59368 -0.761663
1.59368 -0.761663
1.59377 -0.767095
1.59377 -0.767095
1.59397 -0.77913
1.59397 -0.77913
1.59417 -0.791194
1.59417 -0.791194
1.59431 -0.80095
1.59431 -0.80095
1.59461 -0.815539
1.59461 -0.815539
1.59488 -0.83245
1.59488 -0.83245
1.59495 -0.840223
1.59495 -0.840223
1.59501 -0.853545
1.59501 -0.853545
1.5951 -0.866368
1.5951 -0.866368
1.59513 -0.882357
1.59513 -0.882357
1.59513 -0.890411
1.59513 -0.890411
1.59505 -0.907828
1.59505 -0.907828
1.59504 -0.913984
1.59504 -0.913984
1.59503 -0.927443
1.59503 -0.927443
1.59507 -0.935705
1.59507 -0.935705
1.59491 -0.950634
1.59491 -0.950634
1.59475 -0.962478
1.59475 -0.962478
1.59462 -0.976444
1.59462 -0.976444
1.59447 -0.985626
1.59447 -0.985626
1.59417 -1.00332
1.59417 -1.00332
1.59399 -1.01039
1.59399 -1.01039
1.59375 -1.02716
1.59375 -1.02716
1.59361 -1.03992
1.59361 -1.03992
1.59346 -1.04806
1.59346 -1.04806
1.59309 -1.06788
1.59309 -1.06788
1.593 -1.07119
1.593 -1.07119
1.59268 -1.08879
1.59268 -1.08879
1.59224 -1.10533
1.59224 -1.10533
1.59201 -1.11003
1.59201 -1.11003
1.59105 -1.1222
1.59105 -1.1222
1.5893 -1.13718
1.5893 -1.13718
1.58778 -1.14716
1.58778 -1.14716
1.5858 -1.15755
1.5858 -1.15755
1.58203 -1.17349
1.58203 -1.17349
1.57853 -1.18554
1.57853 -1.18554
1.5763 -1.19235
1.5763 -1.19235
1.57178 -1.20458
1.57178 -1.20458
1.56669 -1.21679
1.56669 -1.21679
1.56172 -1.22753
1.56172 -1.22753
1.55658 -1.23762
1.55658 -1.23762
1.55111 -1.24736
1.55111 -1.24736
1.54276 -1.26089
1.54276 -1.26089
1.53929 -1.26603
1.53929 -1.26603
1.53144 -1.27683
1.53144 -1.27683
1.52119 -1.28985
1.52119 -1.28985
1.51206 -1.30035
1.51206 -1.30035
1.50568 -1.30713
1.50568 -1.30713
1.49861 -1.31398
1.49861 -1.31398
1.489 -1.32259
1.489 -1.32259
1.47903 -1.33086
1.47903 -1.33086
1.47019 -1.33769
1.47019 -1.33769
1.45774 -1.3464
1.45774 -1.3464
1.44382 -1.35546
1.44382 -1.35546
1.44036 -1.3575
1.44036 -1.3575
1.42964 -1.36331
1.42964 -1.36331
1.41805 -1.36897
1.41805 -1.36897
1.40766 -1.37361
1.40766 -1.37361
1.39244 -1.37967
1.39244 -1.37967
1.38062 -1.38388
1.38062 -1.38388
1.37097 -1.38691
1.37097 -1.38691
1.35664 -1.39076
1.35664 -1.39076
1.34489 -1.39344
1.34489 -1.39344
1.32705 -1.39673
1.32705 -1.39673
1.31914 -1.3979
1.31914 -1.3979
1.31367 -1.39869
1.31367 -1.39869
1.30177 -1.40038
1.30177 -1.40038
1.28446 -1.40297
1.28446 -1.40297
1.27498 -1.40441
1.27498 -1.40441
1.26413 -1.40602
1.26413 -1.40602
1.24794 -1.4084
1.24794 -1.4084
1.23683 -1.40997
1.23683 -1.40997
1.23176 -1.41075
1.23176 -1.41075
1.21447 -1.41343
1.21447 -1.41343
1.19647 -1.41618
1.19647 -1.41618
1.18132 -1.41854
1.18132 -1.41854
1.15809 -1.42212
1.15809 -1.42212
1.13406 -1.42573
1.13406 -1.42573
1.10461 -1.43053
1.10461 -1.43053
1.08742 -1.4334
1.08742 -1.4334
1.04268 -1.44092
1.04268 -1.44092
1.01005 -1.44616
1.01005 -1.44616
0.984543 -1.45027
0.984543 -1.45027
0.955363 -1.45502
0.955363 -1.45502
0.923371 -1.46022
0.923371 -1.46022
0.885753 -1.46617
0.885753 -1.46617
0.85547 -1.47114
0.85547 -1.47114
0.824583 -1.47599
0.824583 -1.47599
0.788591 -1.48181
0.788591 -1.48181
0.763821 -1.48579
0.763821 -1.48579
0.733255 -1.49088
0.733255 -1.49088
0.695658 -1.4969
0.695658 -1.4969
0.667311 -1.50156
0.667311 -1.50156
0.637544 -1.50619
0.637544 -1.50619
0.600562 -1.51208
0.600562 -1.51208
0.571608 -1.51668
0.571608 -1.51668
0.539714 -1.52186
0.539714 -1.52186
0.507642 -1.52716
0.507642 -1.52716
0.481044 -1.53154
0.481044 -1.53154
0.444824 -1.53737
0.444824 -1.53737
0.414456 -1.54207
0.414456 -1.54207
0.386183 -1.54658
0.386183 -1.54658
0.349125 -1.55262
0.349125 -1.55262
0.325083 -1.55649
0.325083 -1.55649
0.289767 -1.56229
0.289767 -1.56229
0.256273 -1.5678
0.256273 -1.5678
0.226129 -1.5729
0.226129 -1.5729
0.196158 -1.57776
0.196158 -1.57776
0.164654 -1.58311
0.164654 -1.58311
0.132397 -1.58854
0.132397 -1.58854
0.0950739 -1.59478
0.0950739 -1.59478
0.0671733 -1.59955
0.0671733 -1.59955
0.0374504 -1.60459
0.0374504 -1.60459
0.00518756 -1.61006
0.00518756 -1.61006
-0.0288921 -1.61603
-0.0288921 -1.61603
-0.0616857 -1.62164
-0.0616857 -1.62164
-0.0912764 -1.62668
-0.0912764 -1.62668
-0.120502 -1.63175
-0.120502 -1.63175
-0.154125 -1.63764
-0.154125 -1.63764
-0.185154 -1.6431
-0.185154 -1.6431
-0.217894 -1.64884
-0.217894 -1.64884
-0.24606 -1.65379
-0.24606 -1.65379
-0.280095 -1.65979
-0.280095 -1.65979
-0.31223 -1.66542
-0.31223 -1.66542
-0.345562 -1.67153
-0.345562 -1.67153
-0.37862 -1.67746
-0.37862 -1.67746
-0.411854 -1.68357
-0.411854 -1.68357
-0.441565 -1.68915
-0.441565 -1.68915
-0.468961 -1.69438
-0.468961 -1.69438
-0.498958 -1.70023
-0.498958 -1.70023
-0.53476 -1.70698
-0.53476 -1.70698
-0.559502 -1.71152
-0.559502 -1.71152
-0.593543 -1.71807
-0.593543 -1.71807
-0.624886 -1.72408
-0.624886 -1.72408
-0.658387 -1.73048
-0.658387 -1.73048
-0.677806 -1.73425
-0.677806 -1.73425
-0.719166 -1.74224
-0.719166 -1.74224
-0.747164 -1.74766
-0.747164 -1.74766
-0.780135 -1.75413
-0.780135 -1.75413
-0.816707 -1.76126
-0.816707 -1.76126
-0.840722 -1.76602
-0.840722 -1.76602
-0.869052 -1.77163
-0.869052 -1.77163
-0.907594 -1.77938
-0.907594 -1.77938
-0.943335 -1.78666
-0.943335 -1.78666
-0.968371 -1.79168
-0.968371 -1.79168
-1.00737 -1.79972
-1.00737 -1.79972
-1.03312 -1.80488
-1.03312 -1.80488
-1.06317 -1.81109
-1.06317 -1.81109
-1.09783 -1.81794
-1.09783 -1.81794
-1.13211 -1.82501
-1.13211 -1.82501
-1.16434 -1.83167
-1.16434 -1.83167
-1.19199 -1.83735
-1.19199 -1.83735
-1.22082 -1.84303
-1.22082 -1.84303
-1.25517 -1.84999
-1.25517 -1.84999
-1.28264 -1.85555
-1.28264 -1.85555
-1.31368 -1.86165
-1.31368 -1.86165
-1.32108 -1.86277
-1.32108 -1.86277
-1.32353 -1.86288
-1.32353 -1.86288
-1.32246 -1.86287
-1.32246 -1.86287
-1.32195 -1.86287
-1.32195 -1.86287
-1.33224 -1.86293
-1.33224 -1.86293
-1.32909 -1.86291
-1.32909 -1.86291
-1.33115 -1.86293
-1.33115 -1.86293
-1.32631 -1.8629
-1.32631 -1.8629
-1.32832 -1.86288
-1.32832 -1.86288
-1.32724 -1.86293
-1.32724 -1.86293
-1.32857 -1.86281
-1.32857 -1.86281
-1.32699 -1.86301
-1.32699 -1.86301
-1.33063 -1.86241
-1.33063 -1.86241
-1.32921 -1.8627
-1.32921 -1.8627
-1.33205 -1.86201
-1.33205 -1.86201
-1.33086 -1.86235
-1.33086 -1.86235
-1.3277 -1.86339
-1.3277 -1.86339
-1.32746 -1.86348
-1.32746 -1.86348
-1.33137 -1.86185
-1.33137 -1.86185
-1.33281 -1.8612
-1.33281 -1.8612
-1.33236 -1.86142
-1.33236 -1.86142
-1.33003 -1.86268
-1.33003 -1.86268
-1.33433 -1.86015
-1.33433 -1.86015
-1.33554 -1.85937
-1.33554 -1.85937
-1.33152 -1.86215
-1.33152 -1.86215
-1.33041 -1.86298
-1.33041 -1.86298
-1.3391 -1.85606
-1.3391 -1.85606
-1.33471 -1.85993
-1.33471 -1.85993
-1.33214 -1.86238
-1.33214 -1.86238
-1.33594 -1.85848
-1.33594 -1.85848
-1.33514 -1.85936
-1.33514 -1.85936
-1.34068 -1.85276
-1.34068 -1.85276
-1.33368 -1.86184
-1.33368 -1.86184
-1.33699 -1.85714
-1.33699 -1.85714
-1.33577 -1.85903
-1.33577 -1.85903
-1.33491 -1.86049
-1.33491 -1.86049
-1.33687 -1.85681
-1.33687 -1.85681
-1.33645 -1.85767
-1.33645 -1.85767
-1.33601 -1.8586
-1.33601 -1.8586
-1.33622 -1.85816
-1.33622 -1.85816
-1.33707 -1.8565
-1.33707 -1.8565
-1.33817 -1.85445
-1.33817 -1.85445
-1.33475 -1.8605
-1.33475 -1.8605
-1.33787 -1.85527
-1.33787 -1.85527
-1.33919 -1.85307
-1.33919 -1.85307
-1.33991 -1.85196
-1.33991 -1.85196
-1.33966 -1.85233
-1.33966 -1.85233
-1.34226 -1.84856
-1.34226 -1.84856
-1.34843 -1.84001
-1.34843 -1.84001
-1.34725 -1.8416
-1.34725 -1.8416
-1.35364 -1.83346
-1.35364 -1.83346
-1.35785 -1.82827
-1.35785 -1.82827
-1.35924 -1.82666
-1.35924 -1.82666
-1.36666 -1.81827
-1.36666 -1.81827
-1.36514 -1.81989
-1.36514 -1.81989
-1.37722 -1.80762
-1.37722 -1.80762
-1.37713 -1.80772
-1.37713 -1.80772
-1.38016 -1.8044
-1.38016 -1.8044
-1.38553 -1.79828
-1.38553 -1.79828
-1.38872 -1.79451
-1.38872 -1.79451
-1.39582 -1.78579
-1.39582 -1.78579
-1.39879 -1.78195
-1.39879 -1.78195
-1.39792 -1.78312
-1.39792 -1.78312
-1.40078 -1.77913
-1.40078 -1.77913
-1.40634 -1.77104
-1.40634 -1.77104
-1.41396 -1.75938
-1.41396 -1.75938
-1.41591 -1.75624
-1.41591 -1.75624
-1.4192 -1.75076
-1.4192 -1.75076
-1.42245 -1.74524
-1.42245 -1.74524
-1.42359 -1.74322
-1.42359 -1.74322
-1.42795 -1.7352
-1.42795 -1.7352
-1.43108 -1.72914
-1.43108 -1.72914
-1.43156 -1.72817
-1.43156 -1.72817
-1.43521 -1.72051
-1.43521 -1.72051
-1.43639 -1.71787
-1.43639 -1.71787
-1.43777 -1.71455
-1.43777 -1.71455
-1.43895 -1.71162
-1.43895 -1.71162
-1.44166 -1.70429
-1.44166 -1.70429
-1.44618 -1.6915
-1.44618 -1.6915
-1.44738 -1.68779
-1.44738 -1.68779
-1.44972 -1.68014
-1.44972 -1.68014
-1.44981 -1.6798
-1.44981 -1.6798
-1.45181 -1.6725
-1.45181 -1.6725
-1.45267 -1.66913
-1.45267 -1.66913
-1.45504 -1.65903
-1.45504 -1.65903
-1.45627 -1.6528
-1.45627 -1.6528
-1.45665 -1.65043
-1.45665 -1.65043
-1.457 -1.64743
-1.457 -1.64743
-1.45747 -1.64156
-1.45747 -1.64156
-1.45776 -1.63529
-1.45776 -1.63529
-1.45792 -1.62361
-1.45792 -1.62361
-1.45792 -1.62019
-1.45792 -1.62019
-1.45792 -1.62065
-1.45792 -1.62065
-1.45745 -1.6109
-1.45745 -1.6109
-1.45709 -1.60485
-1.45709 -1.60485
-1.45677 -1.59971
-1.45677 -1.59971
-1.4561 -1.58823
-1.4561 -1.58823
-1.45596 -1.58578
-1.45596 -1.58578
-1.45579 -1.58294
-1.45579 -1.58294
-1.45511 -1.57357
-1.45511 -1.57357
-1.4555 -1.57804
-1.4555 -1.57804
-1.45419 -1.56173
-1.45419 -1.56173
-1.45372 -1.55616
-1.45372 -1.55616
-1.45387 -1.55788
-1.45387 -1.55788
-1.45276 -1.54528
-1.45276 -1.54528
-1.45194 -1.53636
-1.45194 -1.53636
-1.45157 -1.53228
-1.45157 -1.53228
-1.45088 -1.52428
-1.45088 -1.52428
-1.45046 -1.51983
-1.45046 -1.51983
-1.4496 -1.51068
-1.4496 -1.51068
-1.44949 -1.50944
-1.44949 -1.50944
-1.44924 -1.50673
-1.44924 -1.50673
-1.44892 -1.50316
-1.44892 -1.50316
-1.44799 -1.49255
-1.44799 -1.49255
-1.44734 -1.485
-1.44734 -1.485
-1.44696 -1.48056
-1.44696 -1.48056
-1.44596 -1.46943
-1.44596 -1.46943
-1.44636 -1.47311
-1.44636 -1.47311
-1.44533 -1.46349
-1.44533 -1.46349
-1.44448 -1.45573
-1.44448 -1.45573
-1.44414 -1.4525
-1.44414 -1.4525
-1.44366 -1.44822
-1.44366 -1.44822
-1.44272 -1.43935
-1.44272 -1.43935
-1.44258 -1.43814
-1.44258 -1.43814
-1.4407 -1.42183
-1.4407 -1.42183
-1.43956 -1.41188
-1.43956 -1.41188
-1.43805 -1.3989
-1.43805 -1.3989
-1.4368 -1.38788
-1.4368 -1.38788
-1.43659 -1.38588
-1.43659 -1.38588
-1.43464 -1.36767
-1.43464 -1.36767
-1.43397 -1.36218
-1.43397 -1.36218
-1.43253 -1.35083
-1.43253 -1.35083
-1.4314 -1.3422
-1.4314 -1.3422
-1.42899 -1.3263
-1.42899 -1.3263
-1.42775 -1.3193
-1.42775 -1.3193
-1.42522 -1.3062
-1.42522 -1.3062
-1.42468 -1.30367
-1.42468 -1.30367
-1.42183 -1.29147
-1.42183 -1.29147
-1.41855 -1.27858
-1.41855 -1.27858
-1.41678 -1.27207
-1.41678 -1.27207
-1.41302 -1.25926
-1.41302 -1.25926
-1.41177 -1.25522
-1.41177 -1.25522
-1.40936 -1.24841
-1.40936 -1.24841
-1.40503 -1.23665
-1.40503 -1.23665
-1.40212 -1.22883
-1.40212 -1.22883
-1.39929 -1.22101
-1.39929 -1.22101
-1.3954 -1.21041
-1.3954 -1.21041
-1.39031 -1.19623
-1.39031 -1.19623
-1.38892 -1.19233
-1.38892 -1.19233
-1.3862 -1.18482
-1.3862 -1.18482
-1.38162 -1.17188
-1.38162 -1.17188
-1.37919 -1.16505
-1.37919 -1.16505
-1.37593 -1.15618
-1.37593 -1.15618
-1.37156 -1.1445
-1.37156 -1.1445
-1.36721 -1.13303
-1.36721 -1.13303
-1.36512 -1.12752
-1.36512 -1.12752
-1.36039 -1.11494
-1.36039 -1.11494
-1.35563 -1.10169
-1.35563 -1.10169
-1.35149 -1.09047
-1.35149 -1.09047
-1.34509 -1.07311
-1.34509 -1.07311
-1.3384 -1.05559
-1.3384 -1.05559
-1.33543 -1.04838
-1.33543 -1.04838
-1.33033 -1.03677
-1.33033 -1.03677
-1.32523 -1.02573
-1.32523 -1.02573
-1.31733 -1.00944
-1.31733 -1.00944
-1.31516 -1.00512
-1.31516 -1.00512
-1.30742 -0.989741
-1.30742 -0.989741
-1.3011 -0.976904
-1.3011 -0.976904
-1.29076 -0.956325
-1.29076 -0.956325
-1.28838 -0.951618
-1.28838 -0.951618
-1.28145 -0.938111
-1.28145 -0.938111
-1.27868 -0.932974
-1.27868 -0.932974
-1.26768 -0.913295
-1.26768 -0.913295
-1.26162 -0.902992
-1.26162 -0.902992
-1.25665 -0.8949
-1.25665 -0.8949
-1.24799 -0.881464
-1.24799 -0.881464
-1.23881 -0.867818
-1.23881 -0.867818
-1.23138 -0.857461
-1.23138 -0.857461
-1.22335 -0.846401
-1.22335 -0.846401
-1.21488 -0.834734
-1.21488 -0.834734
-1.20855 -0.82599
-1.20855 -0.82599
-1.19886 -0.812638
-1.19886 -0.812638
-1.1951 -0.807524
-1.1951 -0.807524
-1.18462 -0.793305
-1.18462 -0.793305
-1.17155 -0.776031
-1.17155 -0.776031
-1.1693 -0.773186
-1.1693 -0.773186
-1.16075 -0.762835
-1.16075 -0.762835
-1.14996 -0.750356
-1.14996 -0.750356
-1.13574 -0.734539
-1.13574 -0.734539
-1.13209 -0.73059
-1.13209 -0.73059
-1.12042 -0.718687
-1.12042 -0.718687
-1.10831 -0.706664
-1.10831 -0.706664
-1.10116 -0.699803
-1.10116 -0.699803
-1.09573 -0.694866
-1.09573 -0.694866
-1.07991 -0.680795
-1.07991 -0.680795
-1.06802 -0.670127
-1.06802 -0.670127
-1.06217 -0.66495
-1.06217 -0.66495
-1.05113 -0.655159
-1.05113 -0.655159
-1.04018 -0.645386
-1.04018 -0.645386
-1.02583 -0.632423
-1.02583 -0.632423
-1.01797 -0.625467
-1.01797 -0.625467
-1.0051 -0.614129
-1.0051 -0.614129
-0.98989 -0.600706
-0.98989 -0.600706
-0.972243 -0.585276
-0.972243 -0.585276
-0.951999 -0.567313
-0.951999 -0.567313
-0.936869 -0.553816
-0.936869 -0.553816
-0.920361 -0.539099
-0.920361 -0.539099
-0.897772 -0.519207
-0.897772 -0.519207
-0.884488 -0.507698
-0.884488 -0.507698
-0.860556 -0.487721
-0.860556 -0.487721
-0.845657 -0.475785
-0.845657 -0.475785
-0.819485 -0.455774
-0.819485 -0.455774
-0.795855 -0.438243
-0.795855 -0.438243
-0.773237 -0.421585
-0.773237 -0.421585
-0.758175 -0.410478
-0.758175 -0.410478
-0.736689 -0.39476
-0.736689 -0.39476
-0.715473 -0.379158
-0.715473 -0.379158
-0.6959 -0.364762
-0.6959 -0.364762
-0.67504 -0.349506
-0.67504 -0.349506
-0.649965 -0.330965
-0.649965 -0.330965
-0.633306 -0.318616
-0.633306 -0.318616
-0.610894 -0.301961
-0.610894 -0.301961
-0.588477 -0.28535
-0.588477 -0.28535
-0.568314 -0.270599
-0.568314 -0.270599
-0.549545 -0.257472
-0.549545 -0.257472
-0.527676 -0.242669
-0.527676 -0.242669
-0.504062 -0.227431
-0.504062 -0.227431
-0.483271 -0.2146
-0.483271 -0.2146
-0.458452 -0.199888
-0.458452 -0.199888
-0.435224 -0.186764
-0.435224 -0.186764
-0.418992 -0.178076
-0.418992 -0.178076
-0.38572 -0.160924
-0.38572 -0.160924
-0.365263 -0.150834
-0.365263 -0.150834
-0.343467 -0.140678
-0.343467 -0.140678
-0.322701 -0.131533
-0.322701 -0.131533
-0.295642 -0.120309
-0.295642 -0.120309
-0.272352 -0.111314
-0.272352 -0.111314
-0.251247 -0.103504
-0.251247 -0.103504
-0.247208 -0.102066
-0.247208 -0.102066
-0.245963 -0.101601
-0.245963 -0.101601
-0.247414 -0.102143
-0.247414 -0.102143
-0.247692 -0.102248
-0.247692 -0.102248
-0.24454 -0.101063
-0.24454 -0.101063
-0.245354 -0.101369
-0.245354 -0.101369
-0.246752 -0.101895
-0.246752 -0.101895
-0.245893 -0.101574
-0.245893 -0.101574
-0.248388 -0.102508
-0.248388 -0.102508
-0.24419 -0.100936
-0.24419 -0.100936
-0.247744 -0.102265
-0.247744 -0.102265
-0.2446 -0.101088
-0.2446 -0.101088
-0.242316 -0.100236
-0.242316 -0.100236
-0.245082 -0.101267
-0.245082 -0.101267
-0.246961 -0.101966
-0.246961 -0.101966
-0.244614 -0.101096
-0.244614 -0.101096
-0.246421 -0.101773
-0.246421 -0.101773
-0.243853 -0.100815
-0.243853 -0.100815
-0.24457 -0.101082
-0.24457 -0.101082
-0.243084 -0.100525
-0.243084 -0.100525
-0.24665 -0.101854
-0.24665 -0.101854
-0.241969 -0.100115
-0.241969 -0.100115
-0.245612 -0.101466
-0.245612 -0.101466
-0.239271 -0.0991
-0.239271 -0.0991
-0.24508 -0.101265
-0.24508 -0.101265
-0.242427 -0.100275
-0.242427 -0.100275
-0.245707 -0.101493
-0.245707 -0.101493
-0.241329 -0.0998636
-0.241329 -0.0998636
-0.242694 -0.100371
-0.242694 -0.100371
-0.245941 -0.101577
-0.245941 -0.101577
-0.246626 -0.101834
-0.246626 -0.101834
-0.243664 -0.100735
-0.243664 -0.100735
-0.245769 -0.101518
-0.245769 -0.101518
-0.244935 -0.101209
-0.244935 -0.101209
-0.245018 -0.10124
-0.245018 -0.10124
-0.242079 -0.100145
-0.242079 -0.100145
-0.238128 -0.0986808
-0.238128 -0.0986808
-0.243854 -0.100801
-0.243854 -0.100801
-0.241754 -0.100021
-0.241754 -0.100021
-0.241748 -0.100019
-0.241748 -0.100019
-0.243555 -0.100682
-0.243555 -0.100682
-0.238624 -0.0988634
-0.238624 -0.0988634
-0.23939 -0.0991456
-0.23939 -0.0991456
-0.239551 -0.0992051
-0.239551 -0.0992051
-0.239406 -0.0991515
-0.239406 -0.0991515
-0.243473 -0.100655
-0.243473 -0.100655
-0.243669 -0.100727
-0.243669 -0.100727
-0.241758 -0.100021
-0.241758 -0.100021
-0.241821 -0.100044
-0.241821 -0.100044
-0.240014 -0.0993748
-0.240014 -0.0993748
-0.236626 -0.0981192
-0.236626 -0.0981192
