0
0
0
0
0.00343803
0.00344361
0.00344915
0.00345278
0.00596622
0.00595897
0.00893552
0.00893195
0.00475105
0.0047458
0.00376185
0.00375839
0.00425645
0.00425304
0.00836413
0.00835747
0.00675255
0.00674926
0.008845
0.00884016
0.0030231
0.00301678
0.00309666
0.00309043
0.00681493
0.00681032
0.00757508
0.00756904
0.00197613
0.00197168
0.00194066
0.00193777
0.000919332
0.000913695
0.00191425
0.00191
0.00266426
0.00265869
0.00150829
0.00151376
0.00438446
0.00437905
0.000566089
0.000561126
0.000576565
0.000579053
0.000600198
0.000603853
0.000592495
0.000594897
0.000728728
0.000732319
0.0003995
0.000401632
0.00146529
0.00146292
0.000238835
0.00023751
0.00239379
0.00239607
0.0034674
0.00346516
0.000580488
0.000577409
0.000360128
0.00036364
0.00337227
0.00337536
0.0042105
0.00421446
0.00381315
0.00381699
0.00269035
0.00269408
0.00458246
0.00458518
0.00811663
0.00812015
0.000755908
0.000758395
0.00385213
0.00378638
0.00208142
0.000860666
0.00303348
0.00107106
8.42224e-05
0.00204705
0.00108225
0.00401648
0.00358209
0.00161366
0.0025319
0.00143504
0.000851586
0.00379306
0.00511391
0.00711587
0.00245498
0.00544522
0.00181418
0.00528833
0.00301863
0.00703562
0.00357367
0.00760705
0.00523473
0.00794514
0.00696189
0.0117859
0.00696531
0.0134994
0.00988049
0.0164018
0.0128996
0.0194462
0.0131607
0.0197236
0.00797344
0.0129056
0.0117982
0.0167707
0.0180086
0.0246739
0.0148375
0.0198684
0.0120872
0.0187901
0.0161466
0.0195242
0.0179429
0.0213032
0.0163696
0.0211235
0.020366
0.0236581
0.0100432
0.0149115
0.0190809
0.0223394
0.0188876
0.0238465
0.0147254
0.0196825
0.0125891
0.0191922
0.0139152
0.0172785
0.0163665
0.0197948
0.0116927
0.0167213
0.0200256
0.0232132
0.0197236
0.023039
0.0169237
0.0218255
0.0185979
0.0235085
0.0241292
0.0274119
0.0242081
0.029174
0.0221974
0.0287134
0.0187928
0.0250457
0.026375
0.0311893
0.0217545
0.0263966
0.030985
0.0342067
0.0275067
0.0306281
0.0283152
0.0329694
0.0210768
0.0269398
0.0237236
0.0266914
0.0277292
0.0305597
0.024172
0.027147
0.0208903
0.0249846
0.0270586
0.0300928
0.021266
0.0255972
0.0202497
0.0245642
0.0242844
0.027312
0.0258283
0.030453
0.0240041
0.0285856
0.0286808
0.0333901
0.0195191
0.0247647
0.0212731
0.0271608
0.027148
0.0331033
0.0251647
0.0297041
0.024139
0.0301841
0.0263914
0.0294724
0.0250023
0.029617
0.0256698
0.0287778
0.0258606
0.0305489
0.0250087
0.0312489
0.0313816
0.0358604
0.0274839
0.0319517
0.0302205
0.0349304
0.0278492
0.0339613
0.0287733
0.0350081
0.0227669
0.0273183
0.0292592
0.0339954
0.0283959
0.034726
0.029605
0.0359938
0.0315152
0.0363493
0.024465
0.0307027
0.0295892
0.0354132
0.026354
0.0310518
0.0258312
0.0303091
0.0327156
0.0359058
0.0309558
0.0341461
0.0283576
0.0315439
0.0234498
0.0281551
0.0258221
0.0290196
0.0312733
0.0345359
0.0337286
0.0386263
0.0309324
0.0368635
0.0368173
0.0432548
0.0308683
0.0355131
0.0323
0.037094
0.0331855
0.0395926
0.032357
0.0355884
0.0337867
0.0370445
0.033467
0.0367417
0.0300788
0.0349679
0.0350519
0.0399864
0.0360548
0.0424048
0.0334738
0.0396541
0.0352974
0.0417665
0.0376339
0.0423234
0.0356169
0.0420685
0.0371176
0.0436562
0.0351157
0.038389
0.0365332
0.0414589
0.0364821
0.0397959
0.0310664
0.0360028
0.0310927
0.0360258
0.0385617
0.0430561
0.0357461
0.0406456
0.0377508
0.0423883
0.0384679
0.0449582
0.0420113
0.0469134
0.0443132
0.0492436
0.0397479
0.0463268
0.0477324
0.0527203
0.0476333
0.0509864
0.0398403
0.0448365
0.0439477
0.0470485
0.0471078
0.0520414
0.0467677
0.0499238
0.042794
0.0492784
0.0476442
0.0541419
0.0438998
0.0503094
0.0474103
0.0537944
0.0473004
0.0537197
0.057626
0.0640454
0.0531769
0.0591725
0.0461657
0.0493712
0.0517086
0.0564987
0.0553704
0.0585814
0.055209
0.0599931
0.0562325
0.0625715
0.0608782
0.0656062
0.0626114
0.0688914
0.0620671
0.067605
0.0644206
0.0689214
0.056625
0.0624518
0.06587
0.0717649
0.0661758
0.07201
0.0664
0.0736503
0.0718853
0.0748161
0.0669064
0.0712974
0.067342
0.0702531
0.0655673
0.0684903
0.066625
0.0695679
0.0701675
0.0731483
0.0718516
0.0759362
0.0686883
0.0716095
0.0686483
0.071586
0.0600383
0.065693
0.0644489
0.0673594
0.0665316
0.0709437
0.0658738
0.0717434
0.0593879
0.0651567
0.063128
0.0691283
0.0622194
0.065186
0.0596154
0.0651224
0.0600631
0.0660484
0.06343
0.0695751
0.060937
0.0654869
0.0657718
0.0719363
0.063971
0.0701411
0.0666632
0.0697933
0.0666489
0.0697826
0.0656975
0.0687894
0.0676165
0.072255
0.0702209
0.0731138
0.0744898
0.0775998
0.0690402
0.073656
0.0729523
0.0760772
0.0673067
0.0704107
0.0744047
0.0791365
0.0671757
0.0735802
0.0727417
0.0777263
0.0707363
0.0775385
0.0731778
0.0780253
0.0745825
0.0796358
0.0752089
0.0821152
0.0799153
0.0869251
0.0832747
0.0903963
0.0887051
0.0896709
0.0816158
0.081626
0.0892707
0.0892851
0.081145
0.0811597
0.0888092
0.0888242
0.0882878
0.0882954
0.0855624
0.0855701
0.0865731
0.086581
0.0794673
0.0795765
0.0859971
0.0861121
0.0884217
0.0886205
0.089521
0.0896855
0.0852241
0.0856109
0.086748
0.0872787
0.0944168
0.0953099
0.0955517
0.0958019
0.0931374
0.0928723
0.0884946
0.0887391
0.0926496
0.0927982
0.09476
0.0950407
0.0879144
0.0880439
0.0894759
0.0896621
0.0859575
0.0860711
0.0903194
0.0902021
0.0894243
0.0894394
0.0861658
0.0861947
0.0890019
0.0891042
0.088239
0.0883027
0.0876402
0.0877001
0.0883241
0.088442
0.08698
0.0870604
0.0889221
0.0890292
0.0879722
0.0880434
0.087678
0.087742
0.0876316
0.0876521
0.085188
0.0851897
0.0871918
0.0871946
0.0870454
0.0870473
0.0849616
0.0849641
0.0885768
0.0885787
0.0879896
0.0879924
0.0884598
0.0884626
0.0878227
0.0878255
0.0871076
0.0871094
0.0870389
0.0870407
0.0889553
0.0889571
0.0869968
0.0869985
0.0892584
0.0895643
0.0871127
0.0874609
0.0861419
0.087119
0.0875721
0.0888334
0.0838624
0.0845302
0.0839618
0.0849601
0.0840345
0.085127
0.083488
0.0845777
0.0845155
0.0851453
0.0858431
0.0865692
0.0815466
0.0823658
0.0806503
0.0811729
0.080524
0.0813722
0.0795367
0.0807309
0.0777531
0.0790173
0.0770331
0.0786847
0.0764424
0.0777148
0.0763976
0.0783806
0.0734007
0.0744958
0.0741198
0.0755571
0.075033
0.0767586
0.0743977
0.076819
0.0700461
0.0717634
0.0699904
0.0709352
0.071547
0.0726905
0.0697108
0.0708473
0.0675771
0.0694932
0.0662169
0.0674299
0.0647095
0.0664896
0.0648494
0.066219
0.0624022
0.0635927
0.0624731
0.0638424
0.0612061
0.062573
0.0605237
0.0618628
0.0591374
0.0612755
0.0582327
0.0612309
0.0549743
0.0572936
0.0563574
0.0586496
0.0553569
0.0576949
0.0543133
0.0575717
0.0543428
0.0579163
0.0521323
0.0554795
0.0491033
0.0516347
0.050299
0.0528305
0.0487486
0.0503338
0.0474092
0.0489792
0.0443269
0.0461688
0.0455331
0.0480608
0.0419866
0.0444682
0.0431986
0.0466279
0.0416683
0.0448588
0.0421746
0.0447617
0.0398639
0.0432226
0.039776
0.0425083
0.0379527
0.0395978
0.0384381
0.0403547
0.0350083
0.0364737
0.0355832
0.0383352
0.032696
0.0348699
0.0320328
0.0342005
0.0334121
0.0353807
0.0289914
0.0302443
0.0311248
0.0342696
0.0270024
0.0299846
0.0248795
0.0265579
0.0258793
0.0294147
0.0255384
0.0283232
0.0229101
0.0255157
0.0224309
0.0255705
0.0219147
0.0261712
0.0196352
0.0219354
0.0182356
0.0188615
0.0182938
0.019852
0.0166262
0.0180275
0.014948
0.0181727
0.0136818
0.0149997
0.0126117
0.0153765
0.0117387
0.013742
0.00933624
0.0101028
0.0104457
0.0132219
0.00767727
0.0113828
0.00560121
0.00660972
0.00422199
0.00407276
0.00255248
0.00550588
0.00358857
0.00757664
0.000619894
0.00656174
0.00160998
0.00621422
0.00429235
0.00980292
0.00480393
0.00822218
0.00851059
0.00734522
0.00788662
0.0137618
0.00931247
0.0148886
0.0111803
0.0152397
0.0118326
0.0153476
0.0125925
0.015709
0.0140391
0.0170998
0.0163749
0.0184576
0.0173467
0.0189707
0.0189448
0.02061
0.0201373
0.0206119
0.021471
0.0227118
0.0243078
0.0264198
0.0254431
0.0286391
0.0250137
0.0274414
0.0265711
0.0295623
0.0280269
0.0311823
0.0289753
0.0309489
0.03022
0.0322437
0.0325779
0.0373711
0.0347964
0.0372754
0.0367009
0.0394865
0.0401555
0.0458108
0.0418796
0.0453725
0.0438862
0.0474508
0.0460942
0.0514952
0.0544931
0.0604152
0.052081
0.0576254
0.0555914
0.0604845
0.0590067
0.0657171
0.0626366
0.0674778
0.0660451
0.0705317
0.0692289
0.0739502
0.0726676
0.0776186
0.0759298
0.0808236
0.0794616
0.0816636
0.0834324
0.0860738
0.0869777
0.0896083
0.0899022
0.0917665
0.0927187
0.0955437
0.0965682
0.100397
0.0991297
0.102438
0.102181
0.105961
0.105454
0.109082
0.108808
0.112215
0.112009
0.114854
0.115207
0.118569
0.118151
0.1216
0.121184
0.123825
0.124448
0.126359
0.127479
0.131576
0.13117
0.132899
0.13428
0.135833
0.137102
0.139216
0.140667
0.142369
0.143376
0.145593
0.146605
0.148725
0.150304
0.151447
0.153473
0.155801
0.157339
0.159165
0.159421
0.162196
0.162866
0.164411
0.166108
0.16834
0.169184
0.171577
0.172303
0.17494
0.175988
0.178008
0.178918
0.181278
0.182526
0.184387
0.185666
0.188835
0.188962
0.190084
0.19185
0.193206
0.195616
0.197229
0.19896
0.200449
0.202479
0.203771
0.205851
0.207259
0.208901
0.210941
0.212519
0.214628
0.216282
0.217925
0.219538
0.220703
0.22321
0.224214
0.2267
0.227695
0.230001
0.231147
0.233526
0.234961
0.237226
0.238178
0.240583
0.242393
0.244213
0.245917
0.247982
0.249295
0.251207
0.252977
0.254252
0.256662
0.258622
0.260088
0.262427
0.263776
0.265806
0.267381
0.269936
0.271159
0.273269
0.275335
0.276907
0.279076
0.280543
0.281283
0.284434
0.285487
0.288154
0.288724
0.29131
0.292244
0.294498
0.295526
0.29822
0.299068
0.301383
0.302464
0.3049
0.30547
0.306717
0.30716
0.307171
0.307172
0.307326
0.307327
0.307401
0.3074
0.306069
0.306068
0.30644
0.306439
0.306194
0.306198
0.306807
0.306854
0.306592
0.306649
0.306876
0.306846
0.306502
0.30645
0.306821
0.306747
0.305692
0.305749
0.306244
0.306275
0.305304
0.305338
0.30589
0.305927
0.307451
0.307499
0.307791
0.30821
0.306301
0.306508
0.305908
0.305981
0.306405
0.306523
0.3082
0.308284
0.305343
0.305477
0.304695
0.304838
0.308309
0.308464
0.309539
0.309756
0.301909
0.302077
0.306682
0.30686
0.309743
0.309928
0.305754
0.306008
0.307116
0.307379
0.300357
0.300492
0.31064
0.31078
0.305976
0.306188
0.308424
0.308568
0.31042
0.310564
0.306904
0.306991
0.307984
0.308003
0.308947
0.308912
0.308382
0.308349
0.306538
0.306507
0.304268
0.304237
0.310613
0.310569
0.304956
0.304897
0.302836
0.303718
0.304044
0.305894
0.308146
0.310603
0.307766
0.310211
0.3031
0.305661
0.310108
0.311934
0.30668
0.308477
0.306403
0.308181
0.308872
0.310936
0.304224
0.305395
0.309061
0.311369
0.30137
0.303106
0.305823
0.308464
0.308415
0.310216
0.306308
0.309025
0.308617
0.310468
0.304854
0.306723
0.306395
0.30923
0.312388
0.316223
0.313932
0.316847
0.311232
0.315135
0.304895
0.307823
0.307493
0.311296
0.30727
0.311408
0.307593
0.311492
0.311344
0.313316
0.308958
0.310937
0.307669
0.310636
0.31361
0.315613
0.310756
0.313748
0.31391
0.31667
0.317187
0.319212
0.320275
0.322328
0.318955
0.321015
0.312122
0.315193
0.313498
0.317565
0.311854
0.315444
0.316711
0.320299
0.31593
0.318954
0.317585
0.321666
0.314639
0.317785
0.314686
0.316805
0.318637
0.320765
0.320942
0.325179
0.322483
0.324592
0.322443
0.325551
0.318044
0.320093
0.320819
0.322855
0.325374
0.329426
0.322609
0.325525
0.323389
0.32532
0.322135
0.325053
0.316488
0.320353
0.320766
0.32413
0.322856
0.324448
0.318498
0.321385
0.32875
0.330695
0.318235
0.320189
0.318495
0.321428
0.326089
0.328064
0.319368
0.321353
0.316361
0.318354
0.318232
0.320233
0.316193
0.318196
0.316715
0.3197
0.314491
0.316489
0.318217
0.32105
0.321228
0.324166
0.323529
0.326461
0.320699
0.322626
0.317005
0.320762
0.317942
0.320276
0.311469
0.315069
0.32167
0.323619
0.317835
0.319793
0.315888
0.319828
0.318531
0.32051
0.320139
0.322128
0.317487
0.319964
0.32434
0.327486
0.316051
0.321019
0.317618
0.322527
0.314339
0.317636
0.31308
0.317984
0.319251
0.325359
0.311392
0.316133
0.315497
0.320421
0.312307
0.318979
0.315305
0.318674
0.309283
0.312652
0.312225
0.315576
0.30888
0.312104
0.316048
0.320968
0.313402
0.316697
0.310006
0.313294
0.311486
0.317991
0.309539
0.312502
0.31389
0.316826
0.315987
0.31917
0.313158
0.316341
0.314444
0.31914
0.313957
0.320201
0.315402
0.318531
0.310005
0.313148
0.313827
0.318618
0.313925
0.31873
0.309939
0.316279
0.312062
0.316378
0.311676
0.318062
0.310511
0.315319
0.30797
0.314391
0.311673
0.314901
0.309086
0.313265
0.308202
0.312729
0.309866
0.314445
0.305167
0.311998
0.299844
0.306404
0.303217
0.312227
0.304182
0.312953
0.30539
0.314259
0.30302
0.307454
0.311526
0.315999
0.307905
0.312402
0.307174
0.313835
0.297434
0.301846
0.303292
0.309899
0.301391
0.308074
0.311217
0.31571
0.30237
0.30686
0.304009
0.308504
0.308097
0.314801
0.30806
0.312417
0.3006
0.308778
0.300697
0.309218
0.300235
0.308817
0.299116
0.305612
0.301605
0.310328
0.298618
0.307395
0.305625
0.314481
0.301637
0.31217
0.295137
0.299466
0.30242
0.308912
0.304498
0.310994
0.299376
0.307999
0.291838
0.300416
0.299559
0.305983
0.296331
0.304568
0.294576
0.300846
0.297492
0.303553
0.302776
0.308975
0.295171
0.299334
0.292501
0.296687
0.295553
0.301825
0.295994
0.302209
0.292828
0.302497
0.291666
0.299492
0.294893
0.30575
0.29478
0.305728
0.297989
0.30405
0.290698
0.300519
0.281422
0.295652
0.287363
0.299392
0.289968
0.298118
0.284897
0.292928
0.291946
0.300085
0.285734
0.297867
0.291415
0.303552
0.283512
0.291553
0.278988
0.291041
0.275747
0.287859
0.285913
0.293969
0.284143
0.292221
0.282829
0.290945
0.279312
0.291669
0.27452
0.291017
0.268437
0.284897
0.272722
0.289323
0.269958
0.286631
0.267377
0.284175
0.267679
0.284409
0.274274
0.282728
0.273192
0.281626
0.270481
0.278869
0.267038
0.279552
0.267644
0.276054
0.266296
0.274655
0.268946
0.281278
0.260767
0.273207
0.259024
0.275623
0.260257
0.276777
0.26268
0.278966
0.258393
0.27075
0.258604
0.275106
0.25989
0.265194
0.261073
0.261128
0.259877
0.259915
0.261512
0.26155
0.261898
0.261954
0.258697
0.258753
0.259683
0.259721
0.261228
0.261321
0.260458
0.260533
0.26321
0.263266
0.258894
0.258969
0.262759
0.262797
0.25957
0.259646
0.257286
0.257324
0.260303
0.260341
0.262389
0.262428
0.260024
0.260082
0.262037
0.262114
0.259456
0.259533
0.260325
0.260402
0.258879
0.258937
0.262738
0.262796
0.257943
0.258002
0.26188
0.261958
0.25534
0.255399
0.261554
0.261632
0.258886
0.258944
0.262444
0.262522
0.257986
0.258045
0.259536
0.259575
0.263061
0.263101
0.2639
0.263939
0.26089
0.26095
0.263238
0.263297
0.262482
0.262542
0.262688
0.262748
0.259722
0.259782
0.255679
0.255758
0.261802
0.261881
0.259758
0.259797
0.259851
0.259911
0.261843
0.261923
0.256816
0.256876
0.257719
0.257799
0.258027
0.258067
0.257995
0.258035
0.26236
0.26242
0.262705
0.262765
0.260821
0.260862
0.261008
0.261049
0.259234
0.259294
0.255801
0.255842
