0
0
0
0
0.00343803
0.00344361
0.00344915
0.00345278
0.00769511
0.00768962
0.00906653
0.0090613
0.00544075
0.00543624
0.0074495
0.00744701
0.00798896
0.00798637
0.0100981
0.0100954
0.00798813
0.00798539
0.0119183
0.0119148
0.00657476
0.00657338
0.0031052
0.003099
0.0113144
0.0113117
0.0117774
0.0117755
0.00577027
0.00576932
0.00483037
0.00482869
0.00458736
0.00458633
0.00670313
0.00670198
0.0040784
0.00407484
0.00770475
0.00770589
0.00784846
0.00784697
0.0091202
0.00912008
0.00576013
0.00576053
0.00450858
0.00450908
0.00519244
0.00519272
0.0060272
0.00602764
0.00551253
0.00551269
0.00314859
0.00314748
0.00557214
0.00557208
0.00797353
0.00797421
0.00806365
0.00806267
0.00693849
0.00693821
0.00866824
0.00866834
0.00816566
0.00816689
0.0124452
0.0124462
0.010546
0.0105469
0.0101652
0.0101661
0.0120117
0.0120127
0.0135518
0.0135538
0.0104519
0.010452
0.0115634
0.0115205
0.00812966
0.00788777
0.00764458
0.00707745
0.00749617
0.00774908
0.0121349
0.0127022
0.0130122
0.0125878
0.0126809
0.0125673
0.00777081
0.0081924
0.0137253
0.0145633
0.0157154
0.0165904
0.0160207
0.01658
0.0128936
0.0139978
0.0106813
0.0125661
0.0164528
0.0174726
0.0140261
0.0168992
0.0122875
0.0168177
0.0154323
0.0201763
0.0183699
0.0212657
0.0167128
0.0221965
0.0193206
0.0217631
0.0195114
0.0228097
0.0219932
0.0276627
0.0204144
0.0251868
0.0234414
0.0274366
0.0214569
0.0240694
0.0253513
0.0278009
0.0221931
0.0258499
0.0271537
0.0296668
0.0242472
0.0265623
0.0200937
0.0255089
0.0266603
0.0303197
0.0184629
0.0239969
0.0164908
0.0218822
0.0191416
0.0216767
0.0213635
0.0241122
0.0287535
0.0313175
0.0334885
0.0356844
0.0300013
0.0326091
0.0320246
0.0355089
0.0337986
0.0375162
0.0370462
0.0398635
0.037205
0.0414015
0.0398079
0.045253
0.0421091
0.0469162
0.0467208
0.049586
0.0480358
0.0517758
0.0540712
0.05695
0.0476585
0.0506604
0.0534064
0.0562465
0.0457284
0.0484526
0.045202
0.0492827
0.0480996
0.0520558
0.0452964
0.0481816
0.0429094
0.0456479
0.0493446
0.0521915
0.0484242
0.0510134
0.0422065
0.0463405
0.0479841
0.0507446
0.0472773
0.0516681
0.0447075
0.0491338
0.0490687
0.054933
0.044718
0.0472043
0.0433881
0.0490382
0.0490591
0.0547195
0.0474229
0.0517103
0.0489462
0.0543951
0.0477408
0.0506891
0.0515627
0.0542324
0.0483861
0.0525703
0.0481613
0.0525614
0.0489751
0.0533831
0.0520052
0.0563221
0.0512697
0.0568435
0.0519986
0.0565026
0.0491642
0.0550529
0.0500463
0.0560493
0.0427067
0.0485357
0.0501421
0.0560566
0.0477163
0.0540131
0.0512443
0.0573372
0.0519987
0.0566946
0.0449769
0.0510619
0.0508738
0.0564913
0.0458408
0.0521525
0.0478769
0.0521471
0.0542341
0.057294
0.0553366
0.0582488
0.0536372
0.0564919
0.0488486
0.0517517
0.0483158
0.0526603
0.0538203
0.0584058
0.0561816
0.0607983
0.0563327
0.061677
0.058526
0.0647319
0.0537125
0.0580465
0.0553189
0.0596888
0.0551321
0.0612635
0.0556881
0.0587016
0.0553502
0.0584783
0.056431
0.0595014
0.0541589
0.0586528
0.0585213
0.0631201
0.0633804
0.0662279
0.058514
0.0641831
0.0626097
0.0656044
0.0622317
0.0667579
0.0615902
0.0674345
0.0602232
0.0664021
0.060015
0.0630091
0.0622203
0.0666873
0.0619207
0.0649288
0.0583384
0.0613179
0.0553211
0.0584451
0.0618645
0.0661066
0.0622495
0.0652385
0.0639137
0.0681207
0.0636116
0.0695956
0.0683384
0.0727937
0.0699452
0.074477
0.0666254
0.0725483
0.0693864
0.0758653
0.0725713
0.07568
0.0645948
0.0692072
0.069434
0.0736633
0.0718099
0.0764347
0.0719117
0.0776692
0.0701908
0.0745667
0.07485
0.0807511
0.0705444
0.0749657
0.0743969
0.0787213
0.0754593
0.0796457
0.0847606
0.0902743
0.0798262
0.0836088
0.0737409
0.0762769
0.0770361
0.0822519
0.0796321
0.0835198
0.0825094
0.0850071
0.0802879
0.0841746
0.0828594
0.0865979
0.0862638
0.0887306
0.0829423
0.0872177
0.0833483
0.0867818
0.0807375
0.0847728
0.0840116
0.0874138
0.0792292
0.0838197
0.0828538
0.085026
0.0879515
0.0900983
0.0809172
0.0830426
0.0815378
0.0836496
0.0797894
0.0818932
0.0805987
0.0827381
0.0828403
0.0850812
0.0864429
0.088485
0.0826783
0.0857535
0.0850219
0.0871052
0.0778849
0.0798157
0.0809813
0.0829905
0.0793361
0.0825822
0.083144
0.0862944
0.0752738
0.0792434
0.0823175
0.086449
0.0786803
0.0807874
0.0786245
0.0824411
0.0757273
0.0801182
0.0813197
0.0858337
0.0797376
0.083102
0.085436
0.0899461
0.0846793
0.0891042
0.0836993
0.0884543
0.0827917
0.0851634
0.0809126
0.0832708
0.0848345
0.0883354
0.0850025
0.0872538
0.0870594
0.0895702
0.0841713
0.0877432
0.0887401
0.0911604
0.0805569
0.0829846
0.090706
0.094384
0.0832313
0.0881542
0.0900633
0.0952968
0.0920704
0.0973352
0.0927424
0.0979798
0.0973927
0.102939
0.0953149
0.0983026
0.104795
0.107922
0.106753
0.109991
0.114
0.114899
0.107018
0.107028
0.114267
0.114281
0.108526
0.108539
0.114683
0.114697
0.114408
0.114422
0.111697
0.111708
0.115213
0.11522
0.109644
0.109692
0.115221
0.115326
0.115679
0.115868
0.118052
0.118277
0.115537
0.115917
0.113871
0.114544
0.12263
0.123576
0.123977
0.124207
0.121463
0.121158
0.116504
0.116679
0.121175
0.121524
0.123644
0.123987
0.115664
0.115919
0.117787
0.117957
0.113097
0.11335
0.118891
0.118706
0.117615
0.117637
0.112445
0.112491
0.117122
0.117288
0.115141
0.115364
0.11583
0.11605
0.115421
0.115645
0.113055
0.113224
0.116235
0.116406
0.113977
0.114148
0.112254
0.112427
0.112796
0.112868
0.105994
0.105998
0.110761
0.110766
0.110643
0.110646
0.102936
0.102939
0.116039
0.116042
0.112898
0.112901
0.115239
0.115243
0.114053
0.114056
0.1119
0.111903
0.111238
0.111241
0.116855
0.11686
0.11197
0.111973
0.116447
0.117332
0.112267
0.113443
0.112644
0.114399
0.115633
0.119222
0.107934
0.110551
0.109541
0.112233
0.110201
0.113799
0.111179
0.113835
0.114485
0.116282
0.119348
0.122031
0.107865
0.10969
0.104687
0.107449
0.107374
0.110119
0.108351
0.112195
0.104117
0.108863
0.101634
0.107794
0.104485
0.109025
0.105571
0.111759
0.0980176
0.102749
0.103715
0.108424
0.108568
0.11324
0.110436
0.115125
0.101998
0.106607
0.102974
0.106075
0.107812
0.110816
0.105536
0.108735
0.102414
0.106216
0.0996748
0.107251
0.101677
0.107399
0.102015
0.105923
0.0981377
0.102028
0.101126
0.105004
0.100024
0.105849
0.1017
0.1071
0.0998479
0.105656
0.100654
0.108308
0.0939804
0.0997756
0.0998777
0.107686
0.100176
0.107923
0.0991203
0.106944
0.102672
0.110338
0.0991082
0.106847
0.0934651
0.100784
0.0991842
0.105043
0.0980749
0.101997
0.0974641
0.10332
0.0924678
0.0964539
0.0972868
0.103094
0.089101
0.0969312
0.0986985
0.102594
0.0928666
0.100567
0.0959672
0.101668
0.0927129
0.100673
0.0948129
0.100828
0.0929511
0.0989837
0.0961898
0.10023
0.0881621
0.0941387
0.0949219
0.0989276
0.0900087
0.0939997
0.0892317
0.094725
0.0908682
0.0987945
0.0825351
0.0905225
0.0912719
0.0973015
0.0863962
0.0944481
0.0827781
0.0904984
0.0894082
0.0975786
0.0915752
0.097751
0.0867596
0.0949939
0.0891248
0.0973647
0.0928682
0.0967076
0.0882848
0.0923033
0.088929
0.0929401
0.0937632
0.0978601
0.0930931
0.097205
0.0922165
0.096346
0.0932456
0.0974022
0.0941788
0.0983429
0.0953558
0.099491
0.0896999
0.095639
0.0975311
0.101627
0.0944587
0.100521
0.0916848
0.0954696
0.0892426
0.0933295
0.0921084
0.0982075
0.0943334
0.0984099
0.0934072
0.0973561
0.0921655
0.0962086
0.0929771
0.099046
0.0877614
0.0958974
0.0835447
0.0916447
0.0925069
0.100458
0.0916516
0.0995321
0.0902913
0.0961134
0.0898587
0.0977097
0.0854854
0.0933996
0.0872483
0.0931448
0.0882
0.0922249
0.0855603
0.0895534
0.0859156
0.0897421
0.0772108
0.0829182
0.0825805
0.0864066
0.0880677
0.0939096
0.0873895
0.0933177
0.0812885
0.0889133
0.0842156
0.0901329
0.0831406
0.0910378
0.0805653
0.0864917
0.0795995
0.0873757
0.0891435
0.0968048
0.0874064
0.0932196
0.0874179
0.0940722
0.0927481
0.103405
0.0903388
0.0980145
0.0853144
0.0978882
0.0855741
0.0998767
0.0926279
0.112875
0.0889572
0.0993776
0.0835892
0.0994447
0.0849354
0.105973
0.0876136
0.108507
0.0868045
0.107766
0.081865
0.102647
0.0912475
0.106573
0.0926242
0.107819
0.0896406
0.109798
0.0948434
0.115309
0.101604
0.121203
0.0979843
0.112236
0.100018
0.10963
0.107906
0.121606
0.107534
0.116599
0.103663
0.121402
0.104685
0.122135
0.105175
0.122495
0.114706
0.127374
0.106264
0.123487
0.115698
0.13198
0.118105
0.134639
0.119573
0.135153
0.123193
0.139337
0.130308
0.146188
0.125109
0.136971
0.134253
0.141662
0.135788
0.143314
0.139337
0.146706
0.136678
0.147351
0.138646
0.145546
0.14
0.150742
0.144007
0.15775
0.146091
0.156522
0.146194
0.155867
0.147099
0.159965
0.153338
0.165907
0.155116
0.167896
0.156754
0.166402
0.160159
0.172292
0.166174
0.175263
0.169198
0.178442
0.166959
0.172909
0.173366
0.181663
0.176448
0.1849
0.171854
0.182769
0.184142
0.191998
0.181962
0.192338
0.184102
0.194824
0.186497
0.197143
0.186941
0.19713
0.197249
0.205355
0.202505
0.207514
0.200749
0.205829
0.20521
0.210097
0.209704
0.215042
0.214708
0.21949
0.221305
0.228657
0.221371
0.228592
0.220359
0.22721
0.226908
0.231787
0.23177
0.241205
0.226212
0.235069
0.232141
0.240462
0.238038
0.246757
0.237324
0.245294
0.245688
0.249879
0.242653
0.249177
0.252065
0.258135
0.260195
0.26598
0.255204
0.258987
0.26729
0.274807
0.275168
0.278969
0.273266
0.276961
0.275434
0.280995
0.280532
0.282408
0.286737
0.287666
0.293696
0.2937
0.288973
0.288975
0.291307
0.291308
0.289563
0.289563
0.288886
0.288886
0.285851
0.285863
0.289668
0.289719
0.286393
0.286502
0.296397
0.296352
0.291666
0.291589
0.291618
0.291539
0.293812
0.293895
0.298354
0.298401
0.298777
0.298874
0.297397
0.297501
0.296901
0.296966
0.304899
0.30514
0.299984
0.300249
0.29839
0.298482
0.302042
0.302139
0.301038
0.301142
0.300261
0.300422
0.300787
0.300957
0.303371
0.303552
0.310105
0.310352
0.301452
0.301642
0.306527
0.306725
0.312214
0.312484
0.306942
0.30722
0.309104
0.309246
0.304072
0.304434
0.315223
0.31537
0.309178
0.309401
0.312395
0.312545
0.315071
0.315219
0.310777
0.310867
0.312936
0.312956
0.313005
0.31297
0.311893
0.311843
0.310669
0.310636
0.308987
0.308941
0.314109
0.314063
0.310998
0.310937
0.306585
0.307506
0.306978
0.308919
0.312232
0.314812
0.310886
0.313469
0.307038
0.309757
0.314888
0.318758
0.308839
0.312697
0.307998
0.309917
0.310416
0.312652
0.305038
0.306958
0.310928
0.313456
0.302989
0.304895
0.305858
0.307799
0.310605
0.312555
0.308678
0.310648
0.309661
0.311653
0.307011
0.310002
0.307687
0.310713
0.316445
0.318465
0.315607
0.318686
0.313862
0.316945
0.30744
0.310515
0.30901
0.312992
0.308935
0.310608
0.308879
0.310904
0.313281
0.315328
0.31085
0.312899
0.309133
0.3122
0.316286
0.318344
0.313781
0.315835
0.316298
0.318189
0.319067
0.321126
0.322934
0.325015
0.320554
0.322635
0.314593
0.31769
0.315655
0.319745
0.313806
0.31741
0.319116
0.322714
0.317274
0.321292
0.319991
0.324069
0.317189
0.320323
0.317057
0.319158
0.320866
0.322963
0.323073
0.327231
0.324053
0.326126
0.324125
0.327167
0.319292
0.321298
0.321055
0.325038
0.326636
0.330581
0.322386
0.326175
0.322268
0.326059
0.323052
0.325893
0.317382
0.321143
0.321358
0.324637
0.323483
0.326638
0.318786
0.322554
0.329132
0.331025
0.317635
0.319546
0.318789
0.3207
0.325608
0.327539
0.319059
0.320996
0.315824
0.317771
0.318571
0.320515
0.314715
0.316682
0.315439
0.318367
0.313427
0.315383
0.317776
0.319614
0.320157
0.323035
0.323564
0.326432
0.319256
0.321147
0.315421
0.319112
0.316666
0.318953
0.31016
0.313679
0.320781
0.322682
0.316556
0.318468
0.314363
0.317237
0.316277
0.318221
0.318855
0.321755
0.315381
0.317811
0.321431
0.326153
0.315629
0.31889
0.315029
0.319856
0.311241
0.314493
0.310768
0.315576
0.316597
0.322599
0.306975
0.313066
0.312575
0.317412
0.309568
0.316101
0.312094
0.315396
0.305479
0.308788
0.308345
0.311631
0.30501
0.311383
0.31045
0.313711
0.308064
0.311316
0.304882
0.308118
0.306238
0.311052
0.30311
0.307529
0.308702
0.311578
0.309254
0.312399
0.307193
0.310323
0.309363
0.313961
0.310917
0.313989
0.306445
0.312637
0.301562
0.307759
0.306404
0.312665
0.308475
0.313187
0.303697
0.309942
0.3055
0.311224
0.306027
0.312289
0.304344
0.310678
0.300443
0.306806
0.304811
0.307996
0.302279
0.310836
0.301583
0.308246
0.303049
0.307564
0.298462
0.305184
0.293659
0.300075
0.297771
0.304451
0.296831
0.303301
0.296172
0.304993
0.294292
0.298686
0.303005
0.307433
0.298237
0.30272
0.297942
0.302406
0.2891
0.295634
0.297089
0.301422
0.293528
0.298004
0.302631
0.309263
0.293521
0.302414
0.294125
0.298599
0.297319
0.304031
0.292898
0.301716
0.289451
0.297661
0.289339
0.297907
0.288674
0.297313
0.288959
0.295447
0.290374
0.299142
0.287878
0.296675
0.294772
0.303656
0.292822
0.301225
0.283768
0.290285
0.29302
0.297412
0.292233
0.298825
0.292771
0.297087
0.280156
0.288845
0.28878
0.295257
0.285427
0.293743
0.283175
0.289527
0.284193
0.29041
0.294061
0.298209
0.284339
0.29064
0.279849
0.286249
0.285011
0.289314
0.285151
0.29145
0.281171
0.291016
0.276885
0.287485
0.283478
0.294527
0.283094
0.294255
0.283655
0.292969
0.279275
0.289278
0.27063
0.285075
0.276993
0.285143
0.278394
0.286724
0.274274
0.282444
0.281154
0.289456
0.274368
0.28271
0.281032
0.289347
0.273025
0.28127
0.268549
0.280911
0.265634
0.278044
0.276587
0.284806
0.265915
0.282529
0.273213
0.281525
0.270187
0.282806
0.269639
0.282313
0.259674
0.276471
0.264072
0.281032
0.26169
0.278694
0.259519
0.276618
0.260031
0.277114
0.26717
0.284386
0.266293
0.274933
0.263959
0.272584
0.26518
0.273791
0.262074
0.270712
0.261353
0.269912
0.268321
0.276772
0.256306
0.26912
0.254854
0.271986
0.256487
0.273585
0.268009
0.276417
0.255659
0.268456
0.256589
0.273635
0.257842
0.263358
0.259267
0.259325
0.258144
0.258221
0.259947
0.260004
0.260148
0.260187
0.256959
0.257016
0.258127
0.258185
0.25948
0.259538
0.258811
0.258888
0.261545
0.261623
0.257094
0.257172
0.261183
0.261223
0.257854
0.257893
0.255568
0.255608
0.258572
0.258611
0.260722
0.260762
0.258241
0.258301
0.260348
0.260407
0.257672
0.257752
0.258737
0.258816
0.257233
0.257293
0.261032
0.261112
0.256089
0.25615
0.260056
0.260116
0.253541
0.253621
0.259789
0.25987
0.25704
0.257121
0.260698
0.260779
0.256112
0.256173
0.2577
0.257741
0.261506
0.261547
0.262227
0.262268
0.259312
0.259373
0.261587
0.261649
0.260759
0.26082
0.261079
0.26114
0.257889
0.257951
0.253854
0.253936
0.260077
0.260159
0.257944
0.258026
0.258376
0.258458
0.26029
0.260372
0.254988
0.255051
0.25604
0.256103
0.256263
0.256305
0.256231
0.256272
0.260941
0.261003
0.260936
0.260998
0.259144
0.259186
0.259237
0.259279
0.257492
0.257554
0.254062
0.254104
