0 0
0 0
0 0
0 0
0 0
0 0
0 0
0 0
-0.00941712 0.00468394
-0.00941712 0.00468394
-0.0123943 0.00138854
-0.0123943 0.00138854
-0.00821946 0.00248319
-0.00821946 0.00248319
-0.00724448 0.00625135
-0.00724448 0.00625135
-0.0077507 0.00658109
-0.0077507 0.00658109
-0.0118672 0.00548153
-0.0118672 0.00548153
-0.010265 0.00409214
-0.010265 0.00409214
-0.012381 0.0077955
-0.012381 0.0077955
-0.00656236 0.00565573
-0.00656236 0.00565573
-0.00663263 0.0001314
-0.00663263 0.0001314
-0.0103836 0.0088387
-0.0103836 0.0088387
-0.0111517 0.00882592
-0.0111517 0.00882592
-0.00555204 0.00523816
-0.00555204 0.00523816
-0.00552538 0.00423928
-0.00552538 0.00423928
-0.00450097 0.00431297
-0.00450097 0.00431297
-0.00551801 0.00623913
-0.00551801 0.00623913
-0.00626522 0.00290897
-0.00626522 0.00290897
-0.00213279 0.00737778
-0.00213279 0.00737778
-0.00801781 0.00631886
-0.00801781 0.00631886
-0.00418878 0.00891975
-0.00418878 0.00891975
-0.00312652 0.00555375
-0.00312652 0.00555375
-0.00310948 0.00429265
-0.00310948 0.00429265
-0.00312686 0.0049817
-0.00312686 0.0049817
-0.00299146 0.00580599
-0.00299146 0.00580599
-0.00335248 0.00531947
-0.00335248 0.00531947
-0.00515414 0.00259687
-0.00515414 0.00259687
-0.00385206 0.00538564
-0.00385206 0.00538564
-0.0013418 0.00743547
-0.0013418 0.00743547
-0.00719537 0.00708185
-0.00719537 0.00708185
-0.00428362 0.00673031
-0.00428362 0.00673031
-0.0034496 0.00848032
-0.0034496 0.00848032
-0.000386577 0.00727181
-0.000386577 0.00727181
0.000436119 0.0115455
0.000436119 0.0115455
3.91144e-05 0.00966578
3.91144e-05 0.00966578
-0.00109128 0.00963192
-0.00109128 0.00963192
0.000791571 0.0109403
0.000791571 0.0109403
0.00432378 0.0107042
0.00432378 0.0107042
-0.00305781 0.0102458
-0.00305781 0.0102458
4.58845e-05 0.0107619
4.58845e-05 0.0107619
-0.00122288 0.00774867
-0.00122288 0.00774867
0.00341082 0.00696887
0.00341082 0.00696887
0.00615032 0.00752324
0.00615032 0.00752324
0.0100343 0.0121869
0.0100343 0.0121869
0.0215373 0.0127396
0.0215373 0.0127396
0.0254068 0.0129066
0.0254068 0.0129066
0.0290113 0.00814381
0.0290113 0.00814381
0.0306599 0.0132491
0.0306599 0.0132491
0.0383214 0.0159571
0.0383214 0.0159571
0.0450026 0.0164852
0.0450026 0.0164852
0.0513363 0.0130206
0.0513363 0.0130206
0.0588963 0.0110782
0.0588963 0.0110782
0.0666544 0.0167603
0.0666544 0.0167603
0.0733794 0.013491
0.0733794 0.013491
0.0816156 0.0115894
0.0816156 0.0115894
0.0884183 0.0134791
0.0884183 0.0134791
0.0952623 0.0105811
0.0952623 0.0105811
0.104857 0.0123288
0.104857 0.0123288
0.119912 0.0197991
0.119912 0.0197991
0.126028 0.0179408
0.126028 0.0179408
0.129825 0.0152423
0.129825 0.0152423
0.144696 0.0184134
0.144696 0.0184134
0.155847 0.0230969
0.155847 0.0230969
0.163652 0.0174309
0.163652 0.0174309
0.171916 0.0213646
0.171916 0.0213646
0.181828 0.01865
0.181828 0.01865
0.189111 0.0218431
0.189111 0.0218431
0.209394 0.0262351
0.209394 0.0262351
0.211877 0.0168281
0.211877 0.0168281
0.220294 0.0234264
0.220294 0.0234264
0.232925 0.0161312
0.232925 0.0161312
0.245168 0.0159596
0.245168 0.0159596
0.255589 0.0186964
0.255589 0.0186964
0.263394 0.0194313
0.263394 0.0194313
0.277058 0.0318767
0.277058 0.0318767
0.280222 0.0318437
0.280222 0.0318437
0.290228 0.0264512
0.290228 0.0264512
0.303888 0.0302862
0.303888 0.0302862
0.312379 0.0296984
0.312379 0.0296984
0.318169 0.0268147
0.318169 0.0268147
0.326905 0.026976
0.326905 0.026976
0.338408 0.0282491
0.338408 0.0282491
0.353745 0.0301987
0.353745 0.0301987
0.355621 0.024859
0.355621 0.024859
0.373197 0.027838
0.373197 0.027838
0.372316 0.0253923
0.372316 0.0253923
0.38198 0.0135794
0.38198 0.0135794
0.391676 0.015899
0.391676 0.015899
0.406906 0.00566952
0.406906 0.00566952
0.414191 0.00103028
0.414191 0.00103028
0.417735 -0.00282332
0.417735 -0.00282332
0.42893 -0.0106744
0.42893 -0.0106744
0.43898 -0.0173814
0.43898 -0.0173814
0.444281 -0.0165732
0.444281 -0.0165732
0.459665 -0.0192744
0.459665 -0.0192744
0.467645 -0.0311521
0.467645 -0.0311521
0.473841 -0.0308047
0.473841 -0.0308047
0.479197 -0.038266
0.479197 -0.038266
0.488944 -0.0455811
0.488944 -0.0455811
0.494498 -0.0456722
0.494498 -0.0456722
0.511046 -0.054202
0.511046 -0.054202
0.516735 -0.0585572
0.516735 -0.0585572
0.519653 -0.0601825
0.519653 -0.0601825
0.530077 -0.0656892
0.530077 -0.0656892
0.541675 -0.0674099
0.541675 -0.0674099
0.546527 -0.0772273
0.546527 -0.0772273
0.560805 -0.0750421
0.560805 -0.0750421
0.566845 -0.0831783
0.566845 -0.0831783
0.573763 -0.0909189
0.573763 -0.0909189
0.581994 -0.0952735
0.581994 -0.0952735
0.58616 -0.0977897
0.58616 -0.0977897
0.597785 -0.101284
0.597785 -0.101284
0.601759 -0.108021
0.601759 -0.108021
0.611647 -0.115388
0.611647 -0.115388
0.619172 -0.1199
0.619172 -0.1199
0.63452 -0.129315
0.63452 -0.129315
0.638302 -0.128523
0.638302 -0.128523
0.642606 -0.139568
0.642606 -0.139568
0.653029 -0.138931
0.653029 -0.138931
0.660088 -0.146118
0.660088 -0.146118
0.673517 -0.154571
0.673517 -0.154571
0.678253 -0.154884
0.678253 -0.154884
0.688191 -0.166523
0.688191 -0.166523
0.700061 -0.166716
0.700061 -0.166716
0.701871 -0.168419
0.701871 -0.168419
0.714821 -0.169337
0.714821 -0.169337
0.726202 -0.174824
0.726202 -0.174824
0.736089 -0.18465
0.736089 -0.18465
0.743999 -0.189155
0.743999 -0.189155
0.746709 -0.193119
0.746709 -0.193119
0.753211 -0.196895
0.753211 -0.196895
0.765682 -0.197792
0.765682 -0.197792
0.764659 -0.205714
0.764659 -0.205714
0.782379 -0.210593
0.782379 -0.210593
0.789565 -0.214366
0.789565 -0.214366
0.792912 -0.223018
0.792912 -0.223018
0.805022 -0.226832
0.805022 -0.226832
0.810102 -0.23482
0.810102 -0.23482
0.820646 -0.237271
0.820646 -0.237271
0.831713 -0.241862
0.831713 -0.241862
0.837092 -0.245738
0.837092 -0.245738
0.844408 -0.247844
0.844408 -0.247844
0.855225 -0.253343
0.855225 -0.253343
0.861102 -0.258638
0.861102 -0.258638
0.866132 -0.264577
0.866132 -0.264577
0.87924 -0.265753
0.87924 -0.265753
0.884463 -0.276348
0.884463 -0.276348
0.896564 -0.279472
0.896564 -0.279472
0.904786 -0.282344
0.904786 -0.282344
0.913029 -0.288158
0.913029 -0.288158
0.924623 -0.295869
0.924623 -0.295869
0.929625 -0.307009
0.929625 -0.307009
0.934198 -0.306752
0.934198 -0.306752
0.946323 -0.310516
0.946323 -0.310516
0.954489 -0.312281
0.954489 -0.312281
0.959475 -0.317981
0.959475 -0.317981
0.967864 -0.319466
0.967864 -0.319466
0.973671 -0.324482
0.973671 -0.324482
0.98548 -0.329966
0.98548 -0.329966
0.982402 -0.341934
0.982402 -0.341934
0.99573 -0.339625
0.99573 -0.339625
1.00842 -0.350015
1.00842 -0.350015
1.01769 -0.3493
1.01769 -0.3493
1.02043 -0.356383
1.02043 -0.356383
1.03454 -0.356513
1.03454 -0.356513
1.0419 -0.364148
1.0419 -0.364148
1.04639 -0.366319
1.04639 -0.366319
1.05488 -0.378259
1.05488 -0.378259
1.06095 -0.380075
1.06095 -0.380075
1.07066 -0.38266
1.07066 -0.38266
1.07168 -0.379211
1.07168 -0.379211
1.08246 -0.389418
1.08246 -0.389418
1.09937 -0.39462
1.09937 -0.39462
1.10251 -0.397759
1.10251 -0.397759
1.10797 -0.400196
1.10797 -0.400196
1.11673 -0.399755
1.11673 -0.399755
1.12191 -0.408118
1.12191 -0.408118
1.1304 -0.407608
1.1304 -0.407608
1.13651 -0.409345
1.13651 -0.409345
1.14652 -0.411293
1.14652 -0.411293
1.15435 -0.412418
1.15435 -0.412418
1.17071 -0.41079
1.17071 -0.41079
1.17004 -0.41683
1.17004 -0.41683
1.17925 -0.422284
1.17925 -0.422284
1.18836 -0.418417
1.18836 -0.418417
1.19315 -0.415043
1.19315 -0.415043
1.20887 -0.417516
1.20887 -0.417516
1.21818 -0.415704
1.21818 -0.415704
1.23008 -0.414515
1.23008 -0.414515
1.23873 -0.413148
1.23873 -0.413148
1.24467 -0.412748
1.24467 -0.412748
1.25213 -0.408466
1.25213 -0.408466
1.2647 -0.407266
1.2647 -0.407266
1.27421 -0.40393
1.27421 -0.40393
1.29261 -0.403782
1.29261 -0.403782
1.29873 -0.401476
1.29873 -0.401476
1.30682 -0.404157
1.30682 -0.404157
1.31516 -0.398582
1.31516 -0.398582
1.333 -0.398772
1.333 -0.398772
1.33788 -0.392416
1.33788 -0.392416
1.35291 -0.39427
1.35291 -0.39427
1.36231 -0.391101
1.36231 -0.391101
1.37148 -0.394363
1.37148 -0.394363
1.37743 -0.389743
1.37743 -0.389743
1.39028 -0.390167
1.39028 -0.390167
1.39477 -0.385537
1.39477 -0.385537
1.40667 -0.384288
1.40667 -0.384288
1.4156 -0.387777
1.4156 -0.387777
1.42573 -0.388537
1.42573 -0.388537
1.43691 -0.389587
1.43691 -0.389587
1.44301 -0.385835
1.44301 -0.385835
1.45171 -0.38797
1.45171 -0.38797
1.4567 -0.389652
1.4567 -0.389652
1.47227 -0.386807
1.47227 -0.386807
1.47785 -0.384243
1.47785 -0.384243
1.49414 -0.388856
1.49414 -0.388856
1.49612 -0.382028
1.49612 -0.382028
1.51242 -0.383947
1.51242 -0.383947
1.51664 -0.380067
1.51664 -0.380067
1.52922 -0.374901
1.52922 -0.374901
1.53909 -0.375144
1.53909 -0.375144
1.54627 -0.37241
1.54627 -0.37241
1.55535 -0.378161
1.55535 -0.378161
1.56177 -0.375112
1.56177 -0.375112
1.56973 -0.373095
1.56973 -0.373095
1.57751 -0.370725
1.57751 -0.370725
1.58452 -0.374948
1.58452 -0.374948
1.57766 -0.371505
1.57766 -0.371505
1.58681 -0.370922
1.58681 -0.370922
1.57897 -0.36972
1.57897 -0.36972
1.57968 -0.369467
1.57968 -0.369467
1.58201 -0.371036
1.58201 -0.371036
1.5835 -0.365072
1.5835 -0.365072
1.59069 -0.366484
1.59069 -0.366484
1.58473 -0.364363
1.58473 -0.364363
1.58105 -0.367375
1.58105 -0.367375
1.58223 -0.363703
1.58223 -0.363703
1.58839 -0.362467
1.58839 -0.362467
1.58224 -0.370621
1.58224 -0.370621
1.57878 -0.363535
1.57878 -0.363535
1.57895 -0.363351
1.57895 -0.363351
1.58184 -0.364436
1.58184 -0.364436
1.58567 -0.367342
1.58567 -0.367342
1.5838 -0.363377
1.5838 -0.363377
1.58367 -0.360949
1.58367 -0.360949
1.5982 -0.360749
1.5982 -0.360749
1.59878 -0.358442
1.59878 -0.358442
1.60096 -0.36322
1.60096 -0.36322
1.60273 -0.355906
1.60273 -0.355906
1.60306 -0.357048
1.60306 -0.357048
1.60833 -0.360039
1.60833 -0.360039
1.60264 -0.358205
1.60264 -0.358205
1.60928 -0.357038
1.60928 -0.357038
1.60071 -0.36164
1.60071 -0.36164
1.60788 -0.35824
1.60788 -0.35824
1.60864 -0.360908
1.60864 -0.360908
1.60968 -0.357124
1.60968 -0.357124
1.61176 -0.359038
1.61176 -0.359038
1.61584 -0.359343
1.61584 -0.359343
1.614 -0.359961
1.614 -0.359961
1.61518 -0.367097
1.61518 -0.367097
1.61745 -0.360705
1.61745 -0.360705
1.61669 -0.361194
1.61669 -0.361194
1.62136 -0.367543
1.62136 -0.367543
1.61202 -0.357477
1.61202 -0.357477
1.61683 -0.358674
1.61683 -0.358674
1.61343 -0.357694
1.61343 -0.357694
1.61254 -0.359469
1.61254 -0.359469
1.61348 -0.361414
1.61348 -0.361414
1.61474 -0.361538
1.61474 -0.361538
1.61214 -0.356564
1.61214 -0.356564
1.61253 -0.361847
1.61253 -0.361847
1.61531 -0.355681
1.61531 -0.355681
1.61472 -0.363667
1.61472 -0.363667
1.61317 -0.368753
1.61317 -0.368753
1.6139 -0.369024
1.6139 -0.369024
1.61144 -0.384832
1.61144 -0.384832
1.61589 -0.387688
1.61589 -0.387688
1.61622 -0.39176
1.61622 -0.39176
1.61604 -0.397678
1.61604 -0.397678
1.6155 -0.40012
1.6155 -0.40012
1.61299 -0.401776
1.61299 -0.401776
1.62085 -0.416773
1.62085 -0.416773
1.62495 -0.423498
1.62495 -0.423498
1.62262 -0.428344
1.62262 -0.428344
1.61533 -0.435237
1.61533 -0.435237
1.61792 -0.445271
1.61792 -0.445271
1.6265 -0.452838
1.6265 -0.452838
1.6199 -0.462052
1.6199 -0.462052
1.62334 -0.469359
1.62334 -0.469359
1.62903 -0.486898
1.62903 -0.486898
1.62599 -0.491767
1.62599 -0.491767
1.62455 -0.497001
1.62455 -0.497001
1.62406 -0.504975
1.62406 -0.504975
1.62157 -0.52448
1.62157 -0.52448
1.62227 -0.532962
1.62227 -0.532962
1.62589 -0.536521
1.62589 -0.536521
1.62601 -0.548141
1.62601 -0.548141
1.62643 -0.56202
1.62643 -0.56202
1.6258 -0.57487
1.6258 -0.57487
1.62535 -0.586679
1.62535 -0.586679
1.63158 -0.596707
1.63158 -0.596707
1.63268 -0.612283
1.63268 -0.612283
1.63015 -0.621527
1.63015 -0.621527
1.63253 -0.634007
1.63253 -0.634007
1.62608 -0.645305
1.62608 -0.645305
1.63022 -0.657553
1.63022 -0.657553
1.62433 -0.667763
1.62433 -0.667763
1.62624 -0.685965
1.62624 -0.685965
1.62862 -0.691358
1.62862 -0.691358
1.62576 -0.703442
1.62576 -0.703442
1.63175 -0.715408
1.63175 -0.715408
1.62138 -0.725318
1.62138 -0.725318
1.62621 -0.739816
1.62621 -0.739816
1.62937 -0.756681
1.62937 -0.756681
1.62684 -0.764475
1.62684 -0.764475
1.624 -0.777811
1.624 -0.777811
1.62165 -0.790649
1.62165 -0.790649
1.62931 -0.80662
1.62931 -0.80662
1.62082 -0.814669
1.62082 -0.814669
1.62576 -0.832109
1.62576 -0.832109
1.6258 -0.838265
1.6258 -0.838265
1.63081 -0.851731
1.63081 -0.851731
1.63148 -0.85999
1.63148 -0.85999
1.63388 -0.874946
1.63388 -0.874946
1.6328 -0.886777
1.6328 -0.886777
1.63399 -0.900754
1.63399 -0.900754
1.63851 -0.910016
1.63851 -0.910016
1.63284 -0.927615
1.63284 -0.927615
1.62995 -0.934619
1.62995 -0.934619
1.62511 -0.951323
1.62511 -0.951323
1.62921 -0.964127
1.62921 -0.964127
1.63464 -0.97237
1.63464 -0.97237
1.62888 -0.992095
1.62888 -0.992095
1.62897 -0.995407
1.62897 -0.995407
1.6331 -1.01309
1.6331 -1.01309
1.63588 -1.02972
1.63588 -1.02972
1.63352 -1.03431
1.63352 -1.03431
1.63213 -1.04645
1.63213 -1.04645
1.62908 -1.06128
1.62908 -1.06128
1.62814 -1.07134
1.62814 -1.07134
1.62552 -1.08161
1.62552 -1.08161
1.6285 -1.09914
1.6285 -1.09914
1.63328 -1.1136
1.63328 -1.1136
1.62968 -1.11997
1.62968 -1.11997
1.62576 -1.13242
1.62576 -1.13242
1.6208 -1.14467
1.6208 -1.14467
1.62077 -1.1577
1.62077 -1.1577
1.61348 -1.16671
1.61348 -1.16671
1.60603 -1.17533
1.60603 -1.17533
1.59819 -1.18917
1.59819 -1.18917
1.59791 -1.19647
1.59791 -1.19647
1.58728 -1.20524
1.58728 -1.20524
1.58073 -1.22118
1.58073 -1.22118
1.57377 -1.23355
1.57377 -1.23355
1.568 -1.24091
1.568 -1.24091
1.56344 -1.25036
1.56344 -1.25036
1.55242 -1.25739
1.55242 -1.25739
1.54504 -1.26878
1.54504 -1.26878
1.53767 -1.27751
1.53767 -1.27751
1.52744 -1.28939
1.52744 -1.28939
1.5123 -1.29658
1.5123 -1.29658
1.50568 -1.29326
1.50568 -1.29326
1.49739 -1.30356
1.49739 -1.30356
1.48649 -1.31064
1.48649 -1.31064
1.47908 -1.32193
1.47908 -1.32193
1.46359 -1.32733
1.46359 -1.32733
1.45096 -1.32926
1.45096 -1.32926
1.44321 -1.33836
1.44321 -1.33836
1.42874 -1.34168
1.42874 -1.34168
1.41647 -1.34209
1.41647 -1.34209
1.39898 -1.34722
1.39898 -1.34722
1.39112 -1.34883
1.39112 -1.34883
1.38615 -1.35307
1.38615 -1.35307
1.3749 -1.35928
1.3749 -1.35928
1.35592 -1.35071
1.35592 -1.35071
1.34771 -1.36051
1.34771 -1.36051
1.33691 -1.36246
1.33691 -1.36246
1.32098 -1.36661
1.32098 -1.36661
1.30876 -1.36031
1.30876 -1.36031
1.30368 -1.36095
1.30368 -1.36095
1.28709 -1.36821
1.28709 -1.36821
1.269 -1.3703
1.269 -1.3703
1.255 -1.38009
1.255 -1.38009
1.23031 -1.3742
1.23031 -1.3742
1.20646 -1.37901
1.20646 -1.37901
1.17638 -1.37989
1.17638 -1.37989
1.15956 -1.38501
1.15956 -1.38501
1.11453 -1.39083
1.11453 -1.39083
1.0824 -1.39918
1.0824 -1.39918
1.05681 -1.40278
1.05681 -1.40278
1.02736 -1.40583
1.02736 -1.40583
0.99477 -1.40737
0.99477 -1.40737
0.957139 -1.41324
0.957139 -1.41324
0.927672 -1.42318
0.927672 -1.42318
0.896657 -1.42721
0.896657 -1.42721
0.860543 -1.43228
0.860543 -1.43228
0.834951 -1.43115
0.834951 -1.43115
0.805897 -1.44533
0.805897 -1.44533
0.768268 -1.45115
0.768268 -1.45115
0.73922 -1.45156
0.73922 -1.45156
0.710687 -1.46412
0.710687 -1.46412
0.673103 -1.46623
0.673103 -1.46623
0.64439 -1.47235
0.64439 -1.47235
0.612292 -1.47628
0.612292 -1.47628
0.579936 -1.47986
0.579936 -1.47986
0.554203 -1.48949
0.554203 -1.48949
0.516353 -1.4852
0.516353 -1.4852
0.487376 -1.49888
0.487376 -1.49888
0.458682 -1.50075
0.458682 -1.50075
0.422192 -1.51028
0.422192 -1.51028
0.397418 -1.5096
0.397418 -1.5096
0.362856 -1.51999
0.362856 -1.51999
0.328036 -1.51744
0.328036 -1.51744
0.299115 -1.52977
0.299115 -1.52977
0.268808 -1.53256
0.268808 -1.53256
0.237513 -1.53913
0.237513 -1.53913
0.20498 -1.54292
0.20498 -1.54292
0.167539 -1.54846
0.167539 -1.54846
0.138975 -1.54934
0.138975 -1.54934
0.109983 -1.55869
0.109983 -1.55869
0.0770684 -1.56033
0.0770684 -1.56033
0.0433528 -1.56838
0.0433528 -1.56838
0.0103278 -1.57263
0.0103278 -1.57263
-0.0187687 -1.58058
-0.0187687 -1.58058
-0.0483834 -1.58341
-0.0483834 -1.58341
-0.0826143 -1.58582
-0.0826143 -1.58582
-0.113012 -1.59487
-0.113012 -1.59487
-0.145553 -1.60175
-0.145553 -1.60175
-0.173973 -1.60525
-0.173973 -1.60525
-0.20877 -1.60693
-0.20877 -1.60693
-0.23964 -1.61978
-0.23964 -1.61978
-0.273326 -1.62396
-0.273326 -1.62396
-0.307222 -1.6252
-0.307222 -1.6252
-0.339006 -1.6392
-0.339006 -1.6392
-0.369428 -1.641
-0.369428 -1.641
-0.397338 -1.64354
-0.397338 -1.64354
-0.427637 -1.64783
-0.427637 -1.64783
-0.463665 -1.65339
-0.463665 -1.65339
-0.487937 -1.66049
-0.487937 -1.66049
-0.521375 -1.67017
-0.521375 -1.67017
-0.553707 -1.67101
-0.553707 -1.67101
-0.58681 -1.67951
-0.58681 -1.67951
-0.606871 -1.67997
-0.606871 -1.67997
-0.647122 -1.69369
-0.647122 -1.69369
-0.674672 -1.70143
-0.674672 -1.70143
-0.7082 -1.70506
-0.7082 -1.70506
-0.745295 -1.7095
-0.745295 -1.7095
-0.769609 -1.71276
-0.769609 -1.71276
-0.796892 -1.72366
-0.796892 -1.72366
-0.836853 -1.72435
-0.836853 -1.72435
-0.871853 -1.73527
-0.871853 -1.73527
-0.896716 -1.74114
-0.896716 -1.74114
-0.936216 -1.74674
-0.936216 -1.74674
-0.961619 -1.75365
-0.961619 -1.75365
-0.993116 -1.75284
-0.993116 -1.75284
-1.02637 -1.76683
-1.02637 -1.76683
-1.05953 -1.77931
-1.05953 -1.77931
-1.09349 -1.77763
-1.09349 -1.77763
-1.11917 -1.79284
-1.11917 -1.79284
-1.14754 -1.8009
-1.14754 -1.8009
-1.18281 -1.80328
-1.18281 -1.80328
-1.21035 -1.80851
-1.21035 -1.80851
-1.2411 -1.81612
-1.2411 -1.81612
-1.24795 -1.82077
-1.24795 -1.82077
-1.25011 -1.82775
-1.25011 -1.82775
-1.24908 -1.8221
-1.24908 -1.8221
-1.24855 -1.82442
-1.24855 -1.82442
-1.25883 -1.82696
-1.25883 -1.82696
-1.25568 -1.82491
-1.25568 -1.82491
-1.25777 -1.8225
-1.25777 -1.8225
-1.25291 -1.82449
-1.25291 -1.82449
-1.2549 -1.82167
-1.2549 -1.82167
-1.2543 -1.83211
-1.2543 -1.83211
-1.25522 -1.82746
-1.25522 -1.82746
-1.25355 -1.82691
-1.25355 -1.82691
-1.25799 -1.83121
-1.25799 -1.83121
-1.25744 -1.83575
-1.25744 -1.83575
-1.26083 -1.8374
-1.26083 -1.8374
-1.25886 -1.83498
-1.25886 -1.83498
-1.25455 -1.8325
-1.25455 -1.8325
-1.25788 -1.84219
-1.25788 -1.84219
-1.26029 -1.83696
-1.26029 -1.83696
-1.26113 -1.83498
-1.26113 -1.83498
-1.26265 -1.8392
-1.26265 -1.8392
-1.25786 -1.83589
-1.25786 -1.83589
-1.26455 -1.83743
-1.26455 -1.83743
-1.267 -1.83857
-1.267 -1.83857
-1.26109 -1.83863
-1.26109 -1.83863
-1.26585 -1.84734
-1.26585 -1.84734
-1.27503 -1.84103
-1.27503 -1.84103
-1.27006 -1.84426
-1.27006 -1.84426
-1.27072 -1.8501
-1.27072 -1.8501
-1.27326 -1.84497
-1.27326 -1.84497
-1.27342 -1.84673
-1.27342 -1.84673
-1.2845 -1.84477
-1.2845 -1.84477
-1.2772 -1.85361
-1.2772 -1.85361
-1.27772 -1.84695
-1.27772 -1.84695
-1.2785 -1.85013
-1.2785 -1.85013
-1.27989 -1.85292
-1.27989 -1.85292
-1.27893 -1.84768
-1.27893 -1.84768
-1.28465 -1.85156
-1.28465 -1.85156
-1.27793 -1.84952
-1.27793 -1.84952
-1.27445 -1.84729
-1.27445 -1.84729
-1.27955 -1.84781
-1.27955 -1.84781
-1.28409 -1.84759
-1.28409 -1.84759
-1.2736 -1.84964
-1.2736 -1.84964
-1.2877 -1.85096
-1.2877 -1.85096
-1.28138 -1.84415
-1.28138 -1.84415
-1.27926 -1.84122
-1.27926 -1.84122
-1.28203 -1.84358
-1.28203 -1.84358
-1.28221 -1.83813
-1.28221 -1.83813
-1.29194 -1.83216
-1.29194 -1.83216
-1.29164 -1.8344
-1.29164 -1.8344
-1.29325 -1.82251
-1.29325 -1.82251
-1.29667 -1.81668
-1.29667 -1.81668
-1.29768 -1.81474
-1.29768 -1.81474
-1.30628 -1.80739
-1.30628 -1.80739
-1.30457 -1.80883
-1.30457 -1.80883
-1.31828 -1.79817
-1.31828 -1.79817
-1.31332 -1.79366
-1.31332 -1.79366
-1.32156 -1.79511
-1.32156 -1.79511
-1.32628 -1.78842
-1.32628 -1.78842
-1.32873 -1.78401
-1.32873 -1.78401
-1.33924 -1.77807
-1.33924 -1.77807
-1.34047 -1.77288
-1.34047 -1.77288
-1.34024 -1.77453
-1.34024 -1.77453
-1.3424 -1.77004
-1.3424 -1.77004
-1.3514 -1.76431
-1.3514 -1.76431
-1.36059 -1.75367
-1.36059 -1.75367
-1.3596 -1.7487
-1.3596 -1.7487
-1.36142 -1.74234
-1.36142 -1.74234
-1.36651 -1.7379
-1.36651 -1.7379
-1.36945 -1.73691
-1.36945 -1.73691
-1.37474 -1.72939
-1.37474 -1.72939
-1.37711 -1.72293
-1.37711 -1.72293
-1.38162 -1.72396
-1.38162 -1.72396
-1.38372 -1.71556
-1.38372 -1.71556
-1.38228 -1.71174
-1.38228 -1.71174
-1.38601 -1.70941
-1.38601 -1.70941
-1.39156 -1.70823
-1.39156 -1.70823
-1.38869 -1.69884
-1.38869 -1.69884
-1.4017 -1.68904
-1.4017 -1.68904
-1.40115 -1.68477
-1.40115 -1.68477
-1.4033 -1.67705
-1.4033 -1.67705
-1.40764 -1.67792
-1.40764 -1.67792
-1.41039 -1.67082
-1.41039 -1.67082
-1.4127 -1.66782
-1.4127 -1.66782
-1.4189 -1.65862
-1.4189 -1.65862
-1.41898 -1.65217
-1.41898 -1.65217
-1.41567 -1.6492
-1.41567 -1.6492
-1.41614 -1.64622
-1.41614 -1.64622
-1.42518 -1.64104
-1.42518 -1.64104
-1.42249 -1.63463
-1.42249 -1.63463
-1.42607 -1.623
-1.42607 -1.623
-1.41684 -1.6196
-1.41684 -1.6196
-1.42298 -1.61994
-1.42298 -1.61994
-1.42554 -1.61004
-1.42554 -1.61004
-1.42408 -1.60406
-1.42408 -1.60406
-1.42269 -1.59898
-1.42269 -1.59898
-1.42199 -1.58751
-1.42199 -1.58751
-1.42283 -1.585
-1.42283 -1.585
-1.42179 -1.58221
-1.42179 -1.58221
-1.42305 -1.57271
-1.42305 -1.57271
-1.42168 -1.57732
-1.42168 -1.57732
-1.42685 -1.56049
-1.42685 -1.56049
-1.4202 -1.55544
-1.4202 -1.55544
-1.42409 -1.55682
-1.42409 -1.55682
-1.4218 -1.54433
-1.4218 -1.54433
-1.42213 -1.5353
-1.42213 -1.5353
-1.41571 -1.53177
-1.41571 -1.53177
-1.427 -1.52274
-1.427 -1.52274
-1.42467 -1.51847
-1.42467 -1.51847
-1.42183 -1.5095
-1.42183 -1.5095
-1.42343 -1.50811
-1.42343 -1.50811
-1.42019 -1.50568
-1.42019 -1.50568
-1.41799 -1.50228
-1.41799 -1.50228
-1.42061 -1.49136
-1.42061 -1.49136
-1.42097 -1.48372
-1.42097 -1.48372
-1.41741 -1.47956
-1.41741 -1.47956
-1.41655 -1.46842
-1.41655 -1.46842
-1.41281 -1.47254
-1.41281 -1.47254
-1.41413 -1.46268
-1.41413 -1.46268
-1.41457 -1.45477
-1.41457 -1.45477
-1.4193 -1.451
-1.4193 -1.451
-1.41069 -1.44761
-1.41069 -1.44761
-1.41567 -1.43812
-1.41567 -1.43812
-1.42149 -1.43621
-1.42149 -1.43621
-1.41145 -1.42084
-1.41145 -1.42084
-1.41378 -1.4105
-1.41378 -1.4105
-1.41642 -1.39704
-1.41642 -1.39704
-1.40644 -1.387
-1.40644 -1.387
-1.4082 -1.38479
-1.4082 -1.38479
-1.40879 -1.36632
-1.40879 -1.36632
-1.40608 -1.36107
-1.40608 -1.36107
-1.40211 -1.35004
-1.40211 -1.35004
-1.40362 -1.34107
-1.40362 -1.34107
-1.40565 -1.32449
-1.40565 -1.32449
-1.40392 -1.31758
-1.40392 -1.31758
-1.4006 -1.30464
-1.4006 -1.30464
-1.41194 -1.29958
-1.41194 -1.29958
-1.40671 -1.28793
-1.40671 -1.28793
-1.4017 -1.27549
-1.4017 -1.27549
-1.40018 -1.2689
-1.40018 -1.2689
-1.39423 -1.25674
-1.39423 -1.25674
-1.39369 -1.25248
-1.39369 -1.25248
-1.39763 -1.24342
-1.39763 -1.24342
-1.38985 -1.23293
-1.38985 -1.23293
-1.38297 -1.22659
-1.38297 -1.22659
-1.38438 -1.21724
-1.38438 -1.21724
-1.3788 -1.20726
-1.3788 -1.20726
-1.37123 -1.19397
-1.37123 -1.19397
-1.3719 -1.18934
-1.3719 -1.18934
-1.36688 -1.18265
-1.36688 -1.18265
-1.366 -1.16841
-1.366 -1.16841
-1.36483 -1.16113
-1.36483 -1.16113
-1.35669 -1.15405
-1.35669 -1.15405
-1.35438 -1.14159
-1.35438 -1.14159
-1.35685 -1.12754
-1.35685 -1.12754
-1.35072 -1.12356
-1.35072 -1.12356
-1.34538 -1.11122
-1.34538 -1.11122
-1.33888 -1.09859
-1.33888 -1.09859
-1.33524 -1.08718
-1.33524 -1.08718
-1.32765 -1.07026
-1.32765 -1.07026
-1.31755 -1.05405
-1.31755 -1.05405
-1.32141 -1.04402
-1.32141 -1.04402
-1.31428 -1.03331
-1.31428 -1.03331
-1.31801 -1.01819
-1.31801 -1.01819
-1.30749 -1.00318
-1.30749 -1.00318
-1.3039 -0.999569
-1.3039 -0.999569
-1.30174 -0.98139
-1.30174 -0.98139
-1.29279 -0.969841
-1.29279 -0.969841
-1.27784 -0.951579
-1.27784 -0.951579
-1.27527 -0.946972
-1.27527 -0.946972
-1.27712 -0.928958
-1.27712 -0.928958
-1.26642 -0.928093
-1.26642 -0.928093
-1.25651 -0.907807
-1.25651 -0.907807
-1.2547 -0.895
-1.2547 -0.895
-1.25364 -0.884506
-1.25364 -0.884506
-1.24471 -0.871248
-1.24471 -0.871248
-1.23728 -0.856419
-1.23728 -0.856419
-1.23069 -0.84547
-1.23069 -0.84547
-1.2235 -0.833794
-1.2235 -0.833794
-1.21006 -0.82574
-1.21006 -0.82574
-1.20775 -0.814084
-1.20775 -0.814084
-1.19621 -0.802072
-1.19621 -0.802072
-1.193 -0.796559
-1.193 -0.796559
-1.18313 -0.781889
-1.18313 -0.781889
-1.17161 -0.763438
-1.17161 -0.763438
-1.17036 -0.759807
-1.17036 -0.759807
-1.1647 -0.74706
-1.1647 -0.74706
-1.14974 -0.73819
-1.14974 -0.73819
-1.13761 -0.720491
-1.13761 -0.720491
-1.13168 -0.718651
-1.13168 -0.718651
-1.12039 -0.706376
-1.12039 -0.706376
-1.10964 -0.692982
-1.10964 -0.692982
-1.10758 -0.680813
-1.10758 -0.680813
-1.09681 -0.681751
-1.09681 -0.681751
-1.08095 -0.667734
-1.08095 -0.667734
-1.07336 -0.652277
-1.07336 -0.652277
-1.06785 -0.646716
-1.06785 -0.646716
-1.05272 -0.641534
-1.05272 -0.641534
-1.04381 -0.629469
-1.04381 -0.629469
-1.03115 -0.614633
-1.03115 -0.614633
-1.02166 -0.609526
-1.02166 -0.609526
-1.00982 -0.597014
-1.00982 -0.597014
-0.993765 -0.58455
-0.993765 -0.58455
-0.976863 -0.568268
-0.976863 -0.568268
-0.954775 -0.552383
-0.954775 -0.552383
-0.938972 -0.53964
-0.938972 -0.53964
-0.927494 -0.519281
-0.927494 -0.519281
-0.901904 -0.502797
-0.901904 -0.502797
-0.890327 -0.489317
-0.890327 -0.489317
-0.869359 -0.46579
-0.869359 -0.46579
-0.852111 -0.456786
-0.852111 -0.456786
-0.826789 -0.435663
-0.826789 -0.435663
-0.803655 -0.417463
-0.803655 -0.417463
-0.780656 -0.401321
-0.780656 -0.401321
-0.764241 -0.392051
-0.764241 -0.392051
-0.746148 -0.371694
-0.746148 -0.371694
-0.724958 -0.356056
-0.724958 -0.356056
-0.703778 -0.343846
-0.703778 -0.343846
-0.683577 -0.327687
-0.683577 -0.327687
-0.658087 -0.309709
-0.658087 -0.309709
-0.643616 -0.294408
-0.643616 -0.294408
-0.620344 -0.27891
-0.620344 -0.27891
-0.596354 -0.264422
-0.596354 -0.264422
-0.578622 -0.246348
-0.578622 -0.246348
-0.558244 -0.235522
-0.558244 -0.235522
-0.539811 -0.215642
-0.539811 -0.215642
-0.518485 -0.196858
-0.518485 -0.196858
-0.495694 -0.187271
-0.495694 -0.187271
-0.47083 -0.172632
-0.47083 -0.172632
-0.445058 -0.164012
-0.445058 -0.164012
-0.431044 -0.151179
-0.431044 -0.151179
-0.398147 -0.133302
-0.398147 -0.133302
-0.378605 -0.121357
-0.378605 -0.121357
-0.35816 -0.108302
-0.35816 -0.108302
-0.336193 -0.101882
-0.336193 -0.101882
-0.309584 -0.0895741
-0.309584 -0.0895741
-0.285012 -0.0838981
-0.285012 -0.0838981
-0.26692 -0.067945
-0.26692 -0.067945
-0.262201 -0.0684169
-0.262201 -0.0684169
-0.260252 -0.0698382
-0.260252 -0.0698382
-0.260762 -0.0728975
-0.260762 -0.0728975
-0.262678 -0.0686599
-0.262678 -0.0686599
-0.258865 -0.0692349
-0.258865 -0.0692349
-0.258445 -0.0728284
-0.258445 -0.0728284
-0.261899 -0.0678894
-0.261899 -0.0678894
-0.259862 -0.0707224
-0.259862 -0.0707224
-0.262665 -0.0708317
-0.262665 -0.0708317
-0.259201 -0.0672986
-0.259201 -0.0672986
-0.261512 -0.0719521
-0.261512 -0.0719521
-0.25905 -0.0689555
-0.25905 -0.0689555
-0.256529 -0.0687367
-0.256529 -0.0687367
-0.259774 -0.0684847
-0.259774 -0.0684847
-0.261422 -0.0698021
-0.261422 -0.0698021
-0.25971 -0.0672223
-0.25971 -0.0672223
-0.261159 -0.0688544
-0.261159 -0.0688544
-0.258898 -0.0670724
-0.258898 -0.0670724
-0.258294 -0.070894
-0.258294 -0.070894
-0.257069 -0.0696403
-0.257069 -0.0696403
-0.26157 -0.0684593
-0.26157 -0.0684593
-0.25756 -0.0649139
-0.25756 -0.0649139
-0.26185 -0.0645207
-0.26185 -0.0645207
-0.253985 -0.0662398
-0.253985 -0.0662398
-0.26039 -0.066806
-0.26039 -0.066806
-0.258161 -0.0646813
-0.258161 -0.0646813
-0.261036 -0.0669885
-0.261036 -0.0669885
-0.257301 -0.0636315
-0.257301 -0.0636315
-0.258534 -0.0644915
-0.258534 -0.0644915
-0.259901 -0.0707621
-0.259901 -0.0707621
-0.261689 -0.0680761
-0.261689 -0.0680761
-0.257662 -0.0698456
-0.257662 -0.0698456
-0.260612 -0.0683569
-0.260612 -0.0683569
-0.260348 -0.0665122
-0.260348 -0.0665122
-0.25952 -0.0690051
-0.25952 -0.0690051
-0.258407 -0.0630093
-0.258407 -0.0630093
-0.253634 -0.0637622
-0.253634 -0.0637622
-0.25939 -0.0658043
-0.25939 -0.0658043
-0.25748 -0.0645106
-0.25748 -0.0645106
-0.255063 -0.0710058
-0.255063 -0.0710058
-0.257646 -0.0695507
-0.257646 -0.0695507
-0.254273 -0.0635064
-0.254273 -0.0635064
-0.254096 -0.0663524
-0.254096 -0.0663524
-0.254889 -0.0647057
-0.254889 -0.0647057
-0.254763 -0.0646
-0.254763 -0.0646
-0.256844 -0.0714791
-0.256844 -0.0714791
-0.260161 -0.0631396
-0.260161 -0.0631396
-0.256926 -0.0660123
-0.256926 -0.0660123
-0.258203 -0.0627883
-0.258203 -0.0627883
-0.255723 -0.0639351
-0.255723 -0.0639351
-0.251777 -0.0641831
-0.251777 -0.0641831
