0 0
0 0
0 0
0 0
0 0
0 0
0 0
0 0
-0.00941989 0.00467835
-0.00941989 0.00467835
-0.012398 0.00138383
-0.012398 0.00138383
-0.00822356 0.00247985
-0.00822356 0.00247985
-0.00725072 0.00624856
-0.00725072 0.00624856
-0.00775679 0.00657852
-0.00775679 0.00657852
-0.0118734 0.00547945
-0.0118734 0.00547945
-0.0102696 0.00409186
-0.0102696 0.00409186
-0.0123804 0.00779823
-0.0123804 0.00779823
-0.00655997 0.00566329
-0.00655997 0.00566329
-0.00663067 0.000138968
-0.00663067 0.000138968
-0.0103744 0.0088494
-0.0103744 0.0088494
-0.0111424 0.00883625
-0.0111424 0.00883625
-0.0055429 0.00524831
-0.0055429 0.00524831
-0.00551645 0.00424942
-0.00551645 0.00424942
-0.00449209 0.00432378
-0.00449209 0.00432378
-0.00551084 0.00624903
-0.00551084 0.00624903
-0.00625927 0.00291915
-0.00625927 0.00291915
-0.00212167 0.00738317
-0.00212167 0.00738317
-0.00800456 0.0063125
-0.00800456 0.0063125
-0.0041686 0.00890316
-0.0041686 0.00890316
-0.00310615 0.00553722
-0.00310615 0.00553722
-0.00308762 0.00427615
-0.00308762 0.00427615
-0.00310467 0.0049652
-0.00310467 0.0049652
-0.00296981 0.00578958
-0.00296981 0.00578958
-0.00333094 0.00530313
-0.00333094 0.00530313
-0.00513227 0.00258032
-0.00513227 0.00258032
-0.00383004 0.00536901
-0.00383004 0.00536901
-0.00132087 0.00742018
-0.00132087 0.00742018
-0.00717413 0.00706146
-0.00717413 0.00706146
-0.00426266 0.00670766
-0.00426266 0.00670766
-0.00342772 0.00845724
-0.00342772 0.00845724
-0.000364728 0.00724865
-0.000364728 0.00724865
0.000455583 0.0115228
0.000455583 0.0115228
5.95803e-05 0.00964287
5.95803e-05 0.00964287
-0.00107082 0.00960923
-0.00107082 0.00960923
0.000812872 0.0109164
0.000812872 0.0109164
0.00434547 0.0106861
0.00434547 0.0106861
-0.00303665 0.0102363
-0.00303665 0.0102363
6.71456e-05 0.0107518
6.71456e-05 0.0107518
-0.00120268 0.007739
-0.00120268 0.007739
0.00343136 0.00696124
0.00343136 0.00696124
0.00617107 0.00751459
0.00617107 0.00751459
0.0100503 0.0121823
0.0100503 0.0121823
0.0215535 0.0127302
0.0215535 0.0127302
0.0254228 0.0128989
0.0254228 0.0128989
0.029022 0.00813202
0.029022 0.00813202
0.0306581 0.0132414
0.0306581 0.0132414
0.0383179 0.0159543
0.0383179 0.0159543
0.045 0.0164695
0.045 0.0164695
0.0513364 0.0130098
0.0513364 0.0130098
0.0588974 0.0110712
0.0588974 0.0110712
0.0666581 0.0167497
0.0666581 0.0167497
0.0733815 0.0134769
0.0733815 0.0134769
0.0816194 0.0115829
0.0816194 0.0115829
0.0884209 0.0134771
0.0884209 0.0134771
0.0952666 0.0105831
0.0952666 0.0105831
0.104861 0.0123321
0.104861 0.0123321
0.119924 0.0197877
0.119924 0.0197877
0.126042 0.0179363
0.126042 0.0179363
0.12984 0.01524
0.12984 0.01524
0.144709 0.0184239
0.144709 0.0184239
0.15586 0.0231079
0.15586 0.0231079
0.163657 0.0174325
0.163657 0.0174325
0.171925 0.0213585
0.171925 0.0213585
0.181836 0.0186413
0.181836 0.0186413
0.189118 0.0218367
0.189118 0.0218367
0.209412 0.0261793
0.209412 0.0261793
0.211904 0.0167749
0.211904 0.0167749
0.220317 0.0233798
0.220317 0.0233798
0.232953 0.0160941
0.232953 0.0160941
0.245196 0.0159182
0.245196 0.0159182
0.255621 0.0186384
0.255621 0.0186384
0.263431 0.019312
0.263431 0.019312
0.277331 0.0314942
0.277331 0.0314942
0.280493 0.0314012
0.280493 0.0314012
0.290409 0.0258453
0.290409 0.0258453
0.304135 0.0294375
0.304135 0.0294375
0.312614 0.0286965
0.312614 0.0286965
0.31835 0.0257069
0.31835 0.0257069
0.327088 0.0257025
0.327088 0.0257025
0.338613 0.0267537
0.338613 0.0267537
0.353988 0.0283788
0.353988 0.0283788
0.355768 0.0230063
0.355768 0.0230063
0.373401 0.0256261
0.373401 0.0256261
0.372476 0.0231963
0.372476 0.0231963
0.382009 0.0112764
0.382009 0.0112764
0.391716 0.0135461
0.391716 0.0135461
0.406964 0.0033438
0.406964 0.0033438
0.414252 -0.00129264
0.414252 -0.00129264
0.417772 -0.00516751
0.417772 -0.00516751
0.42894 -0.0130579
0.42894 -0.0130579
0.438995 -0.0197575
0.438995 -0.0197575
0.444294 -0.0189435
0.444294 -0.0189435
0.459688 -0.0215887
0.459688 -0.0215887
0.467653 -0.0334771
0.467653 -0.0334771
0.47385 -0.0331497
0.47385 -0.0331497
0.47922 -0.0406004
0.47922 -0.0406004
0.488971 -0.0479098
0.488971 -0.0479098
0.494525 -0.0480158
0.494525 -0.0480158
0.511076 -0.0565398
0.511076 -0.0565398
0.516738 -0.0609302
0.516738 -0.0609302
0.519656 -0.0625545
0.519656 -0.0625545
0.530098 -0.068027
0.530098 -0.068027
0.541696 -0.0697533
0.541696 -0.0697533
0.54656 -0.0795648
0.54656 -0.0795648
0.560844 -0.077424
0.560844 -0.077424
0.566893 -0.0855538
0.566893 -0.0855538
0.573826 -0.0932812
0.573826 -0.0932812
0.58205 -0.097647
0.58205 -0.097647
0.586212 -0.10017
0.586212 -0.10017
0.597825 -0.103706
0.597825 -0.103706
0.601788 -0.11045
0.601788 -0.11045
0.611685 -0.117805
0.611685 -0.117805
0.61921 -0.122316
0.61921 -0.122316
0.634568 -0.131715
0.634568 -0.131715
0.638352 -0.130928
0.638352 -0.130928
0.642659 -0.141972
0.642659 -0.141972
0.653082 -0.141313
0.653082 -0.141313
0.660151 -0.14849
0.660151 -0.14849
0.67357 -0.156959
0.67357 -0.156959
0.678305 -0.157283
0.678305 -0.157283
0.688214 -0.168948
0.688214 -0.168948
0.700083 -0.169163
0.700083 -0.169163
0.701898 -0.17086
0.701898 -0.17086
0.714848 -0.171793
0.714848 -0.171793
0.726218 -0.177301
0.726218 -0.177301
0.736111 -0.187121
0.736111 -0.187121
0.744028 -0.191615
0.744028 -0.191615
0.746736 -0.195579
0.746736 -0.195579
0.753238 -0.199356
0.753238 -0.199356
0.765706 -0.200291
0.765706 -0.200291
0.764638 -0.208206
0.764638 -0.208206
0.782362 -0.21307
0.782362 -0.21307
0.789551 -0.216838
0.789551 -0.216838
0.792916 -0.225482
0.792916 -0.225482
0.805022 -0.229307
0.805022 -0.229307
0.810101 -0.237296
0.810101 -0.237296
0.820646 -0.239743
0.820646 -0.239743
0.831718 -0.244322
0.831718 -0.244322
0.837099 -0.248194
0.837099 -0.248194
0.844415 -0.2503
0.844415 -0.2503
0.85519 -0.255882
0.85519 -0.255882
0.861061 -0.261183
0.861061 -0.261183
0.866085 -0.267127
0.866085 -0.267127
0.879198 -0.268263
0.879198 -0.268263
0.884416 -0.27886
0.884416 -0.27886
0.89652 -0.281972
0.89652 -0.281972
0.904742 -0.284845
0.904742 -0.284845
0.912987 -0.290655
0.912987 -0.290655
0.924598 -0.298341
0.924598 -0.298341
0.929565 -0.309496
0.929565 -0.309496
0.934139 -0.309246
0.934139 -0.309246
0.946246 -0.313068
0.946246 -0.313068
0.954413 -0.314823
0.954413 -0.314823
0.959408 -0.320516
0.959408 -0.320516
0.967798 -0.321994
0.967798 -0.321994
0.97359 -0.327028
0.97359 -0.327028
0.985434 -0.332436
0.985434 -0.332436
0.982325 -0.344396
0.982325 -0.344396
0.995652 -0.342082
0.995652 -0.342082
1.00835 -0.352468
1.00835 -0.352468
1.01762 -0.351755
1.01762 -0.351755
1.0203 -0.358862
1.0203 -0.358862
1.0344 -0.359004
1.0344 -0.359004
1.04179 -0.366614
1.04179 -0.366614
1.04628 -0.368782
1.04628 -0.368782
1.05484 -0.380668
1.05484 -0.380668
1.06095 -0.382369
1.06095 -0.382369
1.0707 -0.384779
1.0707 -0.384779
1.07166 -0.381311
1.07166 -0.381311
1.08264 -0.391301
1.08264 -0.391301
1.09964 -0.396206
1.09964 -0.396206
1.10283 -0.399293
1.10283 -0.399293
1.10834 -0.401628
1.10834 -0.401628
1.11708 -0.400997
1.11708 -0.400997
1.12242 -0.409259
1.12242 -0.409259
1.1309 -0.408611
1.1309 -0.408611
1.13705 -0.410228
1.13705 -0.410228
1.14709 -0.411997
1.14709 -0.411997
1.15494 -0.412991
1.15494 -0.412991
1.17126 -0.411014
1.17126 -0.411014
1.1707 -0.417065
1.1707 -0.417065
1.18 -0.422354
1.18 -0.422354
1.18902 -0.418294
1.18902 -0.418294
1.19376 -0.414837
1.19376 -0.414837
1.20951 -0.417123
1.20951 -0.417123
1.21881 -0.415296
1.21881 -0.415296
1.23071 -0.414126
1.23071 -0.414126
1.23937 -0.412792
1.23937 -0.412792
1.24531 -0.41239
1.24531 -0.41239
1.25277 -0.408097
1.25277 -0.408097
1.26532 -0.40681
1.26532 -0.40681
1.27484 -0.403484
1.27484 -0.403484
1.29323 -0.403296
1.29323 -0.403296
1.29936 -0.400993
1.29936 -0.400993
1.30745 -0.403671
1.30745 -0.403671
1.31578 -0.398086
1.31578 -0.398086
1.33362 -0.398382
1.33362 -0.398382
1.33856 -0.392068
1.33856 -0.392068
1.35356 -0.394106
1.35356 -0.394106
1.36299 -0.391035
1.36299 -0.391035
1.37214 -0.394355
1.37214 -0.394355
1.37814 -0.389784
1.37814 -0.389784
1.39098 -0.390296
1.39098 -0.390296
1.39546 -0.385664
1.39546 -0.385664
1.40737 -0.384406
1.40737 -0.384406
1.4163 -0.387897
1.4163 -0.387897
1.42643 -0.388619
1.42643 -0.388619
1.4376 -0.389718
1.4376 -0.389718
1.4437 -0.385954
1.4437 -0.385954
1.4524 -0.388086
1.4524 -0.388086
1.45739 -0.389764
1.45739 -0.389764
1.47295 -0.386905
1.47295 -0.386905
1.47853 -0.384329
1.47853 -0.384329
1.49483 -0.388888
1.49483 -0.388888
1.49684 -0.382068
1.49684 -0.382068
1.51313 -0.38402
1.51313 -0.38402
1.51742 -0.380208
1.51742 -0.380208
1.5301 -0.375302
1.5301 -0.375302
1.53996 -0.37583
1.53996 -0.37583
1.5472 -0.373264
1.5472 -0.373264
1.5561 -0.379287
1.5561 -0.379287
1.5626 -0.376404
1.5626 -0.376404
1.57062 -0.374681
1.57062 -0.374681
1.5785 -0.372614
1.5785 -0.372614
1.58549 -0.376861
1.58549 -0.376861
1.57864 -0.373392
1.57864 -0.373392
1.58779 -0.372811
1.58779 -0.372811
1.57996 -0.371599
1.57996 -0.371599
1.58067 -0.371347
1.58067 -0.371347
1.583 -0.37291
1.583 -0.37291
1.58448 -0.366946
1.58448 -0.366946
1.59167 -0.36838
1.59167 -0.36838
1.58573 -0.366187
1.58573 -0.366187
1.582 -0.369121
1.582 -0.369121
1.58325 -0.365473
1.58325 -0.365473
1.58944 -0.364378
1.58944 -0.364378
1.58305 -0.372351
1.58305 -0.372351
1.57972 -0.365201
1.57972 -0.365201
1.5799 -0.365021
1.5799 -0.365021
1.58276 -0.366179
1.58276 -0.366179
1.58653 -0.369167
1.58653 -0.369167
1.58477 -0.365152
1.58477 -0.365152
1.58471 -0.362721
1.58471 -0.362721
1.59924 -0.362869
1.59924 -0.362869
1.59987 -0.360578
1.59987 -0.360578
1.60193 -0.365411
1.60193 -0.365411
1.60389 -0.358147
1.60389 -0.358147
1.60421 -0.359292
1.60421 -0.359292
1.60948 -0.362288
1.60948 -0.362288
1.60381 -0.360371
1.60381 -0.360371
1.61048 -0.359344
1.61048 -0.359344
1.60182 -0.363774
1.60182 -0.363774
1.60906 -0.360513
1.60906 -0.360513
1.60977 -0.363195
1.60977 -0.363195
1.61088 -0.359434
1.61088 -0.359434
1.61292 -0.361388
1.61292 -0.361388
1.61699 -0.36177
1.61699 -0.36177
1.61514 -0.362358
1.61514 -0.362358
1.61625 -0.369503
1.61625 -0.369503
1.61853 -0.363113
1.61853 -0.363113
1.61778 -0.363601
1.61778 -0.363601
1.62245 -0.369945
1.62245 -0.369945
1.61311 -0.359877
1.61311 -0.359877
1.61792 -0.361077
1.61792 -0.361077
1.61452 -0.360098
1.61452 -0.360098
1.61363 -0.361872
1.61363 -0.361872
1.61457 -0.363817
1.61457 -0.363817
1.61583 -0.363942
1.61583 -0.363942
1.61323 -0.358967
1.61323 -0.358967
1.61361 -0.364252
1.61361 -0.364252
1.61638 -0.358081
1.61638 -0.358081
1.61576 -0.366064
1.61576 -0.366064
1.61421 -0.371152
1.61421 -0.371152
1.61494 -0.371423
1.61494 -0.371423
1.61246 -0.387228
1.61246 -0.387228
1.61691 -0.390094
1.61691 -0.390094
1.61724 -0.394165
1.61724 -0.394165
1.61706 -0.400083
1.61706 -0.400083
1.61652 -0.402525
1.61652 -0.402525
1.614 -0.404179
1.614 -0.404179
1.62188 -0.41917
1.62188 -0.41917
1.626 -0.425882
1.626 -0.425882
1.62366 -0.430726
1.62366 -0.430726
1.61637 -0.437614
1.61637 -0.437614
1.61894 -0.447653
1.61894 -0.447653
1.62747 -0.455279
1.62747 -0.455279
1.62085 -0.464484
1.62085 -0.464484
1.6243 -0.471787
1.6243 -0.471787
1.63001 -0.489319
1.63001 -0.489319
1.62697 -0.494188
1.62697 -0.494188
1.62553 -0.499423
1.62553 -0.499423
1.62503 -0.507396
1.62503 -0.507396
1.62255 -0.526903
1.62255 -0.526903
1.62324 -0.535385
1.62324 -0.535385
1.62687 -0.538932
1.62687 -0.538932
1.62692 -0.550553
1.62692 -0.550553
1.6273 -0.564432
1.6273 -0.564432
1.62667 -0.577283
1.62667 -0.577283
1.62623 -0.589092
1.62623 -0.589092
1.63246 -0.599125
1.63246 -0.599125
1.63347 -0.614706
1.63347 -0.614706
1.63099 -0.623961
1.63099 -0.623961
1.63336 -0.636443
1.63336 -0.636443
1.62689 -0.647733
1.62689 -0.647733
1.63101 -0.65999
1.63101 -0.65999
1.6251 -0.670189
1.6251 -0.670189
1.627 -0.688393
1.627 -0.688393
1.62938 -0.693788
1.62938 -0.693788
1.62652 -0.705872
1.62652 -0.705872
1.6325 -0.717845
1.6325 -0.717845
1.62216 -0.727783
1.62216 -0.727783
1.62696 -0.742289
1.62696 -0.742289
1.63005 -0.759166
1.63005 -0.759166
1.62751 -0.766956
1.62751 -0.766956
1.62468 -0.780295
1.62468 -0.780295
1.6223 -0.793129
1.6223 -0.793129
1.62994 -0.80911
1.62994 -0.80911
1.62144 -0.817142
1.62144 -0.817142
1.62641 -0.834572
1.62641 -0.834572
1.62645 -0.840728
1.62645 -0.840728
1.6315 -0.854178
1.6315 -0.854178
1.63211 -0.862442
1.63211 -0.862442
1.63448 -0.877402
1.63448 -0.877402
1.63343 -0.889236
1.63343 -0.889236
1.63456 -0.903218
1.63456 -0.903218
1.63908 -0.912479
1.63908 -0.912479
1.63334 -0.930056
1.63334 -0.930056
1.63049 -0.937075
1.63049 -0.937075
1.62568 -0.953788
1.62568 -0.953788
1.62973 -0.966608
1.62973 -0.966608
1.63515 -0.97485
1.63515 -0.97485
1.62933 -0.994555
1.62933 -0.994555
1.62943 -0.997866
1.62943 -0.997866
1.63348 -1.01557
1.63348 -1.01557
1.63608 -1.03222
1.63608 -1.03222
1.63365 -1.03678
1.63365 -1.03678
1.63202 -1.04889
1.63202 -1.04889
1.62873 -1.06367
1.62873 -1.06367
1.6276 -1.07371
1.6276 -1.07371
1.62475 -1.08392
1.62475 -1.08392
1.62729 -1.10152
1.62729 -1.10152
1.63181 -1.11606
1.63181 -1.11606
1.6281 -1.12236
1.6281 -1.12236
1.62393 -1.13473
1.62393 -1.13473
1.61873 -1.14688
1.61873 -1.14688
1.61845 -1.15991
1.61845 -1.15991
1.61099 -1.16877
1.61099 -1.16877
1.60336 -1.17724
1.60336 -1.17724
1.59524 -1.19092
1.59524 -1.19092
1.59483 -1.19821
1.59483 -1.19821
1.58403 -1.20678
1.58403 -1.20678
1.57709 -1.22255
1.57709 -1.22255
1.56989 -1.23478
1.56989 -1.23478
1.56396 -1.24201
1.56396 -1.24201
1.55921 -1.25136
1.55921 -1.25136
1.54806 -1.25819
1.54806 -1.25819
1.54048 -1.26944
1.54048 -1.26944
1.53291 -1.278
1.53291 -1.278
1.52247 -1.2897
1.52247 -1.2897
1.50719 -1.29656
1.50719 -1.29656
1.50063 -1.29312
1.50063 -1.29312
1.49212 -1.30325
1.49212 -1.30325
1.48111 -1.31014
1.48111 -1.31014
1.47346 -1.32127
1.47346 -1.32127
1.45788 -1.32639
1.45788 -1.32639
1.44521 -1.32807
1.44521 -1.32807
1.43727 -1.33702
1.43727 -1.33702
1.42275 -1.34005
1.42275 -1.34005
1.41047 -1.3402
1.41047 -1.3402
1.39289 -1.34502
1.39289 -1.34502
1.38503 -1.34662
1.38503 -1.34662
1.38005 -1.35085
1.38005 -1.35085
1.36883 -1.35711
1.36883 -1.35711
1.34983 -1.34856
1.34983 -1.34856
1.3416 -1.35834
1.3416 -1.35834
1.33081 -1.3603
1.33081 -1.3603
1.31486 -1.36439
1.31486 -1.36439
1.3026 -1.35817
1.3026 -1.35817
1.29751 -1.35882
1.29751 -1.35882
1.28092 -1.36605
1.28092 -1.36605
1.26283 -1.36817
1.26283 -1.36817
1.24882 -1.37795
1.24882 -1.37795
1.22414 -1.37202
1.22414 -1.37202
1.20032 -1.37697
1.20032 -1.37697
1.17024 -1.37791
1.17024 -1.37791
1.15342 -1.38305
1.15342 -1.38305
1.10837 -1.38869
1.10837 -1.38869
1.07625 -1.39706
1.07625 -1.39706
1.05066 -1.40068
1.05066 -1.40068
1.02121 -1.40372
1.02121 -1.40372
0.988617 -1.40519
0.988617 -1.40519
0.951002 -1.41117
0.951002 -1.41117
0.921502 -1.421
0.921502 -1.421
0.890496 -1.42511
0.890496 -1.42511
0.854379 -1.43016
0.854379 -1.43016
0.828784 -1.4291
0.828784 -1.4291
0.799689 -1.44319
0.799689 -1.44319
0.762073 -1.4491
0.762073 -1.4491
0.733023 -1.44937
0.733023 -1.44937
0.704514 -1.46199
0.704514 -1.46199
0.66693 -1.46409
0.66693 -1.46409
0.638228 -1.47026
0.638228 -1.47026
0.606135 -1.47423
0.606135 -1.47423
0.573778 -1.47781
0.573778 -1.47781
0.548028 -1.48739
0.548028 -1.48739
0.510191 -1.48298
0.510191 -1.48298
0.481245 -1.49673
0.481245 -1.49673
0.452554 -1.49865
0.452554 -1.49865
0.416055 -1.50814
0.416055 -1.50814
0.39128 -1.5075
0.39128 -1.5075
0.35672 -1.5179
0.35672 -1.5179
0.321894 -1.51544
0.321894 -1.51544
0.292929 -1.52766
0.292929 -1.52766
0.262633 -1.53056
0.262633 -1.53056
0.231333 -1.53711
0.231333 -1.53711
0.198798 -1.54088
0.198798 -1.54088
0.161367 -1.54649
0.161367 -1.54649
0.132802 -1.54735
0.132802 -1.54735
0.103812 -1.55671
0.103812 -1.55671
0.0709016 -1.55843
0.0709016 -1.55843
0.0371698 -1.56641
0.0371698 -1.56641
0.00414317 -1.57065
0.00414317 -1.57065
-0.0249404 -1.57864
-0.0249404 -1.57864
-0.054553 -1.58149
-0.054553 -1.58149
-0.0887827 -1.58393
-0.0887827 -1.58393
-0.119183 -1.59296
-0.119183 -1.59296
-0.151724 -1.59984
-0.151724 -1.59984
-0.180142 -1.60336
-0.180142 -1.60336
-0.21494 -1.60502
-0.21494 -1.60502
-0.245761 -1.61799
-0.245761 -1.61799
-0.279455 -1.6221
-0.279455 -1.6221
-0.313348 -1.62342
-0.313348 -1.62342
-0.345106 -1.63748
-0.345106 -1.63748
-0.375525 -1.63932
-0.375525 -1.63932
-0.40343 -1.64192
-0.40343 -1.64192
-0.433742 -1.64612
-0.433742 -1.64612
-0.469783 -1.65159
-0.469783 -1.65159
-0.494024 -1.65879
-0.494024 -1.65879
-0.527466 -1.66846
-0.527466 -1.66846
-0.559799 -1.66929
-0.559799 -1.66929
-0.592889 -1.67784
-0.592889 -1.67784
-0.612951 -1.67829
-0.612951 -1.67829
-0.653199 -1.69202
-0.653199 -1.69202
-0.680739 -1.69979
-0.680739 -1.69979
-0.71427 -1.70341
-0.71427 -1.70341
-0.751358 -1.70791
-0.751358 -1.70791
-0.775672 -1.71116
-0.775672 -1.71116
-0.802938 -1.7221
-0.802938 -1.7221
-0.842898 -1.72285
-0.842898 -1.72285
-0.877917 -1.7337
-0.877917 -1.7337
-0.902764 -1.73964
-0.902764 -1.73964
-0.94228 -1.74513
-0.94228 -1.74513
-0.967661 -1.75212
-0.967661 -1.75212
-0.999154 -1.75118
-0.999154 -1.75118
-1.03235 -1.7653
-1.03235 -1.7653
-1.06551 -1.77779
-1.06551 -1.77779
-1.09946 -1.77609
-1.09946 -1.77609
-1.12522 -1.7912
-1.12522 -1.7912
-1.15356 -1.79933
-1.15356 -1.79933
-1.18884 -1.80171
-1.18884 -1.80171
-1.21638 -1.80685
-1.21638 -1.80685
-1.24729 -1.81381
-1.24729 -1.81381
-1.25438 -1.81808
-1.25438 -1.81808
-1.25667 -1.82502
-1.25667 -1.82502
-1.25564 -1.81937
-1.25564 -1.81937
-1.25511 -1.82169
-1.25511 -1.82169
-1.26539 -1.82423
-1.26539 -1.82423
-1.26225 -1.82218
-1.26225 -1.82218
-1.26433 -1.81976
-1.26433 -1.81976
-1.25949 -1.82179
-1.25949 -1.82179
-1.26142 -1.81893
-1.26142 -1.81893
-1.26105 -1.82939
-1.26105 -1.82939
-1.26189 -1.82472
-1.26189 -1.82472
-1.2602 -1.8242
-1.2602 -1.8242
-1.26473 -1.82843
-1.26473 -1.82843
-1.26426 -1.83297
-1.26426 -1.83297
-1.26769 -1.83456
-1.26769 -1.83456
-1.26567 -1.83218
-1.26567 -1.83218
-1.2613 -1.82978
-1.2613 -1.82978
-1.26483 -1.8394
-1.26483 -1.8394
-1.26717 -1.83414
-1.26717 -1.83414
-1.26797 -1.83215
-1.26797 -1.83215
-1.26956 -1.83634
-1.26956 -1.83634
-1.26471 -1.83311
-1.26471 -1.83311
-1.27144 -1.83453
-1.27144 -1.83453
-1.2739 -1.83563
-1.2739 -1.83563
-1.268 -1.83579
-1.268 -1.83579
-1.2729 -1.84442
-1.2729 -1.84442
-1.28191 -1.83788
-1.28191 -1.83788
-1.27701 -1.8412
-1.27701 -1.8412
-1.27777 -1.84703
-1.27777 -1.84703
-1.28021 -1.84185
-1.28021 -1.84185
-1.28041 -1.8436
-1.28041 -1.8436
-1.29144 -1.84142
-1.29144 -1.84142
-1.28433 -1.85042
-1.28433 -1.85042
-1.28472 -1.84375
-1.28472 -1.84375
-1.28557 -1.84691
-1.28557 -1.84691
-1.28701 -1.84967
-1.28701 -1.84967
-1.28597 -1.84444
-1.28597 -1.84444
-1.29172 -1.84828
-1.29172 -1.84828
-1.28501 -1.8462
-1.28501 -1.8462
-1.28156 -1.84393
-1.28156 -1.84393
-1.28665 -1.8445
-1.28665 -1.8445
-1.2912 -1.84433
-1.2912 -1.84433
-1.28068 -1.84626
-1.28068 -1.84626
-1.29477 -1.84762
-1.29477 -1.84762
-1.28854 -1.84073
-1.28854 -1.84073
-1.28644 -1.83779
-1.28644 -1.83779
-1.28918 -1.84018
-1.28918 -1.84018
-1.28942 -1.83474
-1.28942 -1.83474
-1.2992 -1.82884
-1.2992 -1.82884
-1.29888 -1.83108
-1.29888 -1.83108
-1.30058 -1.8192
-1.30058 -1.8192
-1.30408 -1.81341
-1.30408 -1.81341
-1.3051 -1.81149
-1.3051 -1.81149
-1.31381 -1.80427
-1.31381 -1.80427
-1.31209 -1.80569
-1.31209 -1.80569
-1.32569 -1.7949
-1.32569 -1.7949
-1.3207 -1.79043
-1.3207 -1.79043
-1.32895 -1.7918
-1.32895 -1.7918
-1.33361 -1.78506
-1.33361 -1.78506
-1.33601 -1.78063
-1.33601 -1.78063
-1.34645 -1.77456
-1.34645 -1.77456
-1.34763 -1.76936
-1.34763 -1.76936
-1.34742 -1.77102
-1.34742 -1.77102
-1.34953 -1.7665
-1.34953 -1.7665
-1.35847 -1.76067
-1.35847 -1.76067
-1.36754 -1.74994
-1.36754 -1.74994
-1.36651 -1.74497
-1.36651 -1.74497
-1.3683 -1.7386
-1.3683 -1.7386
-1.37336 -1.73413
-1.37336 -1.73413
-1.37629 -1.7331
-1.37629 -1.7331
-1.3815 -1.72553
-1.3815 -1.72553
-1.38381 -1.71905
-1.38381 -1.71905
-1.38833 -1.72005
-1.38833 -1.72005
-1.39033 -1.71162
-1.39033 -1.71162
-1.38885 -1.70783
-1.38885 -1.70783
-1.39256 -1.70547
-1.39256 -1.70547
-1.39809 -1.70421
-1.39809 -1.70421
-1.39515 -1.69484
-1.39515 -1.69484
-1.40804 -1.68489
-1.40804 -1.68489
-1.40745 -1.68062
-1.40745 -1.68062
-1.40952 -1.67288
-1.40952 -1.67288
-1.41386 -1.67373
-1.41386 -1.67373
-1.41655 -1.66661
-1.41655 -1.66661
-1.41883 -1.66358
-1.41883 -1.66358
-1.42486 -1.65427
-1.42486 -1.65427
-1.42482 -1.64782
-1.42482 -1.64782
-1.42145 -1.64493
-1.42145 -1.64493
-1.42187 -1.64193
-1.42187 -1.64193
-1.43082 -1.6366
-1.43082 -1.6366
-1.42803 -1.63023
-1.42803 -1.63023
-1.43151 -1.61858
-1.43151 -1.61858
-1.42225 -1.61526
-1.42225 -1.61526
-1.42839 -1.61551
-1.42839 -1.61551
-1.4309 -1.60559
-1.4309 -1.60559
-1.42943 -1.59961
-1.42943 -1.59961
-1.42804 -1.59453
-1.42804 -1.59453
-1.42735 -1.58306
-1.42735 -1.58306
-1.42819 -1.58055
-1.42819 -1.58055
-1.42713 -1.57777
-1.42713 -1.57777
-1.42832 -1.56825
-1.42832 -1.56825
-1.42693 -1.57287
-1.42693 -1.57287
-1.43208 -1.55603
-1.43208 -1.55603
-1.42542 -1.55099
-1.42542 -1.55099
-1.4293 -1.55238
-1.4293 -1.55238
-1.427 -1.53989
-1.427 -1.53989
-1.42733 -1.53086
-1.42733 -1.53086
-1.42092 -1.52732
-1.42092 -1.52732
-1.43218 -1.51825
-1.43218 -1.51825
-1.42984 -1.51397
-1.42984 -1.51397
-1.42702 -1.505
-1.42702 -1.505
-1.42861 -1.50361
-1.42861 -1.50361
-1.42537 -1.50117
-1.42537 -1.50117
-1.42318 -1.49777
-1.42318 -1.49777
-1.42581 -1.48685
-1.42581 -1.48685
-1.42617 -1.47921
-1.42617 -1.47921
-1.4226 -1.47506
-1.4226 -1.47506
-1.42164 -1.46392
-1.42164 -1.46392
-1.41789 -1.46804
-1.41789 -1.46804
-1.4192 -1.45817
-1.4192 -1.45817
-1.41965 -1.45027
-1.41965 -1.45027
-1.42437 -1.44649
-1.42437 -1.44649
-1.41577 -1.44309
-1.41577 -1.44309
-1.42071 -1.43357
-1.42071 -1.43357
-1.42653 -1.43166
-1.42653 -1.43166
-1.41649 -1.41629
-1.41649 -1.41629
-1.41881 -1.40595
-1.41881 -1.40595
-1.42147 -1.39249
-1.42147 -1.39249
-1.41153 -1.38242
-1.41153 -1.38242
-1.41329 -1.38021
-1.41329 -1.38021
-1.41374 -1.36173
-1.41374 -1.36173
-1.41102 -1.35649
-1.41102 -1.35649
-1.40702 -1.34547
-1.40702 -1.34547
-1.40844 -1.33648
-1.40844 -1.33648
-1.41026 -1.31988
-1.41026 -1.31988
-1.40848 -1.31298
-1.40848 -1.31298
-1.40504 -1.30007
-1.40504 -1.30007
-1.41633 -1.2949
-1.41633 -1.2949
-1.41099 -1.2833
-1.41099 -1.2833
-1.40588 -1.2709
-1.40588 -1.2709
-1.40429 -1.26433
-1.40429 -1.26433
-1.39825 -1.2522
-1.39825 -1.2522
-1.39762 -1.24796
-1.39762 -1.24796
-1.40151 -1.23887
-1.40151 -1.23887
-1.3937 -1.2284
-1.3937 -1.2284
-1.38685 -1.22203
-1.38685 -1.22203
-1.38825 -1.21267
-1.38825 -1.21267
-1.3827 -1.20268
-1.3827 -1.20268
-1.37515 -1.18937
-1.37515 -1.18937
-1.3758 -1.18474
-1.3758 -1.18474
-1.37081 -1.17804
-1.37081 -1.17804
-1.36992 -1.16379
-1.36992 -1.16379
-1.36871 -1.15652
-1.36871 -1.15652
-1.36055 -1.14947
-1.36055 -1.14947
-1.35821 -1.13702
-1.35821 -1.13702
-1.36067 -1.12296
-1.36067 -1.12296
-1.35455 -1.11897
-1.35455 -1.11897
-1.34931 -1.10659
-1.34931 -1.10659
-1.34275 -1.09399
-1.34275 -1.09399
-1.33912 -1.08258
-1.33912 -1.08258
-1.33142 -1.0657
-1.33142 -1.0657
-1.32111 -1.04962
-1.32111 -1.04962
-1.32486 -1.03956
-1.32486 -1.03956
-1.31763 -1.0289
-1.31763 -1.0289
-1.32121 -1.01375
-1.32121 -1.01375
-1.31058 -0.998821
-1.31058 -0.998821
-1.30699 -0.99521
-1.30699 -0.99521
-1.3049 -0.977024
-1.3049 -0.977024
-1.29591 -0.965508
-1.29591 -0.965508
-1.28093 -0.947268
-1.28093 -0.947268
-1.27834 -0.942669
-1.27834 -0.942669
-1.28002 -0.924637
-1.28002 -0.924637
-1.26931 -0.923854
-1.26931 -0.923854
-1.25917 -0.903681
-1.25917 -0.903681
-1.25724 -0.890891
-1.25724 -0.890891
-1.25607 -0.880409
-1.25607 -0.880409
-1.24701 -0.867241
-1.24701 -0.867241
-1.23937 -0.852523
-1.23937 -0.852523
-1.23274 -0.841594
-1.23274 -0.841594
-1.22555 -0.829918
-1.22555 -0.829918
-1.21211 -0.821855
-1.21211 -0.821855
-1.20979 -0.8102
-1.20979 -0.8102
-1.19822 -0.798222
-1.19822 -0.798222
-1.195 -0.792712
-1.195 -0.792712
-1.18504 -0.778104
-1.18504 -0.778104
-1.17334 -0.759775
-1.17334 -0.759775
-1.17204 -0.756158
-1.17204 -0.756158
-1.16624 -0.743474
-1.16624 -0.743474
-1.1512 -0.73475
-1.1512 -0.73475
-1.13895 -0.717136
-1.13895 -0.717136
-1.13299 -0.715382
-1.13299 -0.715382
-1.12162 -0.703185
-1.12162 -0.703185
-1.11075 -0.689882
-1.11075 -0.689882
-1.10853 -0.677741
-1.10853 -0.677741
-1.09777 -0.678737
-1.09777 -0.678737
-1.08193 -0.664686
-1.08193 -0.664686
-1.07429 -0.649255
-1.07429 -0.649255
-1.06878 -0.643691
-1.06878 -0.643691
-1.05366 -0.638488
-1.05366 -0.638488
-1.04479 -0.626395
-1.04479 -0.626395
-1.03206 -0.611622
-1.03206 -0.611622
-1.02256 -0.606527
-1.02256 -0.606527
-1.01073 -0.594011
-1.01073 -0.594011
-0.994642 -0.581582
-0.994642 -0.581582
-0.977799 -0.565239
-0.977799 -0.565239
-0.955732 -0.549326
-0.955732 -0.549326
-0.939927 -0.536584
-0.939927 -0.536584
-0.928387 -0.516261
-0.928387 -0.516261
-0.902731 -0.499881
-0.902731 -0.499881
-0.89103 -0.486508
-0.89103 -0.486508
-0.869827 -0.463192
-0.869827 -0.463192
-0.852478 -0.454384
-0.852478 -0.454384
-0.827004 -0.433445
-0.827004 -0.433445
-0.803838 -0.415286
-0.803838 -0.415286
-0.780844 -0.399138
-0.780844 -0.399138
-0.764411 -0.389898
-0.764411 -0.389898
-0.746343 -0.369519
-0.746343 -0.369519
-0.725154 -0.35388
-0.725154 -0.35388
-0.703957 -0.341698
-0.703957 -0.341698
-0.683799 -0.325487
-0.683799 -0.325487
-0.658319 -0.307493
-0.658319 -0.307493
-0.643857 -0.292184
-0.643857 -0.292184
-0.620575 -0.276701
-0.620575 -0.276701
-0.596541 -0.262287
-0.596541 -0.262287
-0.578618 -0.244403
-0.578618 -0.244403
-0.558158 -0.233733
-0.558158 -0.233733
-0.539507 -0.214057
-0.539507 -0.214057
-0.517993 -0.195489
-0.517993 -0.195489
-0.495117 -0.186104
-0.495117 -0.186104
-0.470103 -0.171726
-0.470103 -0.171726
-0.444234 -0.1634
-0.444234 -0.1634
-0.430121 -0.150676
-0.430121 -0.150676
-0.397066 -0.133092
-0.397066 -0.133092
-0.377393 -0.121364
-0.377393 -0.121364
-0.35681 -0.108527
-0.35681 -0.108527
-0.334776 -0.102345
-0.334776 -0.102345
-0.308016 -0.0903654
-0.308016 -0.0903654
-0.283405 -0.0848636
-0.283405 -0.0848636
-0.265217 -0.0690211
-0.265217 -0.0690211
-0.260494 -0.0694576
-0.260494 -0.0694576
-0.258545 -0.0708785
-0.258545 -0.0708785
-0.25905 -0.0739386
-0.25905 -0.0739386
-0.260964 -0.0696998
-0.260964 -0.0696998
-0.257151 -0.0702753
-0.257151 -0.0702753
-0.256729 -0.0738686
-0.256729 -0.0738686
-0.260177 -0.0689255
-0.260177 -0.0689255
-0.25814 -0.0717583
-0.25814 -0.0717583
-0.260943 -0.0718679
-0.260943 -0.0718679
-0.257478 -0.0683354
-0.257478 -0.0683354
-0.259789 -0.0729893
-0.259789 -0.0729893
-0.257324 -0.069994
-0.257324 -0.069994
-0.254804 -0.0697755
-0.254804 -0.0697755
-0.258048 -0.0695224
-0.258048 -0.0695224
-0.259697 -0.070839
-0.259697 -0.070839
-0.257989 -0.0682565
-0.257989 -0.0682565
-0.25944 -0.0698876
-0.25944 -0.0698876
-0.257177 -0.0681068
-0.257177 -0.0681068
-0.256569 -0.0719275
-0.256569 -0.0719275
-0.255343 -0.0706749
-0.255343 -0.0706749
-0.259843 -0.0694915
-0.259843 -0.0694915
-0.255832 -0.0659471
-0.255832 -0.0659471
-0.260123 -0.0655581
-0.260123 -0.0655581
-0.252257 -0.0672788
-0.252257 -0.0672788
-0.258663 -0.0678464
-0.258663 -0.0678464
-0.256432 -0.0657233
-0.256432 -0.0657233
-0.259306 -0.0680316
-0.259306 -0.0680316
-0.25557 -0.0646752
-0.25557 -0.0646752
-0.256804 -0.065535
-0.256804 -0.065535
-0.258162 -0.0718075
-0.258162 -0.0718075
-0.259945 -0.0691185
-0.259945 -0.0691185
-0.255917 -0.070886
-0.255917 -0.070886
-0.258867 -0.0693956
-0.258867 -0.0693956
-0.258602 -0.067551
-0.258602 -0.067551
-0.257771 -0.070043
-0.257771 -0.070043
-0.256653 -0.0640482
-0.256653 -0.0640482
-0.25188 -0.0648016
-0.25188 -0.0648016
-0.257634 -0.0668465
-0.257634 -0.0668465
-0.255725 -0.0655528
-0.255725 -0.0655528
-0.25332 -0.0720527
-0.25332 -0.0720527
-0.255905 -0.0705999
-0.255905 -0.0705999
-0.25253 -0.0645564
-0.25253 -0.0645564
-0.25235 -0.0674022
-0.25235 -0.0674022
-0.253142 -0.065755
-0.253142 -0.065755
-0.253015 -0.0656493
-0.253015 -0.0656493
-0.255092 -0.0725297
-0.255092 -0.0725297
-0.258404 -0.0641881
-0.258404 -0.0641881
-0.255164 -0.0670552
-0.255164 -0.0670552
-0.256436 -0.0638295
-0.256436 -0.0638295
-0.253957 -0.0649763
-0.253957 -0.0649763
-0.250012 -0.06523
-0.250012 -0.06523
