0
0
0
0
0.00343803
0.00344361
0.00344915
0.00345278
0.00769374
0.00769098
0.00906941
0.00906241
0.0054427
0.00543818
0.00745024
0.00744857
0.00799089
0.00798743
0.0101021
0.0100994
0.00799192
0.00798918
0.0119197
0.0119173
0.00658037
0.006579
0.00310403
0.00309783
0.0113173
0.0113146
0.0117812
0.0117774
0.00577764
0.00577573
0.00483663
0.0048344
0.00459621
0.00459519
0.00671058
0.00670906
0.00408137
0.0040787
0.00771219
0.00771334
0.00783578
0.00783282
0.00910249
0.00910231
0.00574566
0.00574594
0.00449486
0.00449538
0.00517833
0.00517863
0.00601334
0.00601395
0.00549751
0.00549768
0.00312374
0.00312264
0.0055549
0.00555485
0.00796513
0.00796582
0.00803607
0.0080351
0.0069142
0.00691393
0.00864585
0.00864596
0.00815389
0.00815512
0.01243
0.012431
0.0105319
0.0105329
0.0101487
0.0101496
0.0119977
0.0119986
0.0135503
0.0135523
0.0104439
0.010444
0.0115609
0.0115179
0.00812542
0.00788029
0.00764566
0.00707296
0.00748723
0.00803273
0.0122402
0.0126927
0.0130076
0.0125805
0.0126752
0.012559
0.00773382
0.00817764
0.0133973
0.0145574
0.0157135
0.0162437
0.0160057
0.0165659
0.0128834
0.0139884
0.0106743
0.0125598
0.0164416
0.0174615
0.0140129
0.0168877
0.01228
0.0168108
0.015429
0.020173
0.0155744
0.0212626
0.0167117
0.0221944
0.0193054
0.0217471
0.0194996
0.0227967
0.0219795
0.0276482
0.0204145
0.0251835
0.0234445
0.0274362
0.021454
0.024066
0.0253407
0.0277902
0.0221811
0.0258381
0.0271442
0.0296573
0.024189
0.0265062
0.0226897
0.0254591
0.0266117
0.0302735
0.0184182
0.0239551
0.0164427
0.0218378
0.0190783
0.0229659
0.0212574
0.0254539
0.029051
0.0318408
0.0329712
0.0363843
0.0294286
0.0320568
0.0311696
0.0346845
0.0328272
0.0365841
0.0333432
0.0389388
0.0360751
0.0403233
0.0384251
0.0439385
0.0403249
0.0451916
0.0436591
0.0480085
0.0458879
0.0496743
0.0506715
0.0579729
0.0457232
0.0502797
0.0513198
0.0541973
0.0422611
0.0463558
0.0444308
0.0472155
0.0460548
0.0500657
0.043231
0.0461602
0.0395014
0.0436211
0.0458794
0.0501669
0.0450015
0.0488859
0.0401105
0.0443122
0.0458698
0.0486712
0.0452649
0.0497168
0.0427098
0.0472003
0.0470449
0.0529864
0.0426145
0.0451389
0.0412729
0.0470099
0.0470301
0.0527644
0.0453782
0.0497246
0.0468053
0.0523285
0.0457492
0.0487368
0.0493488
0.0520541
0.0462271
0.0504694
0.0460927
0.0505509
0.0469033
0.0513691
0.049974
0.054343
0.0491245
0.0547686
0.0499686
0.0545255
0.047142
0.0531017
0.0480386
0.0541117
0.0406139
0.0450408
0.0480728
0.0540597
0.0458473
0.052209
0.0492517
0.0538712
0.0485431
0.0548394
0.0429968
0.0491581
0.0488945
0.0545733
0.0439603
0.0487178
0.0458038
0.0501293
0.0522577
0.0553502
0.0517664
0.0561475
0.0500339
0.0543278
0.0466746
0.049618
0.0461359
0.0505401
0.0517712
0.0564086
0.0541574
0.058823
0.0541312
0.0595383
0.0565783
0.0628409
0.0515744
0.0559612
0.0531892
0.0576109
0.0531529
0.0593456
0.0536207
0.0566683
0.0533996
0.0565594
0.0543968
0.0575005
0.0520542
0.0566009
0.0564829
0.0611291
0.0613419
0.064217
0.0563508
0.0620828
0.0574663
0.0635499
0.0587597
0.0632354
0.0594341
0.0653408
0.0582138
0.0613199
0.0579103
0.0609373
0.0600926
0.064607
0.0598051
0.0628455
0.0547371
0.0592187
0.0533466
0.0565043
0.059879
0.0641607
0.0585953
0.0631618
0.0617576
0.0660086
0.0615058
0.0675489
0.0662082
0.0707063
0.0678498
0.0724234
0.0645039
0.0704836
0.0675965
0.0708497
0.070593
0.0737277
0.0625895
0.0672455
0.0687967
0.0716157
0.0698591
0.0745218
0.0697823
0.0755941
0.0681032
0.0725202
0.0727938
0.0787451
0.0685691
0.0730278
0.0724973
0.0768576
0.0736446
0.0778659
0.0830154
0.0885742
0.0781796
0.0819894
0.0722337
0.0747852
0.0755833
0.0781935
0.0782571
0.0808694
0.0800624
0.0837959
0.0778062
0.0829812
0.0817629
0.0855112
0.085247
0.0877185
0.0820357
0.0863132
0.0825286
0.0859601
0.0802295
0.0842474
0.0822777
0.0867715
0.078628
0.0831944
0.0824508
0.0846075
0.087639
0.0919695
0.0807194
0.0850122
0.0813509
0.08344
0.079599
0.0816794
0.0803724
0.0824897
0.0825864
0.0848069
0.0862051
0.0882288
0.0825348
0.085576
0.0848675
0.0869281
0.0778073
0.0797107
0.0808793
0.0828626
0.0791924
0.0824014
0.0820413
0.0861434
0.0751391
0.079058
0.082109
0.0861939
0.0783433
0.0804315
0.0782194
0.0820027
0.0752739
0.0796341
0.080803
0.0852892
0.0780872
0.0813821
0.0848613
0.0882085
0.0841215
0.088522
0.0831162
0.0878496
0.0822291
0.0845888
0.0803173
0.0826647
0.0842577
0.0877429
0.0833247
0.0866527
0.0864498
0.0889524
0.0835957
0.0871526
0.0881707
0.0917914
0.0800125
0.0824281
0.090137
0.0937989
0.083837
0.0875596
0.0906518
0.094606
0.0924227
0.0964153
0.0916431
0.096876
0.0961315
0.100258
0.0939971
0.100009
0.101721
0.106442
0.104999
0.111504
0.111959
0.11286
0.104961
0.10497
0.112234
0.112247
0.106454
0.106468
0.112643
0.112657
0.112363
0.11237
0.10965
0.109657
0.113144
0.113155
0.107547
0.107625
0.113176
0.11328
0.113752
0.113941
0.115982
0.11627
0.113387
0.113768
0.112052
0.112726
0.120759
0.121705
0.122004
0.122272
0.119478
0.11924
0.114451
0.114736
0.119193
0.119543
0.12162
0.121962
0.113328
0.113582
0.115401
0.115655
0.110735
0.110988
0.11637
0.116186
0.115098
0.11512
0.109921
0.109967
0.11466
0.114825
0.112543
0.112766
0.113435
0.113655
0.112864
0.113088
0.110567
0.110736
0.113634
0.113861
0.111357
0.111528
0.109567
0.10974
0.110141
0.110214
0.103361
0.103364
0.108121
0.108126
0.108003
0.108006
0.100298
0.100301
0.113404
0.113407
0.110259
0.110262
0.1126
0.112604
0.111416
0.111419
0.109263
0.109266
0.108601
0.108603
0.114218
0.114222
0.109338
0.109341
0.11382
0.114705
0.10907
0.110833
0.110032
0.111786
0.114822
0.116607
0.105342
0.107955
0.106048
0.109623
0.107589
0.111186
0.107679
0.111223
0.111875
0.113672
0.11674
0.119423
0.105259
0.107986
0.102999
0.104852
0.104777
0.107523
0.10763
0.109602
0.101527
0.106273
0.099011
0.105174
0.101875
0.106414
0.102962
0.106071
0.0954142
0.10015
0.10111
0.105823
0.105961
0.110637
0.107836
0.112528
0.0978727
0.103997
0.100366
0.103469
0.105224
0.108231
0.102969
0.106171
0.0998566
0.103661
0.0971167
0.104698
0.0991171
0.104843
0.0994735
0.105315
0.0956098
0.101426
0.0985752
0.102456
0.0936424
0.103316
0.099152
0.104556
0.0973107
0.103124
0.0981163
0.105775
0.0914467
0.0972463
0.0973565
0.103231
0.0995719
0.105399
0.0966117
0.104442
0.100101
0.107773
0.0965486
0.104294
0.0909148
0.0982397
0.0966371
0.102501
0.0955168
0.0994421
0.0949111
0.100771
0.0899349
0.093924
0.0947492
0.100559
0.0905307
0.0944219
0.0961934
0.100092
0.0904059
0.0981112
0.0935133
0.0992171
0.090279
0.0942872
0.0923789
0.0983962
0.0905284
0.0986131
0.093813
0.0978524
0.0857672
0.0917446
0.0905264
0.0965063
0.0875537
0.0915468
0.0867972
0.0922913
0.0884892
0.0964126
0.0801356
0.0881232
0.0888779
0.0949075
0.084028
0.0920751
0.0803894
0.0881024
0.0870188
0.0951865
0.0891675
0.095343
0.0843503
0.092585
0.0866935
0.0949335
0.0904417
0.0942805
0.0856388
0.0896565
0.0860783
0.0900897
0.090926
0.0950225
0.090209
0.0943199
0.0893016
0.0975605
0.0901503
0.094306
0.0911283
0.0952886
0.0923613
0.0985164
0.0886131
0.0946014
0.0943488
0.0984369
0.0913992
0.0974396
0.086508
0.0921781
0.0858278
0.0898974
0.0886259
0.0946965
0.0906616
0.0947208
0.0879446
0.0937418
0.0883729
0.0923933
0.0890358
0.0950704
0.0877074
0.0917246
0.0835894
0.0875767
0.0927292
0.0966296
0.0876167
0.0954163
0.0861679
0.0919253
0.0852892
0.0930738
0.0809736
0.0887984
0.0828499
0.0886613
0.083353
0.0873319
0.0807532
0.084689
0.0812462
0.0850045
0.0725441
0.0781297
0.0777259
0.0814839
0.0829148
0.0886887
0.0819938
0.0878759
0.0764095
0.0839078
0.0768756
0.0827353
0.0776719
0.0855101
0.0749587
0.0808497
0.0742516
0.0819463
0.0812808
0.0912825
0.0816897
0.087477
0.0816514
0.0882811
0.0866754
0.0973317
0.0844939
0.0921496
0.0793695
0.0919315
0.0796443
0.0939318
0.0915106
0.106831
0.0721412
0.0932334
0.0720483
0.0931694
0.0785877
0.0944341
0.081247
0.102191
0.0804274
0.0962135
0.0754493
0.0962854
0.0797084
0.100084
0.0811799
0.101341
0.0831228
0.0931439
0.0883503
0.098551
0.0950516
0.104736
0.0915175
0.100974
0.0888481
0.103064
0.101477
0.115111
0.0922976
0.110118
0.09738
0.114972
0.0984602
0.115746
0.0989777
0.116119
0.108513
0.121031
0.0999846
0.117038
0.109629
0.125685
0.112027
0.124162
0.11365
0.128956
0.117151
0.133077
0.12436
0.131973
0.119179
0.126889
0.124896
0.135598
0.129949
0.137325
0.130163
0.14075
0.134323
0.141413
0.133074
0.139788
0.131112
0.14483
0.138503
0.151901
0.137453
0.150744
0.140838
0.150213
0.141786
0.154262
0.148101
0.160287
0.149863
0.162267
0.151454
0.16082
0.155027
0.166772
0.161017
0.169815
0.164
0.16989
0.161789
0.167541
0.168558
0.17654
0.171528
0.17968
0.167142
0.177632
0.179527
0.187069
0.177464
0.187414
0.181949
0.189881
0.18187
0.192116
0.182353
0.192125
0.192563
0.200385
0.197916
0.208016
0.196149
0.203596
0.200742
0.205427
0.204991
0.210149
0.210274
0.21486
0.216882
0.223957
0.216965
0.221529
0.216127
0.222684
0.218085
0.227143
0.227541
0.236615
0.222162
0.230633
0.229973
0.236092
0.234029
0.240153
0.233373
0.240957
0.241639
0.245642
0.238445
0.242534
0.248121
0.253922
0.256357
0.261871
0.251355
0.25495
0.263399
0.268666
0.271246
0.274874
0.267798
0.27291
0.271519
0.276819
0.27492
0.27776
0.281102
0.282586
0.288593
0.288597
0.283812
0.283815
0.286155
0.286155
0.284592
0.284591
0.283848
0.283847
0.28083
0.280841
0.284563
0.284656
0.281327
0.281434
0.29131
0.291266
0.286582
0.286478
0.28654
0.286463
0.288735
0.288773
0.293274
0.293365
0.293686
0.293733
0.292308
0.292358
0.291818
0.291882
0.299803
0.30004
0.294877
0.295139
0.293275
0.293367
0.296922
0.297017
0.295869
0.296021
0.295181
0.295288
0.29571
0.295822
0.298231
0.298411
0.304979
0.305224
0.296339
0.296529
0.301413
0.301611
0.307031
0.3073
0.301756
0.302032
0.303773
0.304056
0.298933
0.299077
0.310022
0.31017
0.303978
0.304127
0.30719
0.30734
0.30986
0.310009
0.30556
0.305649
0.307789
0.307809
0.307707
0.307653
0.306464
0.306431
0.305378
0.305346
0.303829
0.303782
0.308665
0.308619
0.305824
0.305794
0.301187
0.302579
0.301499
0.303434
0.306841
0.309413
0.30544
0.308014
0.301778
0.304484
0.308662
0.313465
0.303485
0.306349
0.302666
0.304574
0.305069
0.307293
0.300514
0.301788
0.305703
0.308213
0.297829
0.29972
0.300587
0.302516
0.305377
0.308272
0.303443
0.305401
0.304403
0.306385
0.301787
0.304762
0.302429
0.305441
0.310123
0.313169
0.31031
0.313378
0.308596
0.312682
0.302206
0.305269
0.303731
0.307701
0.30364
0.305308
0.303607
0.305627
0.308019
0.310061
0.305603
0.307647
0.303883
0.306943
0.311074
0.313129
0.307546
0.310611
0.311057
0.312947
0.312843
0.315912
0.316718
0.31982
0.315312
0.317394
0.309411
0.312508
0.310463
0.314555
0.309599
0.312228
0.313994
0.317594
0.312169
0.315189
0.314906
0.316952
0.312105
0.314208
0.311984
0.314089
0.315825
0.317928
0.318047
0.321184
0.319039
0.321119
0.319131
0.322186
0.314342
0.316356
0.318078
0.320061
0.323682
0.325638
0.317466
0.321272
0.318289
0.321153
0.318125
0.320979
0.312454
0.316233
0.31647
0.319764
0.318605
0.320161
0.313934
0.315824
0.324288
0.32619
0.312873
0.314793
0.313965
0.315884
0.320873
0.324755
0.314307
0.316253
0.311096
0.313052
0.313753
0.315705
0.310052
0.312028
0.310757
0.313698
0.30872
0.310685
0.313117
0.314963
0.31546
0.31835
0.318856
0.321736
0.312685
0.316513
0.310798
0.314504
0.312012
0.314309
0.305517
0.309052
0.316107
0.319929
0.311922
0.315768
0.309758
0.313629
0.311764
0.313717
0.314213
0.317125
0.310819
0.31326
0.316998
0.320113
0.309461
0.314349
0.307318
0.313819
0.306854
0.310119
0.306219
0.311046
0.312108
0.318133
0.302529
0.308644
0.306539
0.311378
0.305108
0.311669
0.307693
0.31101
0.30113
0.304454
0.304028
0.30733
0.300722
0.303893
0.306272
0.312829
0.303906
0.307173
0.300744
0.303996
0.302136
0.306974
0.300545
0.303464
0.304668
0.309074
0.305314
0.308475
0.303226
0.306373
0.305333
0.309956
0.306977
0.310065
0.302465
0.30869
0.297541
0.303772
0.302451
0.30718
0.3045
0.310802
0.299791
0.306068
0.301642
0.307395
0.302131
0.308426
0.300504
0.306872
0.296728
0.303123
0.301053
0.304254
0.29851
0.302655
0.297834
0.304529
0.299344
0.30388
0.292544
0.301539
0.290033
0.296483
0.294235
0.300948
0.293327
0.299831
0.29277
0.301634
0.290927
0.295343
0.299669
0.304119
0.295023
0.301748
0.294737
0.301388
0.28584
0.292407
0.293881
0.300333
0.290412
0.294908
0.299516
0.30398
0.290465
0.29493
0.291142
0.295638
0.294404
0.301147
0.294503
0.298885
0.290736
0.294891
0.286574
0.29518
0.285945
0.294623
0.286175
0.292693
0.287679
0.296485
0.285192
0.294027
0.292136
0.301056
0.290237
0.294508
0.281234
0.285614
0.288371
0.294951
0.289808
0.296426
0.290405
0.294739
0.279983
0.286545
0.286521
0.293025
0.283213
0.291564
0.281021
0.2874
0.282069
0.28831
0.289829
0.29613
0.282219
0.288546
0.277789
0.28209
0.28086
0.287305
0.283075
0.289399
0.279127
0.289008
0.274888
0.285526
0.281502
0.292589
0.281153
0.292352
0.278812
0.291089
0.274285
0.283996
0.268699
0.283195
0.275105
0.283282
0.276605
0.28496
0.272511
0.280705
0.279462
0.287787
0.272741
0.281103
0.279493
0.287827
0.267508
0.279806
0.267099
0.275397
0.264198
0.276632
0.275184
0.283417
0.272902
0.281197
0.263448
0.280216
0.264712
0.277333
0.264163
0.281043
0.258394
0.275216
0.262848
0.27983
0.260482
0.277508
0.262573
0.27545
0.258858
0.275957
0.266034
0.27466
0.265146
0.273791
0.262805
0.271434
0.264065
0.272679
0.260977
0.269617
0.256126
0.268889
0.26727
0.275721
0.255261
0.268072
0.262411
0.270914
0.255382
0.27247
0.258531
0.27534
0.254583
0.267366
0.255553
0.272575
0.256685
0.262195
0.258101
0.258158
0.25699
0.257067
0.258805
0.258863
0.258974
0.259013
0.255798
0.255856
0.257006
0.257044
0.258295
0.258353
0.257647
0.257724
0.260375
0.260452
0.255911
0.255989
0.260021
0.260061
0.256679
0.256719
0.254399
0.254478
0.257392
0.257432
0.259546
0.259586
0.257057
0.257117
0.25917
0.25923
0.256489
0.256569
0.257612
0.257652
0.256084
0.256144
0.259843
0.259923
0.254889
0.254949
0.258845
0.258906
0.25238
0.25244
0.258616
0.258677
0.255859
0.25592
0.259503
0.259584
0.254906
0.254967
0.256496
0.256537
0.260327
0.260368
0.261023
0.261064
0.258126
0.258187
0.260384
0.260446
0.259545
0.259607
0.259878
0.25994
0.256652
0.256714
0.252632
0.252714
0.258895
0.258936
0.256717
0.2568
0.257228
0.257289
0.259108
0.25919
0.253778
0.25384
0.254844
0.254906
0.255054
0.255095
0.255021
0.255062
0.259763
0.259825
0.259695
0.259758
0.257921
0.257963
0.257987
0.258029
0.256254
0.256317
0.252839
0.25288
