0 0
0 0
0 0
0 0
0 0
0 0
0 0
0 0
0 0
0 0
0 0
0 0
0 0
0 0
0 0
0 0
0 0
0 0
0 0
0 0
0 0
0 0
0 0
0 0
0 0
0 0
0 0
0 0
0 0
0 0
0 0
0 0
0 0
0 0
0 0
0 0
0 0
0 0
0 0
0 0
0 0
0 0
0 0
0 0
0 0
0 0
0 0
0 0
0 0
0 0
0 0
0 0
0 0
0 0
0 0
0 0
0 0
0 0
0 0
0 0
0 0
0 0
0 0
0 0
0 0
0 0
0 0
0 0
-0.0265043 0.000694792
-0.0265043 0.000694792
-0.0237234 0.000771917
-0.0237234 0.000771917
-0.0284361 -0.000382188
-0.0284361 -0.000382188
-0.0243783 -0.00672716
-0.0243783 -0.00672716
-0.029348 0.00172284
-0.029348 0.00172284
-0.0294012 -0.00260336
-0.0294012 -0.00260336
-0.0318333 -0.00401326
-0.0318333 -0.00401326
-0.0299198 0.00656218
-0.0299198 0.00656218
-0.0264035 0.00440855
-0.0264035 0.00440855
-0.0264035 0.00440855
-0.027007 0.00259354
-0.0298996 0.000985593
-0.0298996 0.000985593
-0.0298996 0.000985593
-0.0266171 0.00104311
-0.0266171 0.00104311
-0.0308744 0.00150842
-0.0308744 0.00150842
-0.0268695 0.00569722
-0.0268695 0.00569722
-0.0258351 0.00583408
-0.0258351 0.00583408
-0.0230233 0.00930444
-0.0230233 0.00930444
-0.0256163 0.00968053
-0.0256163 0.00968053
-0.0285185 0.0156878
-0.0285185 0.0156878
-0.0203342 0.0168094
-0.0203342 0.0168094
-0.02202 0.0185435
-0.0213039 0.0200096
-0.0213039 0.0200096
-0.0137848 0.0174077
-0.0137848 0.0174077
-0.0116471 0.0193868
-0.0116471 0.0193868
-0.0128244 0.0209673
-0.0128244 0.0209673
-0.0041362 0.0236493
-0.0041362 0.0236493
-0.00373808 0.0209136
-0.00373808 0.0209136
0.000305909 0.0219887
0.000305909 0.0219887
-0.00115767 0.0261152
-0.00115767 0.0261152
0.00419807 0.0221572
0.00419807 0.0221572
0.00902732 0.0210874
0.00902732 0.0210874
0.0108869 0.0209661
0.0108869 0.0209661
0.00521216 0.0184376
0.00521216 0.0184376
0.0120264 0.0238233
0.0120264 0.0238233
0.01833 0.0206059
0.01833 0.0206059
0.0197282 0.018343
0.0197282 0.018343
0.0220568 0.0189605
0.0220568 0.0189605
0.0176263 0.0138685
0.0176263 0.0138685
0.0198603 0.00933445
0.0198603 0.00933445
0.0282395 0.0131649
0.0282395 0.0131649
0.0328845 0.0102618
0.0328845 0.0102618
0.028849 0.00688534
0.028849 0.00688534
0.0248966 0.00552458
0.0248966 0.00552458
0.0335763 0.00251599
0.0335763 0.00251599
0.0282073 -0.00098531
0.0282073 -0.00098531
0.035421 -0.00309318
0.035421 -0.00309318
0.0340611 -0.00327542
0.0340611 -0.00327542
0.0313695 -0.00152862
0.0313695 -0.00152862
0.0319442 -0.0108351
0.0319442 -0.0108351
0.0350338 -0.0125796
0.0350338 -0.0125796
0.0350338 -0.0125796
0.0365009 -0.00937597
0.0365009 -0.00937597
0.0388912 -0.0129005
0.0388912 -0.0129005
0.0329629 -0.0139256
0.0329629 -0.0139256
0.0374144 -0.015315
0.0374144 -0.015315
0.0304707 -0.0149892
0.0304707 -0.0149892
0.0311536 -0.0160323
0.0311536 -0.0160323
0.0293002 -0.0182769
0.0293002 -0.0182769
0.0316073 -0.0186621
0.0316073 -0.0186621
0.0280007 -0.0179201
0.032054 -0.0196471
0.0310541 -0.019662
0.0295541 -0.0196693
0.0279567 -0.0204981
0.0259568 -0.0204817
0.0177569 -0.018445
0.0157577 -0.01839
0.0165336 -0.0183732
0.0145358 -0.0182807
0.0195571 -0.0144688
0.0175618 -0.0143326
0.0085783 -0.0204604
0.00658574 -0.020288
0.00266705 -0.0180573
0.00173737 -0.0202584
-0.00123775 -0.0198728
-0.00237273 -0.0171081
-0.00533992 -0.0166656
-0.0117866 -0.0175997
-0.0147453 -0.0171039
-0.0110976 -0.018719
-0.0140525 -0.018201
-0.0204225 -0.0180651
-0.0233657 -0.017484
-0.0301539 -0.0150927
-0.0330879 -0.0144671
-0.0343707 -0.0205532
-0.0372909 -0.0198655
-0.038543 -0.0161961
-0.0414492 -0.0154516
-0.04863 -0.0148086
-0.0515197 -0.0140027
-0.0533604 -0.0171311
-0.0562378 -0.0162821
-0.0588036 -0.0148062
-0.0616741 -0.0139343
-0.0653327 -0.0173153
-0.0682021 -0.0164398
-0.0745339 -0.0069221
-0.0774045 -0.00605033
-0.0762421 -0.0122585
-0.0791091 -0.0113751
-0.086464 -0.00723144
-0.0893345 -0.00635958
-0.0865048 -0.00147881
-0.0893692 -0.000587061
-0.0935988 -0.00292614
-0.0964595 -0.00202272
-0.104169 -0.00106666
-0.107035 -0.000181189
-0.103969 -0.00706175
-0.106835 -0.00617471
-0.110178 -0.00513984
-0.108462 -0.00110495
-0.116589 0.00138784
-0.119769 0.00421831
-0.124557 0.00565739
-0.129667 0.000820626
-0.134456 0.00225675
-0.140134 0.0100804
-0.144923 0.011516
-0.145862 0.0144374
-0.150648 0.015884
-0.153318 0.0111778
-0.158077 0.0127091
-0.162093 0.0216822
-0.166856 0.0232039
-0.176858 0.0173976
-0.181616 0.0189342
-0.181539 0.027966
-0.186301 0.0294899
-0.193949 0.0271825
-0.198705 0.0287258
-0.201636 0.0303802
-0.206397 0.0319081
-0.214324 0.0319293
-0.219078 0.0334784
-0.224804 0.0348147
-0.233014 0.0399692
-0.238731 0.0417908
-0.247711 0.042959
-0.253429 0.0447783
-0.252052 0.0491762
-0.257729 0.0511184
-0.268153 0.0519013
-0.273834 0.0538324
-0.277432 0.0521775
-0.283114 0.0541039
-0.288165 0.0534395
-0.293842 0.055382
-0.301372 0.055948
-0.307036 0.0579252
-0.307893 0.0648624
-0.313573 0.0667946
-0.320039 0.0668147
-0.325723 0.0687381
-0.334889 0.0701451
-0.34057 0.072075
-0.339853 0.0759337
-0.345528 0.0778824
-0.356166 0.083437
-0.361823 0.0854349
-0.370036 0.0822682
-0.37569 0.0842757
-0.380142 0.0871869
-0.385797 0.0891933
-0.38809 0.0924798
-0.393744 0.0944881
-0.399693 0.0945773
-0.405348 0.0965821
-0.40904 0.0995251
-0.414702 0.101511
-0.422118 0.107015
-0.427778 0.109008
-0.429924 0.108141
-0.435582 0.110137
-0.443484 0.111949
-0.449123 0.113998
-0.451531 0.114279
-0.457166 0.116339
-0.467781 0.117984
-0.473409 0.120064
-0.473477 0.125089
-0.479105 0.127169
-0.49117 0.130485
-0.496791 0.132584
-0.505807 0.127348
-0.511437 0.129423
-0.508584 0.134573
-0.514218 0.136636
-0.523793 0.141817
-0.529433 0.143866
-0.530913 0.146248
-0.536559 0.14828
-0.54651 0.148165
-0.552125 0.150278
-0.557518 0.153401
-0.56313 0.155525
-0.571936 0.155406
-0.57755 0.157522
-0.579833 0.166696
-0.585431 0.168856
-0.591009 0.166793
-0.596617 0.168926
-0.601496 0.167702
-0.607107 0.169828
-0.61337 0.177821
-0.618983 0.179942
-0.624077 0.179309
-0.629695 0.181417
-0.634895 0.179041
-0.640509 0.181158
-0.647038 0.1839
-0.652637 0.186057
-0.657807 0.190883
-0.663397 0.193064
-0.671621 0.196967
-0.67721 0.19915
-0.677028 0.199838
-0.682618 0.202018
-0.692605 0.207803
-0.698197 0.209977
-0.70483 0.205659
-0.71042 0.207838
-0.713617 0.213011
-0.719222 0.215153
-0.730261 0.214913
-0.735853 0.217087
-0.731513 0.220159
-0.737091 0.22237
-0.744136 0.224335
-0.74971 0.226554
-0.758282 0.234402
-0.763848 0.236643
-0.769567 0.230862
-0.775131 0.233107
-0.7782 0.23678
-0.783757 0.239043
-0.78692 0.243823
-0.792492 0.246049
-0.799461 0.24562
-0.805029 0.247854
-0.809556 0.251201
-0.815137 0.253403
-0.828167 0.256887
-0.833739 0.259113
-0.834012 0.261022
-0.839564 0.263298
-0.840507 0.264511
-0.846063 0.266776
-0.852863 0.268671
-0.858418 0.270938
-0.869551 0.275678
-0.875091 0.277982
-0.878465 0.281107
-0.884005 0.283412
-0.891684 0.284811
-0.897231 0.287099
-0.896552 0.28716
-0.902105 0.289432
-0.90669 0.296405
-0.912245 0.298673
-0.92287 0.299591
-0.92841 0.301896
-0.92877 0.302668
-0.934291 0.305017
-0.940197 0.308498
-0.945709 0.310868
-0.953173 0.312577
-0.958684 0.31495
-0.967169 0.313189
-0.972687 0.315545
-0.979975 0.318012
-0.985501 0.320349
-0.987707 0.322877
-0.993233 0.325214
-0.994753 0.327325
-1.00027 0.32969
-1.0108 0.336304
-1.01633 0.338639
-1.01733 0.345039
-1.02284 0.347402
-1.02838 0.349723
-1.03084 0.345647
-1.03791 0.347398
-1.04357 0.349379
-1.05496 0.351966
-1.06072 0.35366
-1.0608 0.358151
-1.06666 0.359467
-1.07509 0.362195
-1.081 0.3632
-1.08025 0.367105
-1.08622 0.367752
-1.09361 0.36778
-1.0996 0.368097
-1.09993 0.37151
-1.10593 0.371483
-1.11658 0.376248
-1.12257 0.375853
-1.12874 0.370788
-1.13469 0.370041
-1.14021 0.375484
-1.1461 0.374342
-1.14959 0.372363
-1.15543 0.370995
-1.15639 0.368644
-1.16217 0.367031
-1.17277 0.369076
-1.17848 0.367226
-1.18628 0.366932
-1.19191 0.364864
-1.19916 0.362791
-1.20471 0.360511
-1.21258 0.354615
-1.21804 0.352121
-1.22324 0.361928
-1.2286 0.359222
-1.22896 0.353878
-1.23417 0.350896
-1.2393 0.347797
-1.24644 0.34985
-1.24884 0.338578
-1.25363 0.334971
-1.26301 0.336887
-1.26751 0.332925
-1.27246 0.332901
-1.27663 0.328584
-1.27412 0.324792
-1.2779 0.320134
-1.28763 0.316537
-1.29104 0.311607
-1.2938 0.307829
-1.29686 0.302666
-1.30789 0.297015
-1.3106 0.291662
-1.31449 0.283988
-1.31676 0.278433
-1.3139 0.283496
-1.31608 0.277906
-1.31991 0.271958
-1.32187 0.266288
-1.32569 0.263815
-1.3274 0.258064
-1.3303 0.2497
-1.33183 0.2439
-1.33514 0.241087
-1.33648 0.235238
-1.33614 0.230185
-1.33724 0.224287
-1.34113 0.218412
-1.34196 0.212471
-1.34164 0.208767
-1.34222 0.202796
-1.3493 0.193404
-1.34966 0.187414
-1.35194 0.18903
-1.35206 0.183031
-1.34821 0.177643
-1.34812 0.171644
-1.34678 0.164477
-1.34642 0.158488
-1.35395 0.150117
-1.35318 0.144167
-1.35023 0.142314
-1.34899 0.136443
-1.34909 0.128458
-1.34742 0.122695
-1.35088 0.109037
-1.34874 0.103432
-1.34906 0.106476
-1.34653 0.101036
-1.34979 0.0980142
-1.34683 0.0927906
-1.34108 0.086794
-1.33773 0.0818136
-1.34348 0.0713972
-1.33972 0.06672
-1.33191 0.0576055
-1.33085 0.0576897
-1.32508 0.0523195
-1.32111 0.047821
-1.31777 0.0445541
-1.31378 0.0400648
-1.31235 0.0410722
-1.31235 0.0410722
-1.31095 0.0360046
-1.31095 0.0360046
-1.30938 0.0329081
-1.30938 0.0329081
-1.30914 0.0413936
-1.30914 0.0413936
-1.30914 0.0413936
-1.30973 0.0351262
-1.30973 0.0351262
-1.30635 0.0327305
-1.30635 0.0327305
-1.30476 0.0275572
-1.30476 0.0275572
-1.30386 0.0342686
-1.30386 0.0342686
-1.30521 0.0303879
-1.30521 0.0303879
-1.30263 0.0388541
-1.30263 0.0388541
-1.30491 0.030441
-1.30491 0.030441
-1.30644 0.0366166
-1.30644 0.0366166
-1.30638 0.0376433
-1.30341 0.0340707
-1.30341 0.0340707
-1.29972 0.0323155
-1.29972 0.0323155
-1.3085 0.0292168
-1.30822 0.0288045
-1.30765 0.0279855
-1.30557 0.0362854
-1.29972 0.0310633
-1.29854 0.02945
-1.29854 0.02945
-1.30041 0.0220832
-1.30041 0.0220832
-1.29766 0.0233664
-1.29766 0.0233664
-1.29958 0.0202827
-1.29831 0.0187441
-1.2973 0.0181742
-1.29599 0.0166628
-1.28962 0.0149283
-1.28829 0.0134417
-1.29146 0.00884127
-1.29009 0.00738096
-1.28378 0.00472422
-1.28239 0.00328795
-1.28386 0.000917338
-1.28245 -0.000492589
-1.28249 -0.00303339
-1.28104 -0.00441218
-1.28227 -0.00669659
-1.2793 -0.00937724
-1.27358 -0.000246264
-1.2721 -0.001587
-1.27461 -0.00829611
-1.27312 -0.00962839
-1.27116 -0.00954657
-1.26966 -0.0108763
-1.27509 -0.00962824
-1.2736 -0.0109571
-1.27154 -0.0127845
-1.27001 -0.0140836
-1.26741 -0.018522
-1.26589 -0.0198184
-1.26272 -0.0183609
-1.26122 -0.0196849
-1.2615 -0.0171437
-1.26003 -0.0185069
-1.25616 -0.0196495
-1.25471 -0.0210354
-1.25791 -0.0275927
-1.25505 -0.0265191
-1.25367 -0.027958
-1.25229 -0.0294107
-1.24877 -0.0302416
-1.2474 -0.0317078
-1.24173 -0.0290416
-1.24742 -0.0323486
-1.24612 -0.0338663
-1.24483 -0.0353969
-1.2415 -0.0382164
-1.24022 -0.039758
-1.23413 -0.0374052
-1.23406 -0.0370066
-1.23286 -0.0386003
-1.23166 -0.040203
-1.23034 -0.0496236
-1.22914 -0.0512254
-1.22996 -0.0535085
-1.22877 -0.0551168
-1.22313 -0.0532113
-1.22195 -0.0548224
-1.21765 -0.0596769
-1.2221 -0.0628281
-1.22003 -0.0656546
-1.21545 -0.0652317
-1.21278 -0.0688559
-1.20876 -0.0709363
-1.20255 -0.0794045
-1.21063 -0.0792761
-1.20699 -0.0840432
-1.20249 -0.0896102
-1.19482 -0.0994821
-1.19294 -0.0968038
-1.18833 -0.102721
-1.18008 -0.112598
-1.17014 -0.125769
-1.16967 -0.121458
-1.16399 -0.129077
-1.15976 -0.134693
-1.15376 -0.142695
-1.15074 -0.153904
-1.14415 -0.162718
-1.13828 -0.173508
-1.13163 -0.182268
-1.12846 -0.191349
-1.12182 -0.200122
-1.11245 -0.212849
-1.10581 -0.221618
-1.09915 -0.230371
-1.0939 -0.227724
-1.08716 -0.236412
-1.08656 -0.240188
-1.07236 -0.25699
-1.0679 -0.254769
-1.05317 -0.277729
-1.04535 -0.285466
-1.04304 -0.285136
-1.03474 -0.292353
-1.03485 -0.30396
-1.02614 -0.310674
-1.00946 -0.324617
-1.00039 -0.330839
-0.995497 -0.33647
-0.986071 -0.342141
-0.977684 -0.341405
-0.967922 -0.346475
-0.959306 -0.358184
-0.949227 -0.362592
-0.938671 -0.366586
-0.928367 -0.370435
-0.922679 -0.374134
-0.912177 -0.377407
-0.902665 -0.381963
-0.891981 -0.384577
-0.877701 -0.39555
-0.86688 -0.397525
-0.864847 -0.400892
-0.853925 -0.402199
-0.839043 -0.40108
-0.828063 -0.40175
-0.818331 -0.399812
-0.807331 -0.399817
-0.797905 -0.406642
-0.786923 -0.406003
-0.775877 -0.403404
-0.764952 -0.402118
-0.754171 -0.403002
-0.743346 -0.401053
-0.73198 -0.404877
-0.721276 -0.402339
-0.70832 -0.398309
-0.69779 -0.395128
-0.690743 -0.398225
-0.680428 -0.394406
-0.669456 -0.387262
-0.659377 -0.382853
-0.640756 -0.371335
-0.631074 -0.366114
-0.621485 -0.360724
-0.624111 -0.366017
-0.613579 -0.366571
-0.603977 -0.361205
-0.591688 -0.353113
-0.582081 -0.347755
-0.570347 -0.344524
-0.56073 -0.339184
-0.555847 -0.332478
-0.546242 -0.327117
-0.536232 -0.323591
-0.526642 -0.318204
-0.515429 -0.311313
-0.505859 -0.305888
-0.495076 -0.299215
-0.485503 -0.293797
-0.476761 -0.283051
-0.467176 -0.277654
-0.458173 -0.277169
-0.448588 -0.271772
-0.437309 -0.265921
-0.427721 -0.260531
-0.422037 -0.248441
-0.412462 -0.243026
-0.402813 -0.246707
-0.393213 -0.241337
-0.383334 -0.236925
-0.373742 -0.231542
-0.362453 -0.223267
-0.352879 -0.217851
-0.341101 -0.211789
-0.331518 -0.206389
-0.325898 -0.202344
-0.316319 -0.196935
-0.307044 -0.188677
-0.297464 -0.183272
-0.28649 -0.182137
-0.276892 -0.176763
-0.264008 -0.168761
-0.254444 -0.163326
-0.24684 -0.158564
-0.237273 -0.153134
-0.230032 -0.141922
-0.220465 -0.136494
-0.21289 -0.138274
-0.20331 -0.132869
-0.188526 -0.127573
-0.178925 -0.122205
-0.172935 -0.119017
-0.16339 -0.11355
-0.152934 -0.106561
-0.143366 -0.101134
-0.134829 -0.0945267
-0.12523 -0.0891544
-0.111932 -0.0840892
-0.102342 -0.0787012
-0.0987796 -0.0701868
-0.0891813 -0.0648135
-0.0774774 -0.0603904
-0.06793 -0.0549272
-0.059555 -0.0518426
-0.0500007 -0.0463913
-0.0354615 -0.0383106
-0.0258983 -0.032875
-0.0258983 -0.032875
-0.0302753 -0.0367755
-0.0215161 -0.0319429
-0.0215161 -0.0319429
-0.0215161 -0.0319429
-0.0227879 -0.0332594
-0.0227879 -0.0332594
-0.02432 -0.0289712
-0.02432 -0.0289712
-0.0238618 -0.0241152
-0.0238618 -0.0241152
-0.0194784 -0.030053
-0.0194784 -0.030053
-0.0207345 -0.0283661
-0.0207345 -0.0283661
-0.0236153 -0.027315
-0.0236153 -0.027315
-0.0160623 -0.0281634
-0.0160623 -0.0281634
-0.0193626 -0.0324777
-0.0193626 -0.0324777
-0.0225534 -0.0267806
-0.0225534 -0.0267806
-0.021372 -0.0279227
-0.021372 -0.0279227
-0.0173838 -0.0316329
-0.0173838 -0.0316329
-0.0247531 -0.0277771
-0.0247531 -0.0277771
-0.019025 -0.031783
-0.019025 -0.031783
-0.019025 -0.031783
-0.019025 -0.031783
-0.019025 -0.031783
-0.019025 -0.031783
-0.019025 -0.031783
-0.019025 -0.031783
-0.019025 -0.031783
-0.019025 -0.031783
-0.019025 -0.031783
-0.019025 -0.031783
-0.019025 -0.031783
-0.019025 -0.031783
-0.019025 -0.031783
-0.019025 -0.031783
-0.019025 -0.031783
-0.019025 -0.031783
-0.019025 -0.031783
-0.019025 -0.031783
-0.019025 -0.031783
-0.019025 -0.031783
-0.019025 -0.031783
-0.019025 -0.031783
-0.019025 -0.031783
-0.019025 -0.031783
-0.019025 -0.031783
-0.019025 -0.031783
-0.019025 -0.031783
-0.019025 -0.031783
-0.019025 -0.031783
-0.019025 -0.031783
-0.019025 -0.031783
-0.019025 -0.031783
-0.019025 -0.031783
-0.019025 -0.031783
