0
0
0
0
0
0
0
0
0
0
0
0
0
0
0
0
0
0
0
0
0
0
0
0
0
0
0
0
0
0
0
0
0
0
0
0
0
0
0
0
0
0
0
0
0
0
0
0
0
0
0
0
0
0
0
0
0
0
0
0
0
0
0
0
0
0
0
0
0.0268854
0.026883
0.0241035
0.0241011
0.0287981
0.0287965
0.0256129
0.0256106
0.0297538
0.0297506
0.0298544
0.029852
0.0324154
0.0324122
0.0309761
0.030973
0.0271082
0.0271066
0.0271082
0.0274872
0.0303702
0.030445
0.030669
0.0276386
0.0278878
0.0323281
0.0325809
0.0293892
0.0297935
0.0290409
0.0293918
0.0280309
0.0285085
0.0313096
0.031792
0.0372094
0.037576
0.0315193
0.0317643
0.0343975
0.0352259
0.0357332
0.0286325
0.0291448
0.0295346
0.0299179
0.0322677
0.0325178
0.0306119
0.0309797
0.0286897
0.0290539
0.0289661
0.0294169
0.0342671
0.0351098
0.030595
0.0312461
0.0301205
0.03047
0.030733
0.0309693
0.0291978
0.0296639
0.0350637
0.0354193
0.0337855
0.0340225
0.0327495
0.0329904
0.034742
0.0351123
0.0293264
0.029574
0.0266599
0.0269109
0.0348362
0.0352178
0.0362972
0.0368016
0.0318269
0.0323212
0.0289599
0.0294375
0.0338673
0.0341001
0.0279706
0.0281034
0.0342336
0.0348392
0.0342336
0.0344674
0.033437
0.0336719
0.0308988
0.0311375
0.0341261
0.0344458
0.0345539
0.0368788
0.0369735
0.0386282
0.0386917
0.0328053
0.0328697
0.0371644
0.0372968
0.0305306
0.030665
0.0312618
0.0313981
0.0294551
0.0295582
0.0319133
0.0320175
0.0285611
0.0326164
0.0325512
0.0317892
0.0321513
0.0315518
0.0262048
0.0256292
0.0292238
0.0293573
0.0375525
0.0376937
0.0305315
0.0306803
0.0288854
0.0295383
0.0303832
0.0312658
0.0324306
0.0279437
0.0286824
0.035361
0.0343811
0.0321035
0.03114
0.0262553
0.0273326
0.0290492
0.0301112
0.0321618
0.0321517
0.026927
0.0268965
0.0288389
0.0288348
0.0289324
0.0299441
0.0296873
0.0296922
0.0238101
0.0238259
0.0296518
0.0296769
0.0243713
0.0244011
0.0291148
0.0281573
0.0284196
0.0294625
0.0237636
0.023699
0.0329424
0.0319223
0.0326877
0.0364659
0.0320944
0.0328393
0.0328269
0.0347867
0.0347753
0.0298993
0.0313453
0.032624
0.0337866
0.0375819
0.0375802
0.0363405
0.03467
0.031736
0.0317649
0.0360091
0.0343374
0.0307332
0.032271
0.0356503
0.0339366
0.0330458
0.0313351
0.0288383
0.0260541
0.0271962
0.0220768
0.0233714
0.027152
0.0270123
0.022608
0.0246572
0.02573
0.0237716
0.027406
0.0274264
0.0264342
0.0283287
0.0307726
0.0287192
0.0306146
0.0285684
0.0255515
0.0255345
0.0306621
0.0301705
0.0242986
0.0242924
0.0215657
0.0235559
0.0263603
0.0243409
0.0270886
0.0291119
0.0273399
0.0293541
0.0288311
0.0308468
0.028201
0.0281888
0.0302591
0.0301759
0.0276207
0.0273299
0.0309435
0.0309458
0.0264609
0.0264858
0.0328925
0.0308781
0.0263803
0.0242616
0.0261328
0.0241301
0.0323508
0.030302
0.0276015
0.0255556
0.0314128
0.0290875
0.0271953
0.0251484
0.0250205
0.0250325
0.0209615
0.0229705
0.0261597
0.0261803
0.0270326
0.0269982
0.0267827
0.0267606
0.0243822
0.0243714
0.0255269
0.0275171
0.0272832
0.0287626
0.0256164
0.0236394
0.0249921
0.0230258
0.021992
0.0240614
0.027989
0.029973
0.0227011
0.0246852
0.0238731
0.0238548
0.0268936
0.0268802
0.0228702
0.0207374
0.0271494
0.0287462
0.0294773
0.0274418
0.0250791
0.0251057
0.0256189
0.027675
0.0272936
0.0291929
0.030577
0.0305532
0.0280685
0.0280547
0.0286202
0.0286055
0.0211413
0.0207261
0.0274675
0.0274596
0.032167
0.0301409
0.0311557
0.0291347
0.0230734
0.0251249
0.0268076
0.0247656
0.0249961
0.0229459
0.0295426
0.0315631
0.0292757
0.0312034
0.0261361
0.0258162
0.0291828
0.0312047
0.0285418
0.0285669
0.0268676
0.0249267
0.0255903
0.0275367
0.0238168
0.0237926
0.0287069
0.0266568
0.0324614
0.0304151
0.0242707
0.0240957
0.0291747
0.0271789
0.0271054
0.0312414
0.0279012
0.0296566
0.0258336
0.0236658
0.029992
0.0278052
0.0267328
0.0265036
0.0304084
0.0297948
0.0278643
0.0275403
0.0327127
0.0305134
0.02783
0.0275096
0.0286006
0.0283421
0.0291505
0.0269349
0.0288885
0.0286425
0.0350681
0.0329386
0.0306005
0.0304353
0.028692
0.0265588
0.0268742
0.0247578
0.0214608
0.021362
0.0266536
0.0264368
0.0286733
0.0279259
0.0275612
0.0283301
0.0263667
0.0260632
0.0241305
0.0237581
0.023639
0.0251358
0.0303725
0.0301012
0.0275338
0.0251421
0.0278277
0.0274971
0.0196395
0.0213107
0.0165481
0.0163945
0.0278991
0.0297602
0.026504
0.0283774
0.0282562
0.0298247
0.0245938
0.0263563
0.0263099
0.0279632
0.0290685
0.0288638
0.0277341
0.0255953
0.0260089
0.0277301
0.0247336
0.0225788
0.0317762
0.0293705
0.031838
0.0316612
0.0286258
0.0303761
0.0251829
0.0268765
0.0287295
0.0303862
0.0260734
0.0258617
0.0182713
0.0178306
0.0262805
0.0259693
0.0297209
0.0293482
0.0270158
0.0260462
0.0262073
0.0256431
0.019407
0.0246523
0.0227738
0.0206852
0.0237948
0.0217427
0.0297074
0.0336163
0.0327405
0.0327316
0.0293175
0.0293039
0.0361523
0.0361432
0.0361251
0.0312607
0.0313689
0.0275009
0.0275836
0.022564
0.0226496
0.0278458
0.027962
0.0254446
0.0255357
0.0318039
0.0319276
0.0256906
0.0258239
0.0319495
0.032024
0.0329057
0.0283507
0.0283146
0.0250831
0.024975
0.027081
0.0265033
0.0261752
0.0322583
0.0259656
0.0255323
0.0274087
0.0240108
0.0259332
0.0273417
0.0286256
0.0297976
0.0290956
0.0306026
0.0312091
0.027462
0.028066
0.0274945
0.0281197
0.0240724
0.0233779
0.0250358
0.0250023
0.0251566
0.0244553
0.0251861
0.0238034
0.0297393
0.0291158
0.0278668
0.0272053
0.0279489
0.027751
0.0333618
0.0331283
0.0313324
0.0320759
0.0280027
0.0270293
0.0268293
0.0260431
0.0297395
0.0296637
0.0289964
0.0290072
0.0283326
0.028339
0.02837
0.0284061
0.0274789
0.027525
0.0286311
0.0311549
0.0312184
0.0312876
0.0290565
0.0291366
0.0298156
0.0321933
0.0322846
0.0323824
0.0257202
0.0257416
0.0264693
0.0271854
0.0269484
0.0276653
0.0233998
0.0254262
0.0237405
0.0248601
0.0241794
0.0261133
0.0186785
0.0272907
0.0284945
0.0252804
0.0207918
0.0259272
0.0227841
0.0188835
0.00747205
0.0215566
0.0207319
0.0228028
0.0224977
0.0210431
0.0234703
0.0220685
0.0183139
0.0240301
0.0202183
0.0120119
0.0155182
0.019199
0.0252252
0.021585
0.0324623
0.021318
0.0315366
0.0145613
0.0178369
0.0237758
0.023643
0.0253719
0.0216114
0.0142214
0.017492
0.0172048
0.020389
0.0214406
0.0212556
0.0212159
0.0173636
0.0169484
0.0166244
0.0238929
0.0200988
0.0201392
0.0199843
0.0105367
0.0136394
0.0256314
0.021522
0.0209943
0.0170795
0.0185891
0.0184478
0.0154436
0.0187809
0.0220167
0.0181062
0.0215908
0.0213033
0.0214314
0.0174898
0.014626
0.0180162
0.0196455
0.0193014
0.0170787
0.0205077
0.00752038
0.010683
0.00798424
0.0169452
0.0220702
0.0219731
0.0218907
0.0181499
0.0214664
0.0178498
0.0208594
0.0209079
0.0214944
0.0213691
0.0190206
0.0189608
0.0136091
0.0172053
0.0193767
0.0157558
0.0220539
0.0219794
0.0201476
0.0199888
0.0177521
0.0211982
0.0206707
0.0206834
0.0247618
0.0210734
0.0218714
0.0179885
0.0193195
0.0192311
0.0232889
0.019533
0.0222998
0.0186127
0.0231849
0.0194939
0.0189278
0.0151042
0.0133927
0.0206128
0.0169299
0.0204973
0.0213021
0.0251026
0.0170984
0.0171429
0.0211674
0.0247001
0.019303
0.0229706
0.0194696
0.0232214
0.0166078
0.0203922
0.0242148
0.0204372
0.0223996
0.0185496
0.0206443
0.0206082
0.0149692
0.0149889
0.0260327
0.0391122
0.0303181
0.0303504
0.0303993
0.0322488
0.0322975
0.0315752
0.0316239
0.0294774
0.0295251
0.0280269
0.0280592
0.0283542
0.0284195
0.0306256
0.0306912
0.0244061
0.0244722
0.0296526
0.0297019
0.0297335
0.0297665
0.0292335
0.0292831
0.0278694
0.0279021
0.0324614
0.0325111
0.0294877
0.0295041
0.0295041
0.0295041
0.0295041
0.0295041
0.0295041
0.0295041
0.0295041
0.0295041
0.0295041
0.0295041
0.0295041
0.0295041
0.0295041
0.0295041
0.0295041
0.0295041
0.0295041
0.0295041
0.0295041
0.0295041
0.0295041
0.0295041
0.0295041
0.0295041
0.0295041
0.0295041
0.0295041
0.0295041
0.0295041
0.0295041
0.0295041
0.0295041
0.0295041
0.0295041
