0 0
0 0
0 0
0 0
0 0
0 0
0 0
0.00236809 -4.35004e-05
0.00236809 -4.35004e-05
-0.00236605 4.08297e-05
-0.00236605 4.08297e-05
0.0025402 -4.38592e-05
0.0025402 -4.38592e-05
-0.00321319 5.23039e-05
-0.00321319 5.23039e-05
-0.00274403 4.47169e-05
-0.00274403 4.47169e-05
-0.00232906 3.82308e-05
-0.00232906 3.82308e-05
-0.0007599 1.45373e-05
-0.0007599 1.45373e-05
0.00227087 -2.96139e-05
0.00227087 -2.96139e-05
0.002658 -3.50521e-05
0.002658 -3.50521e-05
-0.00198525 7.75226e-05
-0.00198525 7.75226e-05
0.00161129 -0.000143005
0.00161129 -0.000143005
-0.00179155 0.000261875
-0.00179155 0.000261875
-0.00335536 0.000541404
-0.00335536 0.000541404
0.00133672 -0.000597328
0.00133672 -0.000597328
-0.00386575 0.00110629
-0.00386575 0.00110629
-0.00503667 0.0015947
-0.00503667 0.0015947
-0.00502229 0.00158732
-0.00502229 0.00158732
-0.000269384 -0.0013514
-0.000269384 -0.0013514
-0.00792013 0.00426979
-0.00792013 0.00426979
-0.00735448 0.00377971
-0.00735448 0.00377971
-0.00653819 0.00294825
-0.00653819 0.00294825
-0.00456995 0.000588265
-0.00456995 0.000588265
-0.00710348 0.00418422
-0.00710348 0.00418422
-0.0107181 0.0103219
-0.0107181 0.0103219
-0.00723908 0.00313521
-0.00723908 0.00313521
-0.00960585 0.00924073
-0.00960585 0.00924073
-0.0105048 0.0122084
-0.00819986 0.00241561
-0.00819986 0.00241561
-0.00819986 0.00241561
-0.00710003 -0.00452322
-0.00710003 -0.00452322
-0.00707455 -0.004845
-0.00707455 -0.004845
-0.00707333 -0.00673934
-0.00707333 -0.00673934
-0.00676326 -0.00277355
-0.00676326 -0.00277355
-0.00671706 -0.00248185
-0.00671706 -0.00248185
-0.00790164 -0.0073975
-0.00790164 -0.0073975
-0.00777503 -0.00701062
-0.00777503 -0.00701062
-0.010286 -0.0130086
-0.010286 -0.0130086
-0.0125377 -0.017365
-0.0125377 -0.017365
-0.00851162 -0.0109149
-0.00851162 -0.0109149
-0.00499615 -0.00619053
-0.00499615 -0.00619053
-0.0113753 -0.0134519
-0.0113753 -0.0134519
-0.0140067 -0.0159962
-0.0140067 -0.0159962
-0.014704 -0.0165687
-0.014704 -0.0165687
-0.0179719 -0.0188537
-0.0179719 -0.0188537
-0.0148233 -0.0169319
-0.0148233 -0.0169319
-0.00831791 -0.0135595
-0.00831791 -0.0135595
-0.00978097 -0.0141783
-0.00978097 -0.0141783
-0.00751226 -0.0134218
-0.00751226 -0.0134218
-0.00435765 -0.0126108
-0.00435765 -0.0126108
-0.00549941 -0.0128496
-0.00549941 -0.0128496
-0.00348675 -0.0124752
-0.00348675 -0.0124752
-0.00584736 -0.0128678
-0.00584736 -0.0128678
-0.00171745 -0.0122623
-0.00171745 -0.0122623
-0.0113603 -0.0134865
-0.0113603 -0.0134865
-0.00949295 -0.0132862
-0.00949295 -0.0132862
-0.0116591 -0.013476
-0.0116591 -0.013476
-0.0100445 -0.0133663
-0.0100445 -0.0133663
-0.0153064 -0.0136197
-0.0153064 -0.0136197
-0.00706263 -0.013386
-0.00706263 -0.013386
-0.00790372 -0.0133931
-0.00790372 -0.0133931
-0.0182395 -0.0132746
-0.0182395 -0.0132746
-0.0236072 -0.0131049
-0.0236072 -0.0131049
-0.0175972 -0.0134169
-0.0175972 -0.0134169
-0.0276495 -0.0126897
-0.0276495 -0.0126897
-0.0295341 -0.0125148
-0.0295341 -0.0125148
-0.0302095 -0.0124384
-0.0302095 -0.0124384
-0.0339013 -0.0119471
-0.0339013 -0.0119471
-0.0441344 -0.0103942
-0.0441344 -0.0103942
-0.040235 -0.011038
-0.040235 -0.011038
-0.0501894 -0.00921264
-0.0501894 -0.00921264
-0.0603177 -0.00716448
-0.0603177 -0.00716448
-0.0648125 -0.00616679
-0.0648125 -0.00616679
-0.0671313 -0.00560223
-0.0671313 -0.00560223
-0.0809946 -0.00190208
-0.0809946 -0.00190208
-0.0862711 -0.000359408
-0.0862711 -0.000359408
-0.0899355 0.000752711
-0.0899355 0.000752711
-0.0955009 0.002449
-0.0955009 0.002449
-0.105828 0.00561165
-0.104518 0.00520822
-0.104518 0.00520822
-0.104518 0.00520822
-0.115819 0.00870277
-0.115819 0.00870277
-0.118138 0.00942301
-0.118138 0.00942301
-0.125038 0.0115705
-0.125038 0.0115705
-0.132957 0.0140379
-0.132957 0.0140379
-0.131847 0.0136959
-0.131847 0.0136959
-0.133396 0.0141705
-0.133396 0.0141705
-0.145229 0.017776
-0.145229 0.017776
-0.148321 0.0187129
-0.148321 0.0187129
-0.163794 0.0233828
-0.163794 0.0233828
-0.169305 0.0250539
-0.169305 0.0250539
-0.17435 0.026663
-0.17435 0.026663
-0.185307 0.0301794
-0.185307 0.0301794
-0.19669 0.0338498
-0.19669 0.0338498
-0.199918 0.0348952
-0.199918 0.0348952
-0.20976 0.0380907
-0.20976 0.0380907
-0.217421 0.0405664
-0.217421 0.0405664
-0.227789 0.0439025
-0.227789 0.0439025
-0.237192 0.0469134
-0.237192 0.0469134
-0.247806 0.0502964
-0.247806 0.0502964
-0.258535 0.0537401
-0.258535 0.0537401
-0.264435 0.0557401
-0.264435 0.0557401
-0.281286 0.0615063
-0.281286 0.0615063
-0.289767 0.0644217
-0.289767 0.0644217
-0.298365 0.0673878
-0.298365 0.0673878
-0.310784 0.0716718
-0.310784 0.0716718
-0.320136 0.0748783
-0.320136 0.0748783
-0.332061 0.0789473
-0.332061 0.0789473
-0.344343 0.0831224
-0.344343 0.0831224
-0.353423 0.0862328
-0.353423 0.0862328
-0.367633 0.0912526
-0.367633 0.0912526
-0.381547 0.0961892
-0.381547 0.0961892
-0.391885 0.0998727
-0.391885 0.0998727
-0.399506 0.102595
-0.399506 0.102595
-0.409267 0.106066
-0.409267 0.106066
-0.416448 0.10861
-0.416448 0.10861
-0.431854 0.114042
-0.431854 0.114042
-0.438452 0.116363
-0.438452 0.116363
-0.452442 0.121404
-0.452442 0.121404
-0.461589 0.124749
-0.461589 0.124749
-0.47335 0.129069
-0.47335 0.129069
-0.480004 0.131523
-0.480004 0.131523
-0.497518 0.137991
-0.497518 0.137991
-0.510243 0.142662
-0.510243 0.142662
-0.515271 0.1445
-0.515271 0.1445
-0.528798 0.149424
-0.528798 0.149424
-0.537842 0.152715
-0.537842 0.152715
-0.551884 0.158001
-0.551884 0.158001
-0.562616 0.162059
-0.562616 0.162059
-0.575069 0.166789
-0.575069 0.166789
-0.585452 0.170745
-0.585452 0.170745
-0.597123 0.175185
-0.597123 0.175185
-0.606524 0.178742
-0.606524 0.178742
-0.619627 0.183678
-0.619627 0.183678
-0.62793 0.186796
-0.62793 0.186796
-0.63515 0.189534
-0.63515 0.189534
-0.645318 0.19349
-0.645318 0.19349
-0.659855 0.199168
-0.659855 0.199168
-0.671326 0.203666
-0.671326 0.203666
-0.677088 0.205931
-0.677088 0.205931
-0.691401 0.211528
-0.691401 0.211528
-0.701736 0.215553
-0.701736 0.215553
-0.713329 0.22005
-0.713329 0.22005
-0.73172 0.227168
-0.73172 0.227168
-0.733017 0.227683
-0.733017 0.227683
-0.745262 0.232598
-0.745262 0.232598
-0.760314 0.238663
-0.760314 0.238663
-0.767268 0.241476
-0.767268 0.241476
-0.77716 0.24548
-0.77716 0.24548
-0.788739 0.250138
-0.788739 0.250138
-0.790721 0.250932
-0.790721 0.250932
-0.806654 0.257291
-0.806654 0.257291
-0.822945 0.263798
-0.822945 0.263798
-0.830907 0.267079
-0.830907 0.267079
-0.844742 0.272803
-0.844742 0.272803
-0.851187 0.275479
-0.851187 0.275479
-0.866248 0.281751
-0.866248 0.281751
-0.877686 0.286502
-0.877686 0.286502
-0.890628 0.291852
-0.890628 0.291852
-0.894644 0.293505
-0.894644 0.293505
-0.906606 0.298416
-0.906606 0.298416
-0.919306 0.303693
-0.919306 0.303693
-0.928898 0.307763
-0.928898 0.307763
-0.93831 0.311771
-0.93831 0.311771
-0.948877 0.316288
-0.948877 0.316288
-0.960291 0.321176
-0.960291 0.321176
-0.972255 0.326272
-0.972255 0.326272
-0.977453 0.328477
-0.977453 0.328477
-0.986925 0.332481
-0.986925 0.332481
-1.00511 0.340151
-1.00511 0.340151
-1.02138 0.347196
-1.02138 0.347196
-1.02565 0.349036
-1.02565 0.349036
-1.03141 0.351332
-1.03141 0.351332
-1.04166 0.354871
-1.04166 0.354871
-1.0563 0.35897
-1.0563 0.35897
-1.07045 0.362029
-1.07045 0.362029
-1.07155 0.362198
-1.07155 0.362198
-1.08988 0.364024
-1.08988 0.364024
-1.09635 0.364278
-1.09635 0.364278
-1.10669 0.364059
-1.10669 0.364059
-1.11792 0.363136
-1.11792 0.363136
-1.13321 0.360935
-1.13321 0.360935
-1.13665 0.360232
-1.13665 0.360232
-1.15037 0.356818
-1.15037 0.356818
-1.1616 0.353555
-1.1616 0.353555
-1.16827 0.351332
-1.16827 0.351332
-1.17998 0.346914
-1.17998 0.346914
-1.19773 0.3394
-1.19773 0.3394
-1.20029 0.338192
-1.20029 0.338192
-1.21458 0.330631
-1.21458 0.330631
-1.22128 0.326723
-1.22128 0.326723
-1.22814 0.322181
-1.22814 0.322181
-1.24171 0.311607
-1.24171 0.311607
-1.24915 0.30477
-1.24915 0.30477
-1.25571 0.297682
-1.25571 0.297682
-1.26276 0.288716
-1.26276 0.288716
-1.26574 0.284267
-1.26574 0.284267
-1.27053 0.275795
-1.27053 0.275795
-1.27325 0.270212
-1.27325 0.270212
-1.27596 0.26384
-1.27596 0.26384
-1.28168 0.248731
-1.28168 0.248731
-1.28556 0.237127
-1.28556 0.237127
-1.28909 0.225346
-1.28909 0.225346
-1.29068 0.219225
-1.29068 0.219225
-1.29301 0.208355
-1.29301 0.208355
-1.29512 0.196157
-1.29512 0.196157
-1.29626 0.187452
-1.29626 0.187452
-1.29759 0.172468
-1.29759 0.172468
-1.29763 0.171745
-1.29763 0.171745
-1.29783 0.159376
-1.29783 0.159376
-1.29758 0.148089
-1.29758 0.148089
-1.29639 0.131921
-1.29639 0.131921
-1.29494 0.121926
-1.29494 0.121926
-1.29169 0.107641
-1.29169 0.107641
-1.28809 0.0961159
-1.28809 0.0961159
-1.28798 0.0958296
-1.28798 0.0958296
-1.28612 0.0920474
-1.28612 0.0920474
-1.27904 0.080204
-1.27904 0.080204
-1.27904 0.080204
-1.27904 0.080204
-1.26946 0.0687458
-1.26946 0.0687458
-1.26276 0.0611172
-1.26276 0.0611172
-1.25605 0.0534991
-1.25605 0.0534991
-1.24938 0.0459166
-1.24938 0.0459166
-1.24318 0.0389106
-1.24318 0.0389106
-1.24036 0.0357204
-1.24036 0.0357204
-1.24396 0.0397927
-1.24396 0.0397927
-1.2426 0.0382519
-1.2426 0.0382519
-1.24052 0.0358231
-1.24052 0.0358231
-1.23766 0.0323355
-1.23766 0.0323355
-1.23767 0.0323501
-1.23767 0.0323501
-1.23873 0.0337598
-1.23873 0.0337598
-1.23821 0.0330357
-1.23821 0.0330357
-1.23981 0.0353621
-1.23981 0.0353621
-1.24206 0.0387736
-1.24206 0.0387736
-1.24196 0.0386209
-1.24196 0.0386209
-1.24173 0.0382551
-1.24173 0.0382551
-1.23847 0.0331425
-1.23847 0.0331425
-1.24085 0.0367266
-1.24085 0.0367266
-1.24209 0.0385133
-1.24209 0.0385133
-1.23858 0.0336283
-1.23858 0.0336283
-1.2362 0.0304462
-1.2362 0.0304462
-1.23547 0.0295126
-1.23547 0.0295126
-1.23363 0.02723
-1.23363 0.02723
-1.2318 0.0250562
-1.2318 0.0250562
-1.22858 0.0213684
-1.22858 0.0213684
-1.22685 0.019461
-1.22685 0.019461
-1.22006 0.0122531
-1.22006 0.0122531
-1.22176 0.0139866
-1.22176 0.0139866
-1.21854 0.0108355
-1.21854 0.0108355
-1.21935 0.0115992
-1.21935 0.0115992
-1.21378 0.00654866
-1.21378 0.00654866
-1.21615 0.00866539
-1.21615 0.00866539
-1.20914 0.00241686
-1.20914 0.00241686
-1.21311 0.0059312
-1.21311 0.0059312
-1.2099 0.0031668
-1.2099 0.0031668
-1.20289 -0.00281619
-1.20289 -0.00281619
-1.19881 -0.00644116
-1.19881 -0.00644116
-1.19925 -0.00602827
-1.19925 -0.00602827
-1.19181 -0.0129927
-1.19181 -0.0129927
-1.19279 -0.0120552
-1.19279 -0.0120552
-1.19151 -0.0133318
-1.19151 -0.0133318
-1.18732 -0.0177051
-1.18732 -0.0177051
-1.18131 -0.0242258
-1.18131 -0.0242258
-1.18219 -0.0232288
-1.18219 -0.0232288
-1.17761 -0.0286212
-1.17761 -0.0286212
-1.17488 -0.0319875
-1.17488 -0.0319875
-1.17458 -0.0323608
-1.17458 -0.0323608
-1.16901 -0.0398334
-1.16901 -0.0398334
-1.16452 -0.0459274
-1.16452 -0.0459274
-1.16674 -0.0429115
-1.16674 -0.0429115
-1.16003 -0.0520574
-1.16003 -0.0520574
-1.15923 -0.0531486
-1.15923 -0.0531486
-1.15876 -0.053799
-1.15876 -0.053799
-1.15246 -0.0623742
-1.15246 -0.0623742
-1.1479 -0.0683753
-1.1479 -0.0683753
-1.1423 -0.0756082
-1.1423 -0.0756082
-1.13774 -0.0815022
-1.13774 -0.0815022
-1.12609 -0.0968491
-1.12609 -0.0968491
-1.1172 -0.108742
-1.1172 -0.108742
-1.10839 -0.120566
-1.10839 -0.120566
-1.09618 -0.136955
-1.09618 -0.136955
-1.08335 -0.153898
-1.08335 -0.153898
-1.07096 -0.170227
-1.07096 -0.170227
-1.05338 -0.193515
-1.05338 -0.193515
-1.04262 -0.207799
-1.04262 -0.207799
-1.02957 -0.224568
-1.02957 -0.224568
-1.01655 -0.240007
-1.01655 -0.240007
-0.998631 -0.259247
-0.998631 -0.259247
-0.991784 -0.265771
-0.991784 -0.265771
-0.973601 -0.281135
-0.973601 -0.281135
-0.950847 -0.298142
-0.950847 -0.298142
-0.936331 -0.307748
-0.936331 -0.307748
-0.918843 -0.317827
-0.918843 -0.317827
-0.895207 -0.329594
-0.895207 -0.329594
-0.876029 -0.337731
-0.876029 -0.337731
-0.861875 -0.342818
-0.861875 -0.342818
-0.843487 -0.348231
-0.843487 -0.348231
-0.8171 -0.354311
-0.8171 -0.354311
-0.802481 -0.356744
-0.802481 -0.356744
-0.778209 -0.359373
-0.778209 -0.359373
-0.760379 -0.36023
-0.760379 -0.36023
-0.746943 -0.36007
-0.746943 -0.36007
-0.726532 -0.35862
-0.726532 -0.35862
-0.707945 -0.356256
-0.707945 -0.356256
-0.68796 -0.352467
-0.668212 -0.347459
-0.668212 -0.347459
-0.668212 -0.347459
-0.653264 -0.342695
-0.653264 -0.342695
-0.6327 -0.334778
-0.6327 -0.334778
-0.61672 -0.327517
-0.61672 -0.327517
-0.601236 -0.319465
-0.601236 -0.319465
-0.584638 -0.310208
-0.584638 -0.310208
-0.560962 -0.296959
-0.560962 -0.296959
-0.542222 -0.286482
-0.542222 -0.286482
-0.523357 -0.275947
-0.523357 -0.275947
-0.507999 -0.26733
-0.507999 -0.26733
-0.484992 -0.254416
-0.484992 -0.254416
-0.470269 -0.246155
-0.470269 -0.246155
-0.44872 -0.234078
-0.44872 -0.234078
-0.431005 -0.224157
-0.431005 -0.224157
-0.410775 -0.212742
-0.410775 -0.212742
-0.393812 -0.203194
-0.393812 -0.203194
-0.376661 -0.193548
-0.376661 -0.193548
-0.355565 -0.181697
-0.355565 -0.181697
-0.334902 -0.170089
-0.334902 -0.170089
-0.312965 -0.15768
-0.312965 -0.15768
-0.296493 -0.148386
-0.296493 -0.148386
-0.28063 -0.139443
-0.28063 -0.139443
-0.262677 -0.129334
-0.262677 -0.129334
-0.238618 -0.115758
-0.238618 -0.115758
-0.224042 -0.107512
-0.224042 -0.107512
-0.199915 -0.0938676
-0.199915 -0.0938676
-0.185999 -0.0860061
-0.185999 -0.0860061
-0.159949 -0.0713042
-0.159949 -0.0713042
-0.14266 -0.06148
-0.14266 -0.06148
-0.121815 -0.0496571
-0.121815 -0.0496571
-0.102809 -0.0388844
-0.102809 -0.0388844
-0.0827925 -0.0275515
-0.0827925 -0.0275515
-0.0675373 -0.0189183
-0.0675373 -0.0189183
-0.0452597 -0.00621554
-0.0452597 -0.00621554
-0.0292559 0.00288233
-0.0292559 0.00288233
-0.00567719 0.0162753
-0.00567719 0.0162753
0.00546639 0.0225974
0.00546639 0.0225974
0.01884 0.0297774
0.01884 0.0297774
0.0170604 0.0288232
0.0170604 0.0288232
0.0166581 0.0286078
0.0166581 0.0286078
0.0194362 0.0300936
0.0194362 0.0300936
0.0202766 0.0305426
0.0202766 0.0305426
0.0187461 0.029726
0.0187461 0.029726
0.0175409 0.0290837
0.0175409 0.0290837
0.0241638 0.0326089
0.0241638 0.0326089
0.0192067 0.0299735
0.0192067 0.0299735
0.0180712 0.0293705
0.0180712 0.0293705
0.0193054 0.0300251
0.0193054 0.0300251
0.0188192 0.0297675
0.0188192 0.0297675
0.0166913 0.0286416
0.0166913 0.0286416
0.0206248 0.0307205
