0
0
0
0
0
0.000376728
0.000374327
0.00200392
0.00200555
0.00272803
0.0027264
0.00218571
0.00218733
0.00356531
0.0035629
0.00309217
0.00308898
0.00267249
0.0026701
0.00109977
0.00109662
0.00193981
0.00194295
0.00232863
0.00227192
0.00244263
0.00262011
0.000862125
0.000532734
0.00314697
0.00331606
0.00524234
0.0055133
0.00111626
0.00143625
0.00715638
0.00751004
0.00912041
0.00935914
0.00981803
0.0100574
0.00533932
0.00565792
0.0147956
0.0152825
0.01481
0.0151728
0.0144499
0.0149204
0.0124617
0.0128938
0.0170183
0.017245
0.0241316
0.0244719
0.0179065
0.018101
0.0239015
0.024059
0.0270184
0.0200283
0.0204077
0.0208582
0.0170932
0.0172923
0.0173128
0.0174438
0.0170032
0.0170857
0.0183313
0.0184747
0.0187183
0.0188544
0.0179943
0.0180189
0.0180535
0.0180722
0.0191303
0.0190475
0.0212379
0.0210254
0.017269
0.0171966
0.0161561
0.0161721
0.0188903
0.0187616
0.0208426
0.0205168
0.0210057
0.0207707
0.0238145
0.0231941
0.0189927
0.0185177
0.0127679
0.0125498
0.0134872
0.0132355
0.0112389
0.0110391
0.00909777
0.00900308
0.00951359
0.00945757
0.00847597
0.00843512
0.00953673
0.00948509
0.00785165
0.00784459
0.0133399
0.0132349
0.011691
0.0115916
0.0132857
0.0132028
0.0117709
0.0117172
0.0161284
0.0160349
0.00882987
0.00815994
0.00783372
0.00697742
0.0124723
0.0107141
0.0134626
0.0122173
0.00690259
0.00614246
0.00978119
0.00869891
0.00852008
0.00677643
0.00606922
0.00613356
0.0059154
0.00717922
0.00741758
0.00597678
0.00790493
0.0109984
0.00641183
0.00795528
0.00648082
0.00609472
0.00635127
0.00621176
0.00670656
0.00773341
0.00916443
0.0067781
0.00886743
0.00656208
0.0074605
0.00606495
0.00684684
0.00605645
0.0108288
0.00703758
0.00624995
0.00652607
0.00952529
0.00690583
0.00663933
0.00605519
0.0072135
0.00612173
0.00940714
0.00696234
0.00608267
0.00710607
0.00747234
0.011232
0.00622162
0.00757415
0.00999194
0.0142831
0.00630646
0.00904743
0.00822497
0.0104303
0.0112782
0.0141922
0.0100514
0.0143327
0.00757324
0.0126397
0.0126195
0.0171678
0.0123585
0.0168602
0.0139562
0.01855
0.0131285
0.017674
0.0132063
0.0177668
0.0121881
0.0171085
0.0121088
0.0169325
0.0162553
0.023752
0.011155
0.0164148
0.0137661
0.0192839
0.0164295
0.0239769
0.0153473
0.0227662
0.017215
0.0209196
0.0166271
0.0222617
0.0175307
0.0212968
0.0192926
0.0228494
0.0161598
0.0217585
0.0137158
0.0191876
0.0146662
0.0183395
0.0182581
0.0220157
0.019672
0.023473
0.0237929
0.0276619
0.0196455
0.0253551
0.0243695
0.0298435
0.0191502
0.0266003
0.0211353
0.0287949
0.0206652
0.0283312
0.0253868
0.0331488
0.0191013
0.026559
0.0175391
0.0250217
0.0237338
0.0314277
0.0214331
0.0290707
0.0235852
0.030688
0.0219361
0.025755
0.022437
0.0281921
0.0212409
0.0250654
0.0221204
0.0259524
0.0215515
0.0272476
0.021489
0.0290896
0.0214311
0.0271349
0.0224955
0.0281979
0.0279182
0.0334978
0.0268303
0.032624
0.023414
0.0310908
0.0231621
0.0289087
0.0306556
0.0363787
0.0272672
0.0330431
0.0262053
0.0300034
0.0257617
0.03153
0.0202928
0.0238446
0.0277915
0.033501
0.0265645
0.0323474
0.0244693
0.0283168
0.0288085
0.032699
0.0300382
0.035782
0.0275852
0.035272
0.0371001
0.0449122
0.0320567
0.0378865
0.0265715
0.0300654
0.0291791
0.0329909
0.0263425
0.0301376
0.0311927
0.0389749
0.0290029
0.0328777
0.0285012
0.0323526
0.0246788
0.0303795
0.0338772
0.0377817
0.0329487
0.0368009
0.0306486
0.0343671
0.0301004
0.0378193
0.0318179
0.0395884
0.0323601
0.0401296
0.0319969
0.0377124
0.0308776
0.0385723
0.0369759
0.0447566
0.0386202
0.0464181
0.0310896
0.0347572
0.0249654
0.0324623
0.0336921
0.0375157
0.0371804
0.0429081
0.0379021
0.0436348
0.0361474
0.0400117
0.0313193
0.0389481
0.0433229
0.0486317
0.0359036
0.041533
0.0388895
0.04635
0.0399473
0.0473566
0.0401463
0.0474737
0.0364929
0.0436075
0.0439412
0.0510979
0.0416119
0.0486761
0.0416181
0.0485802
0.0457843
0.0527916
0.045175
0.0520351
0.0406342
0.0438202
0.0479321
0.0511447
0.0437236
0.0480184
0.0463954
0.0493742
0.0488117
0.0516737
0.0448103
0.0472344
0.0445584
0.0478727
0.0466544
0.0487414
0.0466624
0.0483959
0.0494379
0.0513266
0.0502963
0.0520885
0.0527848
0.0547031
0.0551455
0.0571951
0.0532775
0.0549478
0.0525182
0.0553008
0.0522834
0.0548447
0.0539679
0.0568407
0.0548231
0.0561634
0.0546755
0.0558172
0.0555093
0.0566824
0.0545389
0.0556469
0.0569743
0.0587665
0.0563042
0.0583869
0.0574075
0.0584071
0.056787
0.0572464
0.0570345
0.0572845
0.057336
0.0569919
0.0576256
0.0568074
0.0564408
0.0561121
0.0560986
0.0560231
0.0568654
0.0558558
0.055467
0.0550524
0.0559652
0.0551031
0.055696
0.0551164
0.0557587
0.0549583
0.055441
0.0548379
0.0556924
0.0556929
0.0566186
0.0566209
0.0554973
0.0554977
0.0558599
0.0558534
0.0564835
0.0564535
0.0575419
0.0575148
0.0574836
0.0574664
0.0570484
0.0570266
0.0571695
0.0571551
0.056707
0.0566917
0.0564044
0.0563985
0.0563971
0.0563958
0.0563997
0.0563978
0.0568832
0.0568959
0.0564076
0.0564129
0.0562081
0.0561658
0.0565497
0.0563927
0.0565869
0.0563995
0.0562184
0.0559988
0.0561108
0.0559547
0.0560728
0.0558301
0.0561531
0.0559477
0.0560521
0.0557451
0.0574929
0.0569505
0.055792
0.0554367
0.0560749
0.0555161
0.0550783
0.0547858
0.0558657
0.0554056
0.0545326
0.0543245
0.0554352
0.055045
0.0541966
0.0541282
0.0543475
0.0542006
0.0552943
0.0550651
0.0559203
0.0557552
0.0553879
0.0551172
0.0570507
0.0563505
0.0556505
0.0552578
0.0553063
0.0550729
0.0554185
0.0552255
0.0562123
0.055758
0.0554675
0.0553324
0.0556867
0.0554624
0.0556047
0.0554884
0.0554689
0.0555367
0.0556061
0.0554849
0.0559664
0.0557254
0.0554476
0.0555238
0.0558007
0.0556625
0.0555292
0.0554537
0.0555192
0.0557254
0.0554547
0.0555403
0.0555281
0.0556924
0.0556039
0.0562953
0.0558488
0.056961
0.0553466
0.0560433
0.0553656
0.0571251
0.0556164
0.0575118
0.055969
0.0583783
0.0559786
0.0585829
0.0561859
0.0590382
0.0554035
0.0562038
0.0554196
0.0570224
0.0556044
0.0569936
0.0559509
0.0571039
0.0571493
0.0565173
0.0563722
0.0584057
0.0567687
0.0575316
0.0585054
0.0568108
0.057977
0.0563315
0.0581109
0.0565555
0.0603054
0.055892
0.0589647
0.0564455
0.0567149
0.0544702
0.0560403
0.0527689
0.0588035
0.0554315
0.0574776
0.0527462
0.0596728
0.0538652
0.0578295
0.0519538
0.0533967
0.0481829
0.0512509
0.0476879
0.0499416
0.0463125
0.0495395
0.0587784
0.0537673
0.0431405
0.0479125
0.0402766
0.0486311
0.0420066
0.0462257
0.0397131
0.0438731
0.037788
0.0424783
0.0350054
0.0459922
0.0371752
0.0456108
0.0368901
0.0428226
0.0384624
0.0402465
0.0364509
0.0430855
0.0386887
0.0421583
0.0361994
0.0438886
0.0374073
0.0452181
0.036614
0.0413784
0.0357185
0.0399654
0.0347821
0.0407483
0.0368447
0.0420543
0.0346916
0.0430988
0.0388112
0.0455011
0.0368452
0.0411724
0.0355203
0.0389584
0.0341619
0.0381534
0.034874
0.0414732
0.0373582
0.042922
0.03514
0.0419266
0.0377034
0.038384
0.0338247
0.0455184
0.0368216
0.0442178
0.0376897
0.0457129
0.0387827
0.0456397
0.0386976
0.0463061
0.0372777
0.0431688
0.0353515
0.0458626
0.0370691
0.041195
0.0354929
0.0445319
0.0398329
0.0397114
0.038379
0.0477019
0.0476774
0.0461919
0.0461683
0.0458033
0.0457799
0.04797
0.0479334
0.0485921
0.048555
0.0472732
0.047237
0.0462348
0.0462113
0.0516843
0.0516326
0.0474311
0.0473946
0.0464344
0.0463986
0.0473522
0.0473277
0.0468875
0.0468632
0.0451446
0.0451212
0.0482039
