0
0
0
0
0
0
0
0
0
0
0
0
0
0
0
0
0
0
0
0
0
0
0
0
0
0
0
0
0
0
0
0
0
0
0
0
0
0
0
0
0
0
0
0
0
0
0
0
0
0
0
0
0
0
0
0
0
0
0
0
0
0
0
0
0
0
0
0
0
0
0
0
0
0
0
0
0
0
0
0
0
0
0
0
0
0
0
0
0
0
0
0
0
0
0
0
0
0
0
0
0
0
0
0
0
0
0
0
0
0
0
0
0
0
0
0
0
0
0
0
0
0
0
0
0
0
0
0
0
0
0
0
0
0
0
0.00037834
0.000375935
0.000373535
0.000371141
0.000369539
0.000367153
0.000364772
0.000362395
0.000360024
0.000357658
0.000355298
0.000353719
0.000350592
0.000347475
0.000345138
0.000343575
0.000341247
0.000338161
0.000335846
0.00036019
0.000424853
0.000535107
0.00069307
0.000920212
0.0011688
0.00133672
0.00167345
0.00184449
0.00221502
0.00244726
0.00291142
0.00314605
0.00349727
0.0039659
0.00420261
0.00455661
0.00491133
0.00538393
0.00562224
0.00597802
0.006451
0.00668898
0.00716026
0.00739685
0.00774851
0.00809742
0.00855492
0.0087818
0.00922213
0.00943824
0.00975404
0.0101631
0.0104655
0.010746
0.0108533
0.0114612
0.0119252
0.0126893
0.0128924
0.0132748
0.013465
0.0137456
0.0140222
0.0142921
0.0146385
0.0148116
0.0150669
0.0153184
0.0156465
0.0158089
0.0160474
0.0163573
0.01651
0.0168061
0.0169516
0.0172324
0.0173696
0.017633
0.0178219
0.0180023
0.0181179
0.0183336
0.0184353
0.0185784
0.0187119
0.0188693
0.0188713
0.0186678
0.0185597
0.0188335
0.0190175
0.0191269
0.0192302
0.0193269
0.0194452
0.0195002
0.0195864
0.0196195
0.0196683
0.0196851
0.0197079
0.0197246
0.0197356
0.0197517
0.0197727
0.019783
0.0197981
0.0198128
0.0198272
0.0198412
0.0198549
0.0198681
0.0198767
0.0198934
0.0199093
0.019917
0.019993
0.0201455
0.0206222
0.0209733
0.0213083
0.0216412
0.0220447
0.0223038
0.0227075
0.023037
0.0233653
0.0236923
0.0240183
0.0243433
0.0248184
0.025387
0.0257254
0.0262131
0.0267143
0.0274105
0.0279591
0.0284841
0.0290034
0.0295216
0.0300446
0.0303976
0.0311066
0.0314609
0.0319969
0.0325345
0.033265
0.033609
0.035655
0.0358778
0.0366571
0.0371419
0.0376244
0.0378296
0.038582
0.0387899
0.0395301
0.0397409
0.0404692
0.0412105
0.0414026
0.0418692
0.042097
0.0428051
0.0430465
0.0437564
0.0442824
0.0447802
0.0454697
0.046256
0.0485103
0.0499397
0.0502863
0.051598
0.0519148
0.0532159
0.0535906
0.0545402
0.0554412
0.0561968
0.0574313
0.0576698
0.0588823
0.060119
0.0603155
0.0605669
0.0617439
0.0624627
0.0632037
0.0639584
0.0642758
0.0654444
0.0661924
0.0669431
0.0672999
0.0686257
0.069181
0.0706304
0.0716615
0.0725475
0.0728115
0.0741168
0.0743774
0.0751524
0.0759256
0.0771936
0.0779666
0.078773
0.0795616
0.0803547
0.0811517
0.0819516
0.0832458
0.0835653
0.0839789
0.0852892
0.0866114
0.0868551
0.0875877
0.0883137
0.0890337
0.089302
0.0904644
0.0911823
0.0919253
0.092665
0.0934034
0.0941453
0.0948902
0.0960828
0.0963913
0.0967682
0.0975961
0.0987731
0.0994648
0.100144
0.100817
0.101064
0.101728
0.102391
0.103057
0.104138
0.10483
0.105116
0.105804
0.106882
0.107573
0.108267
0.108597
0.109354
0.110083
0.111121
0.111342
0.112363
0.112974
0.11318
0.114182
0.114784
0.115393
0.115645
0.116651
0.116898
0.117905
0.118536
0.118804
0.119812
0.120473
0.121182
0.121807
0.122375
0.122936
0.123098
0.123648
0.124585
0.124741
0.125676
0.125874
0.126816
0.127008
0.127952
0.128524
0.1291
0.129319
0.130271
0.131282
0.131517
0.132029
0.132143
0.133033
0.133525
0.134013
0.134109
0.134985
0.135492
0.136006
0.136137
0.137023
0.137166
0.138053
0.138208
0.138743
0.139671
0.140243
0.140711
0.14116
0.141602
0.142038
0.142468
0.142896
0.143323
0.143385
0.144225
0.144674
0.144745
0.14558
0.146037
0.146498
0.146964
0.147459
0.147616
0.148424
0.148416
0.149205
0.149585
0.149959
0.150329
0.150299
0.150682
0.151088
0.151481
0.151876
0.152663
0.153062
0.153465
0.153492
0.154295
0.154773
0.156899
0.157689
0.157446
0.157676
0.157493
0.158046
0.157916
0.158343
0.158479
0.15861
0.158842
0.158857
0.158981
0.159062
0.159035
0.159172
0.159447
0.159536
0.159621
0.1597
0.159777
0.15985
0.159367
0.159392
0.159447
0.159503
0.159572
0.159636
0.159697
0.159757
0.159816
0.159874
0.15993
0.159984
0.160032
0.159098
0.160099
0.16095
0.159713
0.157317
0.1561
0.155876
0.155587
0.156465
0.154926
0.153308
0.155642
0.155369
0.153622
0.153284
0.152813
0.153886
0.148248
0.147846
0.147508
0.145476
0.14516
0.144911
0.144724
0.144551
0.144387
0.144219
0.142174
0.143427
0.144931
0.144717
0.142515
0.142241
0.141984
0.143627
0.141499
0.141275
0.141067
0.142792
0.140688
0.1405
0.141946
0.139609
0.141303
0.141137
0.140961
0.134883
0.134721
0.132722
0.132595
0.13251
0.130684
0.132441
0.132386
0.132134
0.132154
0.132206
0.132281
0.133635
0.131959
0.131492
0.131158
0.127578
0.127751
0.126774
0.128113
0.129368
0.129562
0.129779
0.130005
0.132156
0.132494
0.132488
0.132481
0.132468
0.132459
0.132446
0.132458
0.132496
0.132545
0.132612
0.132647
0.132717
0.132754
0.13281
0.132888
0.132928
0.133011
0.133054
0.133142
0.133189
0.133259
0.133333
0.13338
0.133387
0.13337
0.133317
0.133257
0.133197
0.132821
0.132318
0.132176
0.13164
0.131542
0.132014
0.13165
0.132138
0.131793
0.131461
0.131956
0.132044
0.132535
0.132236
0.132339
0.132446
0.132936
0.132672
0.132791
0.132913
0.133038
0.133166
0.133642
0.133427
0.13356
0.133172
0.13332
0.133482
0.133641
0.133472
0.133618
0.133975
0.133836
0.133636
0.133267
0.133467
0.133111
0.132825
0.132528
0.132109
0.13249
0.13234
0.132487
0.132637
0.132486
0.132969
0.133136
0.133305
0.133822
0.13365
0.134185
0.134004
0.134559
0.134371
0.134945
0.134751
0.135346
0.135145
0.135761
0.135558
0.135766
0.136366
0.136145
0.136336
0.136529
0.136725
0.136922
0.137358
0.136836
0.136257
0.13486
0.135632
0.13571
0.134718
0.134546
0.134902
0.135322
0.132954
0.131302
0.131337
0.130626
0.13233
0.132997
0.133728
0.13315
0.132364
0.131967
0.131691
0.133688
0.134654
0.136709
0.13656
0.138687
0.138598
0.14082
0.140894
0.143076
0.142497
0.144077
0.145705
0.147395
0.149101
0.150771
0.152542
0.154271
0.156002
0.15774
0.159085
0.160753
0.162399
0.164035
0.165658
0.168211
0.168856
0.171596
0.172113
0.175022
0.175297
0.178354
0.178431
0.181654
0.183274
0.183191
0.186617
0.188209
0.189767
0.191286
0.192765
0.191948
0.193328
0.194824
0.198619
0.200041
0.201445
0.200215
0.204145
0.205421
0.206664
0.210738
0.209102
0.210243
0.211335
0.212375
0.223632
0.235327
0.23316
0.237099
0.237802
0.238494
0.239172
0.239837
0.243674
0.241155
0.245001
0.242758
0.240511
0.244388
0.248259
0.242845
0.246672
0.244338
0.245084
0.245874
0.249829
0.247747
0.251606
0.252454
0.250312
0.254112
0.25492
0.25572
0.25653
0.257423
0.255514
0.259386
0.263191
0.261196
0.259213
0.260092
0.263821
0.26184
0.265574
0.263831
0.267625
0.268626
0.269585
0.270533
0.271466
0.272387
0.273301
0.276981
0.275259
0.276309
0.274704
0.278397
0.276723
0.280381
0.278691
0.282315
0.28064
0.284275
0.285421
0.286509
0.29018
0.288621
0.292246
0.29067
0.285479
0.276582
0.274767
0.27472
0.274687
0.274655
0.274633
0.2746
0.274567
0.274534
0.274502
0.274458
0.274436
0.274403
0.274371
0.274327
0.274294
0.274261
0.274228
0.274206
0.274184
0.27414
0.274107
0.274063
0.274041
0.274008
0.273975
0.273942
0.273909
0.273876
0.273843
0.273843
0.273843
0.273843
0.273843
0.273843
0.273843
0.273843
0.273843
0.273843
0.273843
0.273843
0.273843
0.273843
0.273843
0.273843
0.273843
0.273843
0.273843
0.273843
0.273843
0.273843
0.273843
0.273843
0.273843
0.273843
