0 0
0 0
0 0
0 0
0 0
0 0
0 0
0 0
0 0
0 0
0 0
0 0
0 0
0 0
0 0
0 0
0 0
0 0
0 0
0 0
0 0
0 0
0 0
0 0
0 0
0.0003701 -7.44909e-05
0.000367654 -7.44641e-05
0.000365212 -7.44359e-05
0.000363604 -7.44164e-05
0.00036117 -7.43861e-05
0.000358742 -7.43546e-05
0.000357118 -7.43328e-05
0.000353899 -7.42877e-05
0.000351486 -7.42521e-05
0.000349077 -7.42151e-05
0.000346673 -7.41764e-05
0.00034346 -7.41214e-05
0.000341881 -7.40931e-05
0.000338683 -7.40329e-05
0.000337111 -7.40018e-05
0.000335518 -7.39693e-05
0.000332363 -7.39023e-05
0.000329998 -7.38493e-05
0.000327639 -7.37942e-05
0.000348956 -8.92577e-05
0.000415228 -8.99208e-05
0.0005262 -9.72263e-05
0.000684947 -0.000105797
0.000912493 -0.000118939
0.00116071 -0.000137284
0.00141048 -0.000163087
0.00166192 -0.000196114
0.00191442 -0.000236788
0.00231086 -0.000315798
0.00253562 -0.000368871
0.00276304 -0.000428749
0.00321239 -0.000565876
0.00343741 -0.000644304
0.00388053 -0.000818472
0.00410167 -0.000915581
0.00453567 -0.00112703
0.00496504 -0.0013652
0.00527939 -0.00155931
0.00548364 -0.00169504
0.00588955 -0.00198903
0.00608473 -0.00214278
0.00637385 -0.00238677
0.00665432 -0.00264374
0.00692532 -0.00291321
0.00718597 -0.0031946
0.00751648 -0.00358798
0.0077477 -0.00389219
0.00789239 -0.00409701
0.00816511 -0.00451908
0.00828894 -0.00472953
0.00846332 -0.00505219
0.00862249 -0.00537976
0.00876818 -0.0057137
0.00888447 -0.00604502
0.00882962 -0.00666411
0.00897079 -0.00750194
0.00910928 -0.00804112
0.00925957 -0.00867627
0.00933348 -0.00903154
0.00939297 -0.00938039
0.00943893 -0.00973276
0.00946218 -0.00997037
0.00949018 -0.0104451
0.0094953 -0.010682
0.00948688 -0.0111484
0.0094733 -0.0113859
0.00942746 -0.0118598
0.00937619 -0.0122173
0.00931029 -0.012575
0.00922961 -0.0129324
0.00909811 -0.0134095
0.00902344 -0.0136433
0.00885169 -0.0141144
0.00875719 -0.0143443
0.00860161 -0.0146891
0.00843124 -0.0150289
0.00830895 -0.0152534
0.00804752 -0.0156895
0.00790699 -0.0159033
0.00761186 -0.0163139
0.00745604 -0.0165125
0.00713579 -0.0168879
0.00679875 -0.0172402
0.00653772 -0.0174867
0.00636152 -0.0176421
0.00602391 -0.0179014
0.00590939 -0.0178719
0.00567693 -0.0177837
0.00463321 -0.0180615
0.00373054 -0.0186039
0.00351324 -0.0187275
0.00330747 -0.0188387
0.00288779 -0.0190452
0.00267121 -0.0191414
0.00223227 -0.0193166
0.00200691 -0.0193966
0.00162068 -0.0195192
0.0014591 -0.0195652
0.00120701 -0.0196312
0.0011166 -0.0196534
0.000993018 -0.0196829
0.000930753 -0.0196972
0.000806057 -0.0197245
0.000742679 -0.0197378
0.000615748 -0.0197631
0.000551239 -0.0197753
0.00045425 -0.0197929
0.000323946 -0.019815
0.000224995 -0.0198306
0.000125208 -0.0198454
2.45921e-05 -0.0198593
-7.68477e-05 -0.0198722
-0.000179104 -0.0198843
-0.000282168 -0.0198954
-0.000386033 -0.0199056
-0.000490688 -0.0199147
-0.000745419 -0.0199275
-0.00149582 -0.0199493
-0.00223373 -0.0199637
-0.00419042 -0.0199795
-0.00559091 -0.0199761
-0.00840515 -0.0199409
-0.00982645 -0.0199088
-0.0126545 -0.0198162
-0.0140823 -0.019755
-0.0169219 -0.019604
-0.0190605 -0.0194647
-0.0212009 -0.019303
-0.0233419 -0.0191192
-0.0262078 -0.0188386
-0.0277583 -0.0186706
-0.0295173 -0.018468
-0.0336272 -0.0179521
-0.0367199 -0.0175275
-0.0397256 -0.0170875
-0.0424612 -0.0166738
-0.0453298 -0.0162096
-0.0493652 -0.0155181
-0.052376 -0.0149659
-0.0543706 -0.0145874
-0.0584137 -0.0137849
-0.0603987 -0.0133745
-0.0644088 -0.0125052
-0.0663725 -0.0120593
-0.0693101 -0.011365
-0.0722186 -0.0106453
-0.0751056 -0.00989926
-0.07797 -0.00912395
-0.0808185 -0.00831441
-0.0836912 -0.00746435
-0.0865483 -0.00660149
-0.0903872 -0.00543662
-0.0922811 -0.00486063
-0.0951559 -0.00398508
-0.0980363 -0.0031061
-0.100921 -0.0022236
-0.10381 -0.00133766
-0.107685 -0.00014535
-0.109595 0.000443852
-0.11249 0.00133838
-0.115382 0.00223414
-0.119252 0.00343508
-0.121155 0.0040266
-0.125017 0.00522498
-0.126914 0.00581359
-0.128816 0.00640295
-0.132398 0.00750825
-0.134305 0.00809433
-0.138202 0.00929003
-0.140434 0.00997201
-0.146898 0.0119425
-0.149729 0.0128028
-0.154481 0.0142441
-0.159255 0.0156889
-0.164031 0.0171305
-0.168803 0.0185672
-0.171976 0.0195206
-0.17776 0.0212801
-0.182072 0.0226347
-0.186783 0.0241393
-0.19316 0.0261817
-0.197929 0.0277137
-0.201083 0.0287283
-0.205865 0.0302706
-0.210651 0.0318175
-0.213855 0.032855
-0.220207 0.0349148
-0.223405 0.0359501
-0.229626 0.0379625
-0.23279 0.0389824
-0.23909 0.0410106
-0.242265 0.0420309
-0.248574 0.0440532
-0.251757 0.0450711
-0.258077 0.0470879
-0.26138 0.0481396
-0.268494 0.0504052
-0.272049 0.051548
-0.27881 0.0537842
-0.282484 0.0550335
-0.290029 0.0576085
-0.293837 0.0589113
-0.30141 0.0615083
-0.30523 0.0628211
-0.312808 0.0654313
-0.316621 0.0667466
-0.324161 0.0693427
-0.329746 0.0712619
-0.335399 0.0731999
-0.339187 0.0744973
-0.346717 0.0770692
-0.354311 0.0796568
-0.35998 0.0815833
-0.363719 0.0828505
-0.369229 0.0847207
-0.374436 0.0865175
-0.379941 0.0884545
-0.385592 0.090451
-0.393182 0.0931391
-0.396927 0.0944685
-0.402606 0.0964883
-0.408283 0.0985118
-0.412083 0.0998679
-0.419615 0.102553
-0.425158 0.104526
-0.430797 0.106528
-0.43643 0.108524
-0.44207 0.110519
-0.447715 0.112511
-0.453363 0.114501
-0.45901 0.116485
-0.464592 0.118443
-0.469813 0.120296
-0.47518 0.122242
-0.480808 0.124296
-0.486445 0.126358
-0.492093 0.128429
-0.495882 0.12982
-0.503406 0.13259
-0.509057 0.134674
-0.514701 0.136754
-0.518441 0.138131
-0.525839 0.140848
-0.53145 0.142904
-0.537066 0.144958
-0.542689 0.14701
-0.548315 0.14906
-0.553941 0.151106
-0.559549 0.153139
-0.564843 0.15507
-0.570082 0.157021
-0.575666 0.159125
-0.581278 0.161243
-0.586901 0.16337
-0.590674 0.1648
-0.598169 0.167646
-0.601943 0.169082
-0.609424 0.171929
-0.614993 0.174046
-0.620522 0.176143
-0.626111 0.178258
-0.631703 0.180371
-0.637303 0.182482
-0.642907 0.184591
-0.648512 0.186696
-0.652266 0.188103
-0.659505 0.190818
-0.662947 0.192128
-0.670162 0.194921
-0.673905 0.196377
-0.681347 0.199278
-0.685104 0.200745
-0.692568 0.203666
-0.696328 0.20514
-0.703781 0.208066
-0.707531 0.209536
-0.714836 0.212397
-0.718569 0.213854
-0.725975 0.216741
-0.72971 0.218194
-0.737132 0.221077
-0.744614 0.223975
-0.750192 0.226129
-0.753777 0.227515
-0.757229 0.228862
-0.764291 0.23167
-0.768017 0.233162
-0.775425 0.236135
-0.779165 0.237638
-0.786598 0.240633
-0.792187 0.24289
-0.797769 0.245148
-0.801506 0.246658
-0.808791 0.249597
-0.81433 0.251826
-0.819876 0.254053
-0.825427 0.256278
-0.830985 0.258502
-0.836546 0.260723
-0.840271 0.262209
-0.847632 0.265138
-0.851137 0.266539
-0.858048 0.269355
-0.861753 0.270882
-0.869128 0.273926
-0.87285 0.275465
-0.878413 0.27777
-0.885817 0.280845
-0.891378 0.283158
-0.896933 0.285469
-0.902398 0.287739
-0.907876 0.290008
-0.911576 0.291538
-0.918925 0.294573
-0.924459 0.296853
-0.929997 0.29913
-0.933708 0.300654
-0.941066 0.303669
-0.946339 0.305836
-0.951467 0.307981
-0.956938 0.310297
-0.964338 0.313438
-0.96799 0.314991
-0.97353 0.317351
-0.979074 0.319718
-0.982787 0.321305
-0.990147 0.324453
-0.993845 0.326033
-1.00105 0.329105
-1.00655 0.331443
-1.01205 0.333779
-1.01756 0.336113
-1.02307 0.338446
-1.02677 0.340007
-1.0341 0.343098
-1.03775 0.344633
-1.04455 0.34753
-1.04991 0.349859
-1.05537 0.352222
-1.0608 0.354531
-1.06444 0.356034
-1.07167 0.358871
-1.07532 0.360213
-1.08261 0.36266
-1.09004 0.364835
-1.09373 0.365797
-1.09936 0.367114
-1.10503 0.368259
-1.11059 0.369211
-1.11593 0.369958
-1.12133 0.370579
-1.12891 0.371193
-1.13264 0.371383
-1.14025 0.371541
-1.14401 0.371505
-1.1497 0.371307
-1.1554 0.370935
-1.1611 0.370389
-1.16678 0.369668
-1.17059 0.369088
-1.1781 0.367707
-1.18372 0.366493
-1.18932 0.365161
-1.19309 0.364201
-1.20054 0.362147
-1.20612 0.360473
-1.21168 0.358686
-1.21721 0.356786
-1.22272 0.354776
-1.22819 0.352654
-1.23363 0.350425
-1.23901 0.348089
-1.24435 0.34565
-1.24957 0.34313
-1.25441 0.340664
-1.25902 0.338157
-1.26391 0.335374
-1.2688 0.332449
-1.27356 0.329419
-1.27819 0.326248
-1.28268 0.322909
-1.28704 0.319385
-1.28988 0.316922
-1.29534 0.311797
-1.29798 0.309101
-1.30302 0.303538
-1.30773 0.297725
-1.30984 0.294908
-1.31303 0.290366
-1.31607 0.28565
-1.31895 0.280784
-1.32169 0.275772
-1.32428 0.270651
-1.32674 0.265431
-1.32909 0.260095
-1.33134 0.25467
-1.33278 0.251005
-1.33552 0.24367
-1.33744 0.23812
-1.33921 0.232683
-1.34082 0.227472
-1.34243 0.22192
-1.34395 0.216296
-1.34532 0.210781
-1.3466 0.205145
-1.34813 0.197556
-1.34914 0.191861
-1.34974 0.188087
-1.35056 0.182346
-1.35126 0.176579
-1.35201 0.168819
-1.3523 0.164991
-1.35254 0.161106
-1.35286 0.153671
-1.35297 0.150022
-1.35305 0.142342
-1.35293 0.134551
-1.35279 0.130735
-1.35246 0.124978
-1.35196 0.119264
-1.35152 0.115464
-1.35035 0.107979
-1.34921 0.102385
-1.34785 0.0968364
-1.34627 0.0913577
-1.34453 0.0861058
-1.34263 0.0809952
-1.34046 0.0757858
-1.3381 0.0706852
-1.33641 0.0673265
-1.33292 0.0610398
-1.33117 0.058202
-1.32751 0.052848
-1.32432 0.0486643
-1.32072 0.0442259
-1.31565 0.0382803
-1.31176 0.0338457
-1.30917 0.0309261
-1.30404 0.0251166
-1.30144 0.0221654
-1.2988 0.0191668
-1.29355 0.0132014
-1.29123 0.0105602
-1.29087 0.0101508
-1.29088 0.010162
-1.29089 0.0101733
-1.29089 0.0101845
-1.2909 0.010192
-1.29091 0.010207
-1.29089 0.0101913
-1.29083 0.0101248
-1.29075 0.0100439
-1.2907 0.00998193
-1.29066 0.00994034
-1.2906 0.00987597
-1.29055 0.00980999
-1.29051 0.00976488
-1.29043 0.00967299
-1.29038 0.00960169
-1.29032 0.00952828
-1.29024 0.00942641
-1.2902 0.00937469
-1.29015 0.00929429
-1.29009 0.00921135
-1.29004 0.00913791
-1.29001 0.00910052
-1.29 0.00908889
-1.29001 0.00911092
-1.29005 0.00917166
-1.29008 0.00921738
-1.29014 0.00930865
-1.29018 0.00935492
-1.28997 0.00905869
-1.28947 0.00833301
-1.28886 0.00747605
-1.28795 0.00621639
-1.28681 0.00467635
-1.28565 0.00314434
-1.28448 0.00162036
-1.28329 0.000104514
-1.28168 -0.0019137
-1.28087 -0.00290214
-1.28004 -0.0039017
-1.27837 -0.00587408
-1.27752 -0.00686146
-1.27582 -0.00880897
-1.27494 -0.00978361
-1.27319 -0.0117052
-1.27186 -0.0131378
-1.2705 -0.0145596
-1.26914 -0.0159699
-1.26776 -0.0173681
-1.26636 -0.0187535
-1.26495 -0.0201258
-1.26353 -0.0214845
-1.26257 -0.022387
-1.26064 -0.0241594
-1.25916 -0.0254965
-1.25764 -0.0268578
-1.25662 -0.0277675
-1.25461 -0.0295641
-1.2536 -0.0304597
-1.25177 -0.0320905
-1.25104 -0.0327443
-1.24971 -0.0339046
-1.24898 -0.034528
-1.24728 -0.0359683
-1.24625 -0.0368579
-1.24548 -0.0375414
-1.24471 -0.0382408
-1.24413 -0.0387646
-1.24265 -0.0401518
-1.24172 -0.041031
-1.23982 -0.0428107
-1.23838 -0.0441859
-1.23693 -0.0455929
-1.23549 -0.0470172
-1.23405 -0.0484586
-1.23263 -0.0499176
-1.23075 -0.0519006
-1.22983 -0.0528893
-1.22844 -0.0544022
-1.22707 -0.0559331
-1.2257 -0.0574825
-1.2239 -0.059587
-1.22256 -0.0611787
-1.22169 -0.062239
-1.22038 -0.0638606
-1.21908 -0.0655
-1.2178 -0.0671572
-1.21653 -0.0688319
-1.21489 -0.0710383
-1.21409 -0.0721115
-1.21289 -0.0737408
-1.21169 -0.0753734
-1.21008 -0.0775656
-1.20928 -0.0786469
-1.20767 -0.0808444
-1.20679 -0.0820433
-1.20521 -0.0842003
-1.20324 -0.0868881
-1.20099 -0.089965
-1.19762 -0.094557
-1.19592 -0.0968655
-1.19419 -0.0991658
-1.19014 -0.104459
-1.18649 -0.109182
-1.18159 -0.115516
-1.1791 -0.118726
-1.17644 -0.122153
-1.17103 -0.129172
-1.16815 -0.132972
-1.16176 -0.141513
-1.15658 -0.14844
-1.1511 -0.155788
-1.14728 -0.16091
-1.13933 -0.171588
-1.13334 -0.179608
-1.12702 -0.187975
-1.12039 -0.196724
-1.11594 -0.202581
-1.10721 -0.214093
-1.10277 -0.219961
-1.09396 -0.231635
-1.08951 -0.237531
-1.08069 -0.249212
-1.07624 -0.255031
-1.06733 -0.266344
-1.06275 -0.271946
-1.05346 -0.282809
-1.04877 -0.288042
-1.03901 -0.298339
-1.03137 -0.305852
-1.02349 -0.313152
-1.01538 -0.320231
-1.00705 -0.327081
-0.998506 -0.333686
-0.989862 -0.339973
-0.981135 -0.345945
-0.975236 -0.349766
-0.963092 -0.357113
-0.956856 -0.360633
-0.947403 -0.365655
-0.93457 -0.3719
-0.924752 -0.376255
-0.914953 -0.380256
-0.901525 -0.385243
-0.894806 -0.387518
-0.881014 -0.391742
-0.87416 -0.393622
-0.860184 -0.397004
-0.853272 -0.398453
-0.839216 -0.400951
-0.832404 -0.401962
-0.825323 -0.402879
-0.811172 -0.404283
-0.800471 -0.40497
-0.789728 -0.405337
-0.782511 -0.405403
-0.768164 -0.405106
-0.760951 -0.404744
-0.74691 -0.403642
-0.736227 -0.402445
-0.72564 -0.400948
-0.715106 -0.399135
-0.704623 -0.396997
-0.697626 -0.395383
-0.683822 -0.391751
-0.673582 -0.388662
-0.663425 -0.38527
-0.653352 -0.381574
-0.646653 -0.378928
-0.63349 -0.373275
-0.626942 -0.37023
-0.61414 -0.363855
-0.608044 -0.360633
-0.595601 -0.35377
-0.586088 -0.348446
-0.576531 -0.343094
-0.563687 -0.335905
-0.557344 -0.332356
-0.547712 -0.326971
-0.538061 -0.32158
-0.528414 -0.316194
-0.518903 -0.310875
-0.509428 -0.305541
-0.499974 -0.300226
-0.490431 -0.294867
-0.484026 -0.29127
-0.471279 -0.284116
-0.46484 -0.280504
-0.452027 -0.273323
-0.442382 -0.267921
-0.432773 -0.262539
-0.420121 -0.255409
-0.413905 -0.251901
-0.404386 -0.246541
-0.391588 -0.239335
-0.385268 -0.235778
-0.378841 -0.232162
-0.369226 -0.226756
-0.356409 -0.219555
-0.346778 -0.214149
-0.340403 -0.210563
-0.327843 -0.203458
-0.318392 -0.198118
-0.308858 -0.192736
-0.299304 -0.187343
-0.292888 -0.183723
-0.280118 -0.176522
-0.273669 -0.172888
-0.260858 -0.165675
-0.254421 -0.162052
-0.241874 -0.154953
-0.232447 -0.149603
-0.222929 -0.144215
-0.21654 -0.140599
-0.203826 -0.133407
-0.194237 -0.127986
-0.184623 -0.122555
-0.178172 -0.118913
-0.162141 -0.109864
-0.155965 -0.106365
-0.143311 -0.0991641
-0.137041 -0.0956059
-0.130662 -0.0919861
-0.117971 -0.0847866
-0.11156 -0.0811518
-0.0988006 -0.0739217
-0.0923576 -0.0702736
-0.0795633 -0.0630349
-0.0700435 -0.0576423
-0.0606173 -0.0522705
-0.0512035 -0.0469077
-0.0416907 -0.0414959
-0.03216 -0.0360759
-0.0226044 -0.0306442
-0.013023 -0.0252009
-0.00341757 -0.019748
0.00295456 -0.0161469
0.00398654 -0.0155788
0.00402909 -0.0155542
0.00407148 -0.0155297
0.0041138 -0.0155052
0.0041561 -0.0154807
0.00419839 -0.0154563
0.00424071 -0.0154319
0.00428306 -0.0154074
0.00432544 -0.015383
0.00436788 -0.0153585
0.00441037 -0.0153341
0.00443887 -0.0153177
0.00449552 -0.0152851
0.00453818 -0.0152606
0.0045809 -0.0152361
0.00462368 -0.0152116
0.00466653 -0.015187
0.00470943 -0.0151625
0.0047524 -0.0151379
0.00479542 -0.0151133
0.00483851 -0.0150887
0.00488165 -0.0150641
0.00492486 -0.0150395
0.00496813 -0.0150149
0.00501146 -0.0149902
0.00505484 -0.0149655
0.00511307 -0.0149325
0.00514179 -0.0149162
0.00517097 -0.0148996
0.00517097 -0.0148996
0.00517097 -0.0148996
0.00517097 -0.0148996
0.00517097 -0.0148996
0.00517097 -0.0148996
0.00517097 -0.0148996
0.00517097 -0.0148996
0.00517097 -0.0148996
0.00517097 -0.0148996
0.00517097 -0.0148996
0.00517097 -0.0148996
0.00517097 -0.0148996
0.00517097 -0.0148996
0.00517097 -0.0148996
