0
0
0
0
0
0
0
0
0
0
0
0
0
0
0
0
0
0
0
0
0
0
0
0
0
0
0
0
0
0
0
0
0
0
0
0
0
0
0
0
0
0
0
0
0
0
0
0
0
0
0
0
0
0
0
0
0
0
0
0
0
0
0
0
0
0
0
0
0
0
0
0
0
0
0
0
0
0
0
0
0
0
0
0
0
0
0
0
0
0
0
0.000771367
0.0271585
0.0271481
0.0249199
0.024913
0.0327022
0.0326955
0.0271143
0.0271041
0.0241645
0.0241545
0.0263257
0.0263159
0.0272958
0.0272864
0.0228214
0.0193921
0.027506
0.0257169
0.0259171
0.0258534
0.0294798
0.0294138
0.0276805
0.028613
0.0266767
0.0271309
0.0242589
0.0240459
0.0219958
0.0219841
0.0305661
0.0305796
0.025014
0.0250428
0.0247375
0.0299365
0.0299957
0.0303774
0.030444
0.0281414
0.0281834
0.0313134
0.032858
0.0290463
0.0305495
0.0292144
0.0308104
0.0302758
0.031904
0.0324961
0.034138
0.034757
0.0331165
0.0282859
0.0300146
0.0279408
0.0297059
0.0261286
0.0279144
0.0365459
0.0365942
0.0350534
0.0334012
0.0330228
0.032784
0.0318943
0.0318286
0.0292575
0.0292022
0.0362198
0.0361916
0.0305635
0.0257644
0.0257712
0.0252701
0.0236519
0.0339987
0.034053
0.0295997
0.0313884
0.023795
0.0255618
0.0287831
0.0270997
0.0265505
0.0247408
0.0266145
0.0281929
0.0217042
0.0166838
0.0251721
0.0252317
0.0253529
0.0307091
0.0308977
0.0316691
0.0318864
0.0319735
0.0321999
0.0293854
0.031333
0.0351564
0.036976
0.0312806
0.0331985
0.0280745
0.0300009
0.030131
0.0303191
0.0340691
0.0359822
0.0264043
0.0238402
0.0232743
0.0209751
0.0210275
0.0309092
0.0307347
0.0283592
0.0299355
0.0267752
0.0267291
0.0256264
0.027241
0.0322052
0.0305539
0.0269036
0.0269248
0.0293801
0.0277561
0.0219756
0.0237149
0.0245935
0.0259688
0.0219728
0.0234721
0.0292773
0.020508
0.0196885
0.0190041
0.0218057
0.0217613
0.0291792
0.0268629
0.0294215
0.0294486
0.0239288
0.0239693
0.0246175
0.0266395
0.0299737
0.0275827
0.0315376
0.0290291
0.0234977
0.0210842
0.0257238
0.0233484
0.0267883
0.0244123
0.0199089
0.0175667
0.0187644
0.0164301
0.0192495
0.0212887
0.0243336
0.021986
0.0246177
0.0222723
0.0240623
0.0240243
0.0292515
0.0269644
0.0221339
0.0245415
0.0204876
0.0229189
0.0212271
0.0209672
0.0205407
0.0205275
0.022779
0.0226274
0.0241693
0.0241209
0.0263355
0.026317
0.0243985
0.0220321
0.0202696
0.017927
0.0265232
0.0287212
0.025802
0.0256966
0.0269029
0.0289931
0.0220092
0.0242478
0.0238837
0.0215641
0.024057
0.0264336
0.0211279
0.0235445
0.0224442
0.0224821
0.0273021
0.0269726
0.0223496
0.0199738
0.0245583
0.0221403
0.0217856
0.0217488
0.0284144
0.0284015
0.0197335
0.0197547
0.0275248
0.0275646
0.0335127
0.0333928
0.02718
0.029461
0.0285425
0.0283413
0.026116
0.026067
0.0183087
0.020066
0.0227889
0.0254483
0.0252773
0.0279569
0.0212405
0.0185095
0.0198332
0.0171116
0.0228173
0.0226884
0.0268057
0.024188
0.0255206
0.0281979
0.0186444
0.0213958
0.0291517
0.0292751
0.0263138
0.0286964
0.025568
0.025445
0.0270501
0.0243561
0.0265221
0.023846
0.0212704
0.0187268
0.0242847
0.0217165
0.0239252
0.0212995
0.0218341
0.0215244
0.0205417
0.0205581
0.0283618
0.0284193
0.023908
0.0267541
0.0246842
0.0275818
0.0201329
0.023035
0.0155273
0.0181052
0.0247829
0.0274476
0.0214267
0.0241421
0.0217731
0.0218603
0.0232652
0.0233943
0.0267444
0.0268552
0.0243536
0.0242954
0.0221389
0.019481
0.0258416
0.0231857
0.0268507
0.0241729
0.0252449
0.0226031
0.0205543
0.0178954
0.0292914
0.0265327
0.0239064
0.0212338
0.0244941
0.0246049
0.0294382
0.0295612
0.0226074
0.0226592
0.0313382
0.028729
0.0250984
0.0277111
0.0253778
0.0281573
0.0287879
0.0288898
0.018918
0.0218136
0.0228253
0.0229815
0.0186426
0.0185913
0.0240764
0.0240778
0.0241201
0.0315089
0.0316637
0.0431597
0.0406789
0.0354437
0.0356719
0.0275208
0.0276848
0.0296041
0.032453
0.0361115
0.0389874
0.0253198
0.0282251
0.0384195
0.0386048
0.0299578
0.0328493
0.0311082
0.0284315
0.0368366
0.0369905
0.0394174
0.0396094
0.032646
0.0328681
0.0354409
0.0354842
0.0328026
0.032786
0.0293208
0.0321512
0.0323787
0.0352892
0.0297755
0.0327472
0.0379025
0.0381115
0.0308776
0.0337082
0.0384324
0.035804
0.0366138
0.0366768
0.0367848
0.0335667
0.0337423
0.0265207
0.0267404
0.0261339
0.0262925
0.026112
0.0262493
0.0263819
0.0265665
0.0224746
0.0199961
0.0220092
0.0194334
0.0251933
0.0224699
0.0274371
0.0299923
0.0234619
0.026267
0.0248137
0.0222774
0.0298555
0.0327599
0.0270571
0.0272861
0.024177
0.0243022
0.0293796
0.0295217
0.0271183
0.0271558
0.0224534
0.0226366
0.0300132
0.0302159
0.0314828
0.0289843
0.0274899
0.024894
0.0239129
0.0240859
0.0245385
0.027525
0.0192198
0.0142542
0.0249781
0.0278106
0.020122
0.0229106
0.0284035
0.0283473
0.0216468
0.0216131
0.0308265
0.0308419
0.0266125
0.0239245
0.0273522
0.0273959
0.0265914
0.0263098
0.0265865
0.029129
0.02983
0.0271605
0.0273256
0.0167946
0.0261967
0.0253827
0.0275417
0.0275689
0.0260506
0.0226185
0.0242704
0.0242211
0.0251363
0.0251046
0.031763
0.0317888
0.0291245
0.0257614
0.0222284
0.0186714
0.0242653
0.0242007
0.0259228
0.0258849
0.0265404
0.026549
0.026406
0.0264551
0.0277083
0.0242762
0.0237913
0.0237352
0.023002
0.0229555
0.0271656
0.0271654
0.0287985
0.0321565
0.0271525
0.0271296
0.0270022
0.0269569
0.0284259
0.0283724
0.0291874
0.0291801
0.0281271
0.0281701
0.0240551
0.0207771
0.0239624
0.0238796
0.022596
0.0225404
0.0265702
0.0265547
0.0253132
0.0286469
0.030321
0.0270704
0.030443
0.027068
0.0164798
0.0198024
0.0216314
0.0249788
0.0242147
0.0242378
0.0229949
0.0230495
0.0253195
0.0250479
0.0292231
0.0324425
0.0251372
0.0217214
0.0264889
0.0265015
0.0262192
0.0262737
0.0273959
0.0271966
0.0236067
0.0235398
0.0336125
0.0302911
0.0274819
0.0274874
0.0275124
0.030967
0.0222043
0.0255417
0.0209261
0.0242273
0.030813
0.030766
0.0296611
0.029656
0.0239133
0.0239522
0.0260882
0.0260338
0.0255507
0.0254832
0.0210915
0.0176705
0.0227015
0.0226925
0.0265427
0.0297525
0.0216674
0.0216149
0.0204543
0.0236017
0.0257499
0.028861
0.026075
0.0192303
0.0255298
0.0222276
0.0209378
0.0243368
0.0192319
0.0225008
0.0170277
0.0169968
0.0293676
0.0293342
0.0290014
0.0290106
0.025618
0.0256433
0.0294453
0.0293427
0.0293685
0.0293568
0.0186117
0.0219231
0.0193889
0.0227838
0.0193393
0.022767
0.0275492
0.0273164
0.0255432
0.0255451
0.0226534
0.0325995
0.0325688
0.0292053
0.0256837
0.0257111
0.0255646
0.0252978
0.0287804
0.0287777
0.0385976
0.0382683
0.0415076
0.0402388
0.0435386
0.0382005
0.0348211
0.0382221
0.0346826
0.032932
0.0329275
0.0389042
0.0388673
0.033891
0.0372663
0.0411035
0.0411321
0.0343638
0.0340988
0.0388379
0.0388383
0.0347134
0.0346789
0.0372349
0.0405234
0.0331187
0.0297454
0.0352493
0.0317092
0.0376281
0.0376171
0.0368269
0.0367883
0.0336253
0.0336102
0.0347188
0.0347437
0.0375782
0.0374516
0.0398518
0.0398411
0.0287571
0.0320958
0.0359429
0.0359171
0.0352427
0.0319572
0.0311103
0.0376694
0.0415662
0.0448279
0.0366194
0.0332102
0.0377091
0.0342885
0.0323134
0.032325
0.0367985
0.0335127
0.0303752
0.033561
0.0288307
0.0321529
0.0341969
0.0341565
0.0396881
0.0363974
0.0297451
0.0331796
0.0276485
0.0274207
0.0325633
0.0358392
0.0271876
0.0273776
0.0274158
0.0247019
0.0215149
0.0199438
0.0234902
0.0207983
0.0206857
0.0171178
0.0205274
0.0254919
0.0255577
0.0300753
0.0301855
0.0240281
0.0241745
0.0334572
0.0301548
0.0288037
0.0254278
0.0272071
0.0272931
0.0300079
0.0268563
0.0268264
0.0271062
0.0291433
0.0326162
0.0277783
0.0244571
0.0198688
0.0229849
0.021692
0.0253365
0.0229245
0.026597
0.0298339
0.0393559
0.0334101
0.0361716
0.0300266
0.0328654
0.0332058
0.0335108
0.0303757
0.0303744
0.0326912
0.0326905
0.0318434
0.0318431
0.0293221
0.0293214
0.0314341
0.0314331
0.0369869
0.036986
0.0351991
0.034991
0.0359362
0.0357783
0.0332631
0.0334111
0.0269367
0.0270808
0.0334097
0.0335468
0.0311382
0.0312715
0.0359215
0.0360979
0.0313772
0.0315538
0.0302953
0.0304719
0.0329719
0.0331055
0.0297278
0.0298639
0.0306586
0.0308447
0.0355119
0.0356542
0.0310983
0.0312489
0.0328557
0.0329711
0.0310999
0.0310987
0.0336986
0.0336812
0.0327578
0.0327412
0.031611
0.0315892
0.0311346
0.0306311
0.0292962
0.027907
0.0299453
0.0299219
0.0372489
0.0365793
0.0288968
0.0295592
0.0277571
0.0277872
0.0333257
0.0334269
0.0281009
0.0289273
0.0310248
0.0311409
0.0334765
0.0316867
0.0243098
0.0243529
0.0253963
0.0260632
0.0322559
0.0317491
0.0292173
0.0252508
0.0308992
0.0300562
0.0253524
0.0231022
0.026849
0.0238678
0.0294051
0.031167
0.0306091
0.0271461
0.0302346
0.0272769
0.0275782
0.0275957
0.0233808
0.0260181
0.0288337
0.0258723
0.0254764
0.0226019
0.0293789
0.0199643
0.0186769
0.0217213
0.0216318
0.0216104
0.0254395
0.0254044
0.0205262
0.0238591
0.0201617
0.0167818
0.027036
0.027035
0.0220234
0.0186335
0.0254733
0.0220633
0.0204274
0.023721
0.0306129
0.0272213
0.0259399
0.0259477
0.0263413
0.0230232
0.0286402
0.0317555
0.0224554
0.0191314
0.0254272
0.0255473
0.0228959
0.0229266
0.0168267
0.0201904
0.0201842
0.0233587
0.0197951
0.0231468
0.0194352
0.022709
0.0270766
0.0269947
0.0296803
0.0296929
0.0210426
0.0210042
0.0250933
0.025066
0.0217175
0.021734
0.0247659
0.0246519
0.0314256
0.0314351
0.0262557
0.026233
0.0302688
0.0333006
0.0233286
0.0196045
0.029539
0.0257182
0.0268072
0.0268177
0.0206968
0.0206574
0.0212018
0.0211852
0.0209441
0.0246724
0.0180212
0.0215042
0.029937
0.0299465
0.0211247
0.0210928
0.0294518
0.0294569
0.0277945
0.0277323
0.0264108
0.0263968
0.0201631
0.0201666
0.0230858
0.0266313
0.0255251
0.0255359
0.020859
0.0207254
0.0252106
0.0252236
0.0264166
0.0227048
0.026938
0.0269176
0.0260753
0.0260917
0.0241872
0.0239385
0.0209004
0.0209081
0.0263275
0.022678
0.0220963
0.0256754
0.0191422
0.0226441
0.0267663
0.0231533
0.0298771
0.0262918
0.0230805
0.0230483
0.0232939
0.0233041
0.0244416
0.0242892
0.027647
0.0276467
0.0215884
0.0215669
0.0207824
0.0207595
0.0226455
0.0226641
0.0194763
0.0228299
0.0238767
0.0238826
0.0251839
0.0214408
0.0229123
0.0191755
0.024851
0.0211529
0.0191192
0.0189516
0.0219328
0.0219419
0.0222596
0.0185045
0.0262525
0.0226713
0.0252207
0.0216058
0.0273422
0.0273257
0.0199603
0.0199583
0.0205387
0.024224
0.0178233
0.0214936
0.024897
0.0285026
0.023522
0.0235333
0.0206622
0.0206375
0.0292431
0.0292286
0.0191727
0.01919
0.0219648
0.025286
0.024191
0.0241987
0.0240659
0.0131728
0.0267671
0.0304636
0.0305188
0.0270158
0.0299146
0.0262507
0.0256222
0.0294138
0.0295067
0.0345727
0.0202131
0.0309261
0.0312303
0.0357442
0.0360457
0.0395281
0.0394181
0.028945
0.0329395
0.0375794
0.0243004
0.0246649
0.0233989
0.0272502
0.0275278
0.0322391
0.0251378
0.0216189
0.0185069
0.0225333
0.023249
0.0233718
0.0177732
0.01805
0.0196193
0.019961
0.024195
0.0245743
0.0188153
0.0224885
0.0206645
0.017075
0.0188119
0.0190989
0.0218276
0.0221377
0.0222671
0.0321991
0.0322824
0.0275837
0.0276813
0.0376868
0.0377945
0.0391656
0.039174
0.0349649
0.0386521
0.0297814
0.0335442
0.027834
0.0242119
0.0371354
0.0372177
0.0309329
0.0344159
0.0367176
0.0367785
0.0300066
0.0337897
0.0333841
0.0298537
0.0401499
0.0364972
0.0392442
0.0356627
0.0375518
0.0340167
0.0370283
0.0334959
0.0318434
0.0319812
0.0356083
0.0356159
0.034698
0.0309968
0.0351075
0.0352128
0.0285303
0.0286754
0.0333954
0.0334592
0.0171944
0.0240661
0.0203584
0.0234838
0.0234212
0.024001
0.0239936
0.0206889
0.0205815
0.0259326
0.0254956
0.0217324
0.0248282
0.0244675
0.0207365
0.0199832
0.0198443
0.018996
0.0222846
0.0171264
0.0205656
0.0194808
0.019243
0.0250803
0.0250079
0.0198621
0.019761
0.0286542
0.0285853
0.023264
0.0229801
0.0273468
0.0308161
0.0237469
0.0236437
0.022847
0.0263304
0.0228569
0.0192144
0.0280631
0.0277532
0.0291192
0.025417
0.0282379
0.0245276
0.01818
0.0180874
0.0179549
0.0142756
0.0277297
0.0274576
0.0239707
0.0274871
0.0226775
0.0226325
0.0234981
0.0270578
0.0268178
0.0231386
0.0274269
0.0272291
0.0224147
0.0187117
0.026358
0.0228039
0.0295555
0.0260125
0.0186583
0.0225543
0.0197924
0.0234897
0.0213316
0.0250423
0.0273194
0.0274134
0.0269366
0.0270524
0.0256615
0.0291761
0.0237406
0.027471
0.0215738
0.0179134
0.0200968
0.0164252
0.0229582
0.0229825
0.0315617
0.0316333
0.0226123
0.0190543
0.0271411
0.0235889
0.0189037
0.0227642
0.0227502
0.0226745
0.0159528
0.0160221
0.0257717
0.0258154
0.0176244
0.0211731
0.025643
0.025533
0.023192
0.0195903
0.0209855
0.0172531
0.0193042
0.0156047
0.0243665
0.023875
0.0233035
0.0291001
0.0325627
0.0320244
0.0320274
0.032729
0.0327774
0.0311379
0.0311182
0.0305739
0.0305317
0.0348313
0.0304605
0.0335254
0.0291827
0.036304
0.036282
0.0316449
0.031597
0.0369238
0.0369287
0.0277441
0.0321965
0.0335715
0.0335553
0.0335144
0.0378026
0.0283679
0.032772
0.0317379
0.0362172
0.0281402
0.0325259
0.0418564
0.0418156
0.0303849
0.030409
0.0329485
0.028568
0.0356272
0.0312013
0.0197056
0.0246574
0.0204328
0.0183023
0.0229901
0.0285511
0.028763
0.0220184
0.0263876
0.0168207
0.0214356
0.0203158
0.0250396
0.0197049
0.0242553
0.0214067
0.0212524
0.0248377
0.0250408
0.026269
0.0264939
0.0146962
0.0107065
0.0256956
0.0218733
0.0213908
0.0215924
0.0206502
0.0208044
0.0200693
0.0202144
0.0261765
0.0220952
0.0158909
0.0202152
0.01978
0.0242905
0.0107597
0.0153856
0.0188815
0.0191197
0.0172559
0.0174038
0.0241052
0.028495
0.0209892
0.0212045
0.0215231
0.0172658
0.0237212
0.0194695
0.0185015
0.0228157
0.00970717
0.00638282
0.0221984
0.0224842
0.0355836
0.0335437
0.025044
0.0339415
0.0385098
0.0308288
0.0310272
0.0397413
0.0399541
0.0306926
0.0353424
0.0368296
0.0415451
0.0369079
0.0326956
0.0369321
0.0326689
0.0327016
0.0285303
0.0383444
0.0340002
0.0389869
0.0307579
0.0207159
0.0213702
0.0213689
0.024702
0.0247478
0.0247405
0.0381288
0.0338532
0.0260084
0.030302
0.0302547
0.0346218
0.0297126
0.0296738
0.0387518
0.0387623
0.0340613
0.0381431
0.0321851
0.0321853
0.0327944
0.032756
0.0349295
0.0349391
0.035774
0.0313681
0.027579
0.0319885
0.026395
0.0306393
0.0330796
0.0375081
0.0324759
0.0323353
0.0294463
0.0338719
0.0332791
0.0376414
0.0364582
0.036469
0.0320512
0.0275896
0.0329523
0.0285366
0.0325652
0.0367895
0.0373252
0.0416299
0.0336275
0.0291454
0.0385448
0.0341355
0.0343139
0.0298681
0.0401968
0.040201
0.0331749
0.0330197
0.0344004
0.0344026
0.0297476
0.034069
0.0323228
0.0367184
0.0320957
0.0319311
0.0333937
0.0333904
0.031458
0.0358036
0.0386957
0.0387071
0.0371898
0.0370246
0.0351962
0.0307761
0.0311053
0.0353425
0.0355912
0.0312258
0.0388293
0.0386602
0.0358096
0.0400512
0.0384396
0.0341278
0.022587
0.025997
0.0216579
0.0261008
0.033823
0.033947
0.0403296
0.0404838
0.0396556
0.0398696
0.035834
0.0360432
0.0292862
0.0335885
0.0330104
0.0286869
0.0366873
0.0369007
0.0327378
0.0329115
0.0349598
0.0349897
0.0316372
0.0318046
0.0352557
0.0354823
0.0412044
0.0370022
0.0212764
0.0221615
0.0179421
0.0265662
0.0224194
0.0224678
0.0181327
0.0256633
0.0214718
0.021152
0.0170215
0.0185216
0.0143488
0.0195273
0.0152814
0.0227624
0.0230705
0.0251902
0.0211011
0.0187664
0.0190691
0.0292753
0.0251253
0.0166412
0.021445
0.0165479
0.0211257
0.0224886
0.027252
0.0236539
0.0239797
0.0287074
0.0288461
0.0217979
0.0219957
0.0213686
0.0216964
0.0240157
0.019879
0.0214018
0.0171459
0.0210204
0.0166404
0.00600918
0.010484
0.0163316
0.0122895
0.01949
0.0238081
0.0247701
0.0205242
0.0280903
0.0238146
0.0196829
0.0195902
0.0203607
0.0247129
0.0222382
0.0221925
0.022988
0.0272886
0.0211165
0.021019
0.0169292
0.0169227
0.0241512
0.0281346
0.0246066
0.0201972
0.0225588
0.0180552
0.0267233
0.0267132
0.0209748
0.0165725
0.0209037
0.0209127
0.0278546
0.0235321
0.0266858
0.0224024
0.0192406
0.0235961
0.0154589
0.0198925
0.0282696
0.0282232
0.0257841
0.0257777
0.0222974
0.0222325
0.0233752
0.0233836
0.0224808
0.0181211
0.0250714
0.0206472
0.0225855
0.0181599
0.0238452
0.0194876
0.0219579
0.0218775
0.0211805
0.0211762
0.022911
0.0228322
0.0171927
0.0301498
0.0352291
0.0433379
0.0321095
0.0334584
0.0341751
0.0341918
0.0341804
0.0341924
0.0283885
0.0283982
0.0283406
0.0283498
0.030238
0.0302439
0.0323616
0.0323673
0.0362558
0.0362614
0.03716
0.0371655
0.0328885
0.0328939
0.0329042
0.0329147
0.0265583
0.0265634
0.0318353
0.0318428
0.0292851
0.0292948
0.0314745
0.0314817
0.0252212
0.0252281
0.0350236
0.0350281
0.0350281
0.0350281
0.0350281
0.0350281
0.0350281
0.0350281
0.0350281
0.0350281
0.0350281
0.0350281
0.0350281
0.0350281
0.0350281
0.0350281
0.0350281
0.0350281
0.0350281
0.0350281
0.0350281
0.0350281
0.0350281
0.0350281
