0 0
0 0
0 0
0 0
0 0
0 0
0 0
0 0
0 0
0 0
0 0
0 0
0 0
0 0
0 0
0 0
0 0
0 0
0 0
0 0
0 0
0 0
0 0
0 0
0 0
0 0
0 0
0 0
0 0
0 0
0 0
0 0
0 0
-0.0236547 0.000185089
-0.0236547 0.000185089
-0.0205931 0.000292947
-0.0205931 0.000292947
-0.0228051 -0.00108366
-0.0228051 -0.00108366
-0.0234389 -0.00237108
-0.0234389 -0.00237108
-0.0227169 -0.00282222
-0.0227169 -0.00282222
-0.0229729 -0.000750128
-0.0229729 -0.000750128
-0.0217837 -0.00191361
-0.0217837 -0.00191361
-0.0220003 -0.00153965
-0.0205006 -0.00156439
-0.0263125 -0.00100159
-0.023813 -0.00105162
-0.0261691 -0.00110204
-0.02317 -0.00117742
-0.0195402 0.00165195
-0.0165411 0.00158098
-0.0135606 0.00142557
-0.0105614 0.00135643
-0.00740722 0.00148927
-0.00440809 0.0014169
-0.00075505 -0.000197503
0.00324387 -0.000290625
0.00871981 -0.00175749
0.0127185 -0.00185844
0.0127437 -0.00484645
0.0167424 -0.00494584
0.0201205 0.000956726
0.0241193 0.00086037
0.0258317 -0.00269527
0.0308302 -0.00281621
0.0402489 -0.00049893
0.0452472 -0.000628115
0.0480943 -0.00342789
0.0530926 -0.00355903
0.0553778 -0.00104618
0.0603761 -0.00117672
0.0678507 -0.002508
0.0728491 -0.00263512
0.0766309 -0.00436602
0.0816287 -0.00451622
0.0887967 -0.00161861
0.0937946 -0.00176355
0.095739 -0.00588063
0.100737 -0.00602201
0.10634 -0.00433244
0.111337 -0.00448751
0.115988 -0.00334534
0.120986 -0.00350708
0.12668 -0.00232843
0.131678 -0.00247817
0.13284 -0.00226257
0.137837 -0.00242013
0.147841 -0.00423103
0.152838 -0.00439261
0.154576 -0.00414654
0.159573 -0.00430936
0.165684 -0.0034592
0.170682 -0.00361343
0.174594 -0.00383792
0.179591 -0.00401575
0.186013 -0.0065869
0.191009 -0.00676891
0.195941 -0.00465626
0.200938 -0.00483788
0.207715 -0.00366511
0.212712 -0.00384829
0.220469 -0.00384756
0.225466 -0.00402833
0.233643 -0.00432086
0.238639 -0.00451145
0.241026 -0.00783035
0.246022 -0.00802762
0.248795 -0.00774725
0.253791 -0.00793781
0.260471 -0.0086144
0.265467 -0.00880641
0.27159 -0.00819314
0.276587 -0.00838349
0.281436 -0.00849568
0.286432 -0.00869587
0.288698 -0.010568
0.293692 -0.0107939
0.30063 -0.00807982
0.31062 -0.00853215
0.310006 -0.0111404
0.314996 -0.0114599
0.316897 -0.00905538
0.32188 -0.00945666
0.324212 -0.00732827
0.329177 -0.00791904
0.336203 -0.00768316
0.34114 -0.00847256
0.349189 -0.00961812
0.35409 -0.0106038
0.354419 -0.010663
0.359278 -0.0118421
0.365068 -0.0111142
0.36988 -0.0124722
0.377166 -0.0152244
0.38192 -0.016775
0.387022 -0.0135772
0.391714 -0.0153058
0.395627 -0.0167925
0.400246 -0.0187058
0.408504 -0.0204087
0.413038 -0.022516
0.419872 -0.0233272
0.424267 -0.0257113
0.425701 -0.0295024
0.429991 -0.0320708
0.433873 -0.0317781
0.438158 -0.034354
0.440638 -0.0352543
0.444932 -0.0378155
0.455378 -0.0433196
0.455378 -0.0433196
0.462416 -0.0479788
0.462416 -0.0479788
0.467652 -0.0505748
0.471952 -0.053127
0.476898 -0.0548274
0.481199 -0.057377
0.482078 -0.0603144
0.486381 -0.0628615
0.495953 -0.0672667
0.500257 -0.0698127
0.502267 -0.0704158
0.506567 -0.0729664
0.509292 -0.0741059
0.517839 -0.079298
0.519872 -0.0801548
0.524983 -0.0832978
0.530483 -0.0846076
0.536472 -0.0882316
0.546307 -0.0966471
0.546307 -0.0966471
0.550108 -0.0973222
0.556125 -0.1009
0.56314 -0.105766
0.569163 -0.109333
0.57431 -0.113012
0.580328 -0.116588
0.586227 -0.120012
0.598276 -0.127141
0.597099 -0.125179
0.603097 -0.128788
0.608414 -0.133431
0.614405 -0.137052
0.620597 -0.139281
0.626584 -0.142908
0.632395 -0.14525
0.638397 -0.148853
0.641379 -0.153418
0.647379 -0.157024
0.655223 -0.158701
0.661218 -0.162315
0.668045 -0.167241
0.674049 -0.170839
0.680761 -0.173933
0.686756 -0.177547
0.6923 -0.177677
0.698267 -0.181337
0.702366 -0.185636
0.708345 -0.189277
0.711245 -0.198025
0.717221 -0.20167
0.723693 -0.201164
0.729677 -0.204795
0.731523 -0.210128
0.737506 -0.213763
0.746513 -0.215944
0.752495 -0.21958
0.758592 -0.223847
0.76458 -0.227472
0.767927 -0.230297
0.773882 -0.233977
0.779732 -0.238534
0.785688 -0.242212
0.789832 -0.245371
0.801754 -0.25271
0.799908 -0.253788
0.805874 -0.257448
0.812134 -0.259426
0.818089 -0.263107
0.823661 -0.267624
0.829623 -0.271292
0.835846 -0.275209
0.841817 -0.278862
0.84555 -0.282525
0.851483 -0.286239
0.858622 -0.291417
0.864548 -0.295143
0.869944 -0.299123
0.875872 -0.302846
0.883477 -0.305991
0.889411 -0.309704
0.89299 -0.313607
0.898929 -0.317312
0.905907 -0.320879
0.911838 -0.324598
0.915946 -0.328251
0.921883 -0.33196
0.927477 -0.337901
0.933412 -0.341612
0.93816 -0.342012
0.94406 -0.345779
0.948519 -0.351349
0.95442 -0.355115
0.960297 -0.357587
0.966199 -0.361351
0.973858 -0.364026
0.979769 -0.367776
0.984417 -0.372563
0.990338 -0.376297
0.997201 -0.379686
1.00312 -0.383425
1.00741 -0.388104
1.01333 -0.391836
1.01743 -0.396017
1.02331 -0.399812
1.03172 -0.403011
1.03759 -0.406829
1.04348 -0.414302
1.04936 -0.418101
1.05319 -0.419068
1.06538 -0.42692
1.06621 -0.425732
1.07294 -0.430047
1.08183 -0.434386
1.08855 -0.438717
1.09458 -0.444845
1.10131 -0.449177
1.10633 -0.452121
1.11303 -0.456491
1.1199 -0.463528
1.12659 -0.467915
1.13661 -0.470125
1.14331 -0.474502
1.14611 -0.475447
1.1528 -0.479824
1.15807 -0.487947
1.17146 -0.496695
1.17776 -0.499595
1.18439 -0.504081
1.19015 -0.508131
1.1967 -0.512729
1.20487 -0.514753
1.21129 -0.519532
1.21812 -0.523304
1.22444 -0.528205
1.23277 -0.534829
1.239 -0.539848
1.24367 -0.541402
1.24979 -0.54655
1.25889 -0.552561
1.26491 -0.557828
1.27137 -0.565712
1.27728 -0.571109
1.28185 -0.571672
1.28767 -0.577165
1.29302 -0.584338
1.29871 -0.58997
1.30478 -0.593293
1.31034 -0.599048
1.31847 -0.603467
1.32392 -0.609318
1.32597 -0.612379
1.33129 -0.618355
1.33687 -0.626735
1.34206 -0.632826
1.34722 -0.640462
1.3523 -0.646638
1.35933 -0.650483
1.36431 -0.656742
1.36812 -0.662281
1.37295 -0.668653
1.37941 -0.674353
1.3841 -0.680829
1.38558 -0.68666
1.39014 -0.693232
1.39767 -0.696264
1.4021 -0.702926
1.40626 -0.712421
1.41054 -0.71918
1.41433 -0.72346
1.41851 -0.730282
1.42755 -0.736874
1.4316 -0.743772
1.43678 -0.749098
1.44068 -0.756082
1.44373 -0.764554
1.44749 -0.771616
1.44844 -0.778065
1.45205 -0.785204
1.45668 -0.787244
1.46013 -0.794461
1.46438 -0.804964
1.46773 -0.812229
1.4729 -0.820776
1.4761 -0.828105
1.47614 -0.838288
1.4792 -0.845679
1.48197 -0.848099
1.48486 -0.855558
1.48745 -0.861711
1.49018 -0.869233
1.49514 -0.876186
1.49773 -0.883755
1.50065 -0.891718
1.50311 -0.899333
1.50671 -0.905474
1.50904 -0.913128
1.51018 -0.921586
1.51235 -0.929285
1.51689 -0.934699
1.5189 -0.942442
1.52214 -0.951415
1.52399 -0.959198
1.52726 -0.965139
1.52897 -0.972953
1.52808 -0.974363
1.52969 -0.9822
1.53415 -0.987815
1.53548 -0.995704
1.53565 -1.00604
1.53668 -1.01397
1.53527 -1.01902
1.53598 -1.02699
1.5426 -1.03393
1.54296 -1.04192
1.54161 -1.05044
1.54172 -1.05843
1.54382 -1.06658
1.5436 -1.07457
1.54584 -1.08288
1.54528 -1.09086
1.54317 -1.09878
1.5423 -1.10674
1.54393 -1.11254
1.54273 -1.12045
1.54122 -1.12659
1.53971 -1.13445
1.54106 -1.14283
1.53926 -1.15063
1.53822 -1.16291
1.53611 -1.17063
1.53596 -1.17756
1.53354 -1.18519
1.53244 -1.19437
1.52971 -1.20189
1.52908 -1.20614
1.52599 -1.21351
1.52532 -1.22006
1.52193 -1.2273
1.51884 -1.23537
1.51517 -1.24249
1.51007 -1.25225
1.50611 -1.2592
1.50009 -1.26833
1.49586 -1.27513
1.49381 -1.27795
1.48932 -1.28458
1.4877 -1.29262
1.48297 -1.29907
1.47839 -1.30991
1.4734 -1.31617
1.46798 -1.3301
1.46258 -1.336
1.45591 -1.3418
1.45027 -1.34747
1.44808 -1.3534
1.44221 -1.35884
1.43834 -1.36415
1.43227 -1.36936
1.42163 -1.37841
1.41535 -1.38336
1.40814 -1.38391
1.40168 -1.38863
1.39697 -1.39771
1.39032 -1.40216
1.38594 -1.40556
1.37912 -1.40976
1.37369 -1.41709
1.36668 -1.42095
1.36004 -1.42168
1.35291 -1.4253
1.34826 -1.42879
1.34098 -1.4321
1.32916 -1.43828
1.32175 -1.4413
1.31576 -1.45041
1.30824 -1.45315
1.30292 -1.45781
1.2953 -1.46023
1.2883 -1.4619
1.28059 -1.46406
1.27691 -1.4688
1.26913 -1.47064
1.259 -1.47038
1.25115 -1.47189
1.24551 -1.47675
1.2376 -1.47796
1.226 -1.48181
1.21805 -1.48269
1.21328 -1.47986
1.2053 -1.48041
1.19497 -1.48356
1.18698 -1.48384
1.17817 -1.48327
1.17017 -1.48324
1.16227 -1.48593
1.15428 -1.48558
1.15234 -1.49017
1.14435 -1.48969
1.13759 -1.48777
1.12961 -1.48715
1.12387 -1.48928
1.1159 -1.48862
1.10915 -1.47997
1.10118 -1.47931
1.09646 -1.48281
1.08849 -1.48216
1.07576 -1.48291
1.06778 -1.48226
1.06147 -1.48228
1.0535 -1.48163
1.04567 -1.47847
1.03769 -1.47782
1.03016 -1.47613
1.02219 -1.47542
1.01709 -1.47486
1.00912 -1.47413
0.99865 -1.47279
0.990683 -1.47206
0.983141 -1.47427
0.964715 -1.47262
0.958198 -1.47107
0.948239 -1.47017
0.938052 -1.46818
0.928094 -1.46726
0.917475 -1.46504
0.907522 -1.46407
0.895124 -1.46671
0.88517 -1.46575
0.878453 -1.46295
0.868498 -1.46201
0.861373 -1.46537
0.851418 -1.46441
0.839116 -1.46249
0.829162 -1.46153
0.816758 -1.46245
0.806809 -1.46145
0.801372 -1.45812
0.791424 -1.4571
0.782549 -1.45629
0.772601 -1.45527
0.762856 -1.45438
0.752906 -1.45337
0.742338 -1.45101
0.732387 -1.45002
0.722701 -1.44869
0.712757 -1.44763
0.701565 -1.446
0.691621 -1.44495
0.683741 -1.44861
0.673797 -1.44755
0.66393 -1.44517
0.653985 -1.44412
0.645152 -1.44112
0.635207 -1.44008
0.622956 -1.44206
0.613017 -1.44096
0.605779 -1.43534
0.595842 -1.43422
0.586584 -1.43291
0.576645 -1.43181
0.567089 -1.4295
0.557151 -1.42838
0.544918 -1.42827
0.534979 -1.42717
0.526324 -1.43303
0.516389 -1.43189
0.504909 -1.42532
0.494977 -1.42416
0.485934 -1.42452
0.476002 -1.42336
0.469377 -1.42885
0.459444 -1.4277
0.457826 -1.41752
0.437963 -1.41519
0.43198 -1.42045
0.422049 -1.41928
0.418482 -1.42084
0.408558 -1.41961
0.400469 -1.41231
0.390543 -1.41109
0.380522 -1.41669
0.370597 -1.41546
0.350234 -1.40929
0.350234 -1.40929
0.341352 -1.41367
0.331425 -1.41246
0.313252 -1.40875
0.303335 -1.40746
0.30297 -1.40374
0.293052 -1.40246
0.282735 -1.40664
0.272815 -1.40538
0.262943 -1.39852
0.253023 -1.39726
0.245196 -1.40172
0.235276 -1.40046
0.224562 -1.39854
0.214651 -1.3972
0.205514 -1.392
0.195602 -1.39067
0.187755 -1.39777
0.177844 -1.39644
0.167744 -1.38548
0.157831 -1.38416
0.146783 -1.38778
0.136871 -1.38646
0.126017 -1.38662
0.116112 -1.38524
0.109124 -1.37768
0.099219 -1.3763
0.0914787 -1.37804
0.0815744 -1.37666
0.0672204 -1.37423
0.0573162 -1.37285
0.0507131 -1.37059
0.0408106 -1.3692
0.0305552 -1.36968
0.0206551 -1.36827
0.0121191 -1.36707
0.00222472 -1.36562
-0.00854358 -1.36418
-0.0283454 -1.36137
-0.036289 -1.3622
-0.0462106 -1.36095
-0.0584801 -1.35762
-0.0684212 -1.35654
-0.0788187 -1.36005
-0.0887771 -1.35914
-0.0960053 -1.35332
-0.105978 -1.35258
-0.117211 -1.35371
-0.127197 -1.35318
-0.125686 -1.34884
-0.135675 -1.34836
-0.142306 -1.35117
-0.152297 -1.35074
-0.16356 -1.34691
-0.17355 -1.34646
-0.185081 -1.34843
-0.195068 -1.34793
-0.20374 -1.34702
-0.213729 -1.34653
-0.220862 -1.34492
-0.230851 -1.34444
-0.241114 -1.34605
-0.251104 -1.34559
-0.257455 -1.34156
-0.267443 -1.34106
-0.280112 -1.34217
-0.290096 -1.34161
-0.306031 -1.34096
-0.316016 -1.34041
-0.319097 -1.33828
-0.329084 -1.33776
-0.338826 -1.34087
-0.348812 -1.34034
-0.361501 -1.33844
-0.371487 -1.33792
-0.378897 -1.3411
-0.38888 -1.34052
-0.40077 -1.33347
-0.410751 -1.33286
-0.421071 -1.33394
-0.431054 -1.33335
-0.441735 -1.33108
-0.451719 -1.33051
-0.461759 -1.33499
-0.471742 -1.33441
-0.475786 -1.32978
-0.485764 -1.32912
-0.499304 -1.32658
-0.509282 -1.32593
-0.51818 -1.32888
-0.52816 -1.32824
-0.535511 -1.32649
-0.545491 -1.32585
-0.554018 -1.32834
-0.563998 -1.3277
-0.575936 -1.32946
-0.58591 -1.32875
-0.598028 -1.32375
-0.608003 -1.32305
-0.617624 -1.32159
-0.627599 -1.32088
-0.631986 -1.32075
-0.641961 -1.32005
-0.652743 -1.31777
-0.662719 -1.31708
-0.670808 -1.31702
-0.680781 -1.31628
-0.692583 -1.31492
-0.702553 -1.31415
-0.712052 -1.31573
-0.722021 -1.31495
-0.730978 -1.31174
-0.740949 -1.31097
-0.752993 -1.3073
-0.762963 -1.30654
-0.77187 -1.30868
-0.781841 -1.30791
-0.789762 -1.30543
-0.799728 -1.30461
-0.811445 -1.3069
-0.821412 -1.30608
-0.827791 -1.30379
-0.837757 -1.30297
-0.84912 -1.29683
-0.859089 -1.29604
-0.868657 -1.30154
-0.878622 -1.3007
-0.887172 -1.29992
-0.897131 -1.29901
-0.907856 -1.2943
-0.917817 -1.29342
-0.924409 -1.29741
-0.93437 -1.29652
-0.946095 -1.29395
-0.956057 -1.29308
-0.964011 -1.29782
-0.973973 -1.29694
-0.983752 -1.29553
-0.993707 -1.29459
-1.00104 -1.28748
-1.011 -1.28654
-1.02301 -1.28906
-1.03297 -1.28813
-1.04195 -1.28801
-1.0519 -1.28708
-1.0597 -1.28273
-1.06965 -1.28178
-1.07899 -1.28088
-1.08893 -1.27986
-1.09806 -1.27962
-1.10801 -1.27862
-1.11734 -1.27806
-1.12729 -1.27708
-1.14116 -1.27872
-1.15111 -1.2777
-1.15951 -1.27524
-1.16946 -1.27426
-1.17679 -1.27332
-1.18673 -1.27227
-1.19653 -1.27182
-1.20648 -1.27076
-1.21666 -1.26944
-1.2266 -1.26833
-1.23505 -1.26724
-1.24497 -1.26598
-1.25551 -1.26565
-1.26541 -1.26422
-1.27466 -1.26566
-1.28453 -1.26402
-1.2969 -1.25922
-1.30671 -1.25731
-1.31635 -1.25866
-1.32613 -1.25657
-1.33316 -1.25588
-1.3429 -1.25359
-1.35234 -1.24945
-1.36204 -1.247
-1.37175 -1.2471
-1.38139 -1.24444
-1.39041 -1.2406
-1.39997 -1.23769
-1.40742 -1.2363
-1.42637 -1.2299
-1.43884 -1.22693
-1.44817 -1.22332
-1.45436 -1.2196
-1.45436 -1.2196
-1.46683 -1.2143
-1.4759 -1.21011
-1.48659 -1.21035
-1.49552 -1.20584
-1.50745 -1.20578
-1.51618 -1.2009
-1.51792 -1.19501
-1.53482 -1.18431
-1.5373 -1.1846
-1.54558 -1.179
-1.55591 -1.17301
-1.55591 -1.17301
-1.56805 -1.16875
-1.56805 -1.16875
-1.57674 -1.16352
-1.57674 -1.16352
-1.58093 -1.16528
-1.58093 -1.16528
-1.57914 -1.16261
-1.57914 -1.16261
-1.58006 -1.16141
-1.58006 -1.16141
-1.57825 -1.16229
-1.57825 -1.16229
-1.57909 -1.16181
-1.57909 -1.16181
-1.57847 -1.16192
-1.57847 -1.16192
-1.57905 -1.16241
-1.57905 -1.16241
-1.58085 -1.16275
-1.58085 -1.16275
-1.57837 -1.16469
-1.57837 -1.16469
-1.57816 -1.16433
-1.57816 -1.16433
-1.58163 -1.16524
-1.58163 -1.16524
-1.58031 -1.163
-1.58031 -1.163
-1.58863 -1.1619
-1.58863 -1.1619
-1.57885 -1.16692
-1.57885 -1.16692
-1.59014 -1.16771
-1.59014 -1.16771
-1.58958 -1.16501
-1.58958 -1.16501
-1.58657 -1.1657
-1.58657 -1.1657
-1.58885 -1.16599
-1.58885 -1.16599
-1.59156 -1.16719
-1.59156 -1.16719
-1.58862 -1.16831
-1.58862 -1.16831
-1.59127 -1.1665
-1.59127 -1.1665
-1.5943 -1.16624
-1.5943 -1.16624
-1.59223 -1.16674
-1.59223 -1.16674
-1.59364 -1.16712
-1.59364 -1.16712
-1.59279 -1.16773
-1.59279 -1.16773
-1.59437 -1.16641
-1.59437 -1.16641
-1.59516 -1.16518
-1.59523 -1.16468
-1.59636 -1.1644
-1.59656 -1.16291
-1.59551 -1.16304
-1.59577 -1.16106
-1.59235 -1.15965
-1.59261 -1.15767
-1.59642 -1.15643
-1.59668 -1.15445
-1.5974 -1.15112
-1.59764 -1.14914
-1.59647 -1.14663
-1.59667 -1.14464
-1.59935 -1.14324
-1.59952 -1.14125
-1.60125 -1.13947
-1.60137 -1.13747
-1.59974 -1.13504
-1.59982 -1.13304
-1.60229 -1.1327
-1.60236 -1.1307
-1.60429 -1.12702
-1.60434 -1.12502
-1.60078 -1.12542
-1.60083 -1.12342
-1.59983 -1.12287
-1.6 -1.11688
-1.60143 -1.11473
-1.60175 -1.10624
-1.60488 -1.10516
-1.60509 -1.09966
-1.60251 -1.09982
-1.60278 -1.09333
-1.60304 -1.08573
-1.60338 -1.07824
-1.6041 -1.07158
-1.60449 -1.06309
-1.60527 -1.05622
-1.60564 -1.04722
-1.60675 -1.03925
-1.60713 -1.03026
-1.60658 -1.02392
-1.60693 -1.01493
-1.60622 -1.0039
-1.60662 -0.994904
-1.6086 -0.986573
-1.60903 -0.977583
-1.61016 -0.971175
-1.6106 -0.962186
-1.60975 -0.95442
-1.61022 -0.944431
-1.61629 -0.931057
-1.61675 -0.921068
-1.61174 -0.915619
-1.61218 -0.905628
-1.61096 -0.894086
-1.61149 -0.884099
-1.61115 -0.875928
-1.61167 -0.865941
-1.60954 -0.855987
-1.61003 -0.845999
-1.61383 -0.835681
-1.6143 -0.825692
-1.6153 -0.817059
-1.6158 -0.807072
-1.61296 -0.796461
-1.61348 -0.786474
-1.61351 -0.776156
-1.61405 -0.766171
-1.61701 -0.756715
-1.61752 -0.746728
-1.61651 -0.735983
-1.61704 -0.725996
-1.62242 -0.719381
-1.62282 -0.709389
-1.62119 -0.696833
-1.62146 -0.686836
-1.62078 -0.679031
-1.62086 -0.669032
-1.62072 -0.646795
-1.62056 -0.636796
-1.62415 -0.628519
-1.62396 -0.618521
-1.6193 -0.607308
-1.61908 -0.59731
-1.62211 -0.587634
-1.62191 -0.577636
-1.62151 -0.566838
-1.62133 -0.556839
-1.61936 -0.549062
-1.61918 -0.539064
-1.6176 -0.529523
-1.61738 -0.519526
-1.61633 -0.503632
-1.61608 -0.493635
-1.62242 -0.48758
-1.6222 -0.477582
-1.62072 -0.468907
-1.6205 -0.45891
-1.61856 -0.449192
-1.61835 -0.439194
-1.61676 -0.429634
-1.61651 -0.419637
-1.61852 -0.407782
-1.61824 -0.397786
-1.61696 -0.391246
-1.61667 -0.38025
-1.61769 -0.369913
-1.61739 -0.358917
-1.6162 -0.349261
-1.61593 -0.338265
-1.61981 -0.324352
-1.61949 -0.313357
-1.61581 -0.306291
-1.61548 -0.295296
-1.61812 -0.282116
-1.61779 -0.271121
-1.61632 -0.259587
-1.61599 -0.248592
-1.61764 -0.236941
-1.61731 -0.225946
-1.6155 -0.216719
-1.61512 -0.205726
-1.61577 -0.195
-1.6154 -0.184007
-1.61288 -0.176325
-1.6125 -0.165331
-1.61432 -0.150865
-1.61397 -0.139871
-1.61386 -0.129174
-1.61344 -0.118182
-1.61792 -0.110331
-1.61747 -0.0993398
-1.6089 -0.0891678
-1.60846 -0.0781766
-1.61566 -0.0665947
-1.61523 -0.0556032
-1.60808 -0.045176
-1.60764 -0.0341848
-1.60862 -0.0226751
-1.60814 -0.0116852
-1.60733 -0.00293408
-1.60683 0.0080544
-1.60685 0.0167532
-1.60637 0.0277426
-1.60516 0.0395488
-1.60468 0.0505385
-1.60581 0.0595825
-1.60533 0.0705722
-1.60262 0.0847312
-1.6021 0.0957188
-1.60519 0.105872
-1.60464 0.116858
-1.59847 0.127989
-1.59792 0.138976
-1.59784 0.145336
-1.59732 0.156324
-1.59791 0.167321
-1.59736 0.178307
-1.59546 0.1896
-1.59484 0.200583
-1.59729 0.210754
-1.5967 0.221738
-1.59342 0.236765
-1.59284 0.24775
-1.59425 0.257725
-1.59364 0.268708
-1.59193 0.279078
-1.59131 0.29006
-1.59236 0.302438
-1.5917 0.313419
-1.58877 0.322061
-1.58809 0.33304
-1.58595 0.342853
-1.58531 0.353834
-1.58698 0.36413
-1.58633 0.375111
-1.58571 0.387322
-1.58501 0.398299
-1.5817 0.408737
-1.58099 0.419714
-1.5785 0.432313
-1.57781 0.44329
-1.58139 0.45724
-1.58068 0.468216
-1.57829 0.47945
-1.57758 0.490427
-1.57972 0.49624
-1.57895 0.507213
-1.57904 0.519372
-1.57825 0.530344
-1.57355 0.537059
-1.57279 0.548033
-1.57455 0.560874
-1.5738 0.571849
-1.57029 0.581009
-1.5695 0.59198
-1.57171 0.607169
-1.57087 0.618136
-1.56966 0.62851
-1.56881 0.639477
-1.57032 0.649389
-1.56951 0.660359
-1.56687 0.670875
-1.56605 0.681844
-1.56415 0.689832
-1.56326 0.700796
-1.56234 0.710543
-1.56147 0.721508
-1.56264 0.731977
-1.56176 0.742941
-1.5621 0.754325
-1.56122 0.765289
-1.55663 0.777431
-1.55575 0.788396
-1.55342 0.796214
-1.55251 0.807176
-1.55379 0.819627
-1.55286 0.830587
-1.55627 0.832453
-1.55524 0.843404
-1.55086 0.852208
-1.54974 0.863151
-1.54953 0.873735
-1.54816 0.884649
-1.54499 0.892311
-1.54152 0.914034
-1.54236 0.915533
-1.54037 0.926352
-1.54177 0.937921
-1.5393 0.948641
-1.53815 0.959108
-1.53516 0.969695
-1.53248 0.980241
-1.52886 0.990627
-1.52871 1.00215
-1.52441 1.01227
-1.52067 1.02425
-1.51577 1.03409
-1.50618 1.05187
-1.50042 1.06125
-1.49507 1.07228
-1.48874 1.08127
-1.48984 1.08628
-1.48323 1.09507
-1.47093 1.10997
-1.46359 1.11817
-1.4587 1.12568
-1.45085 1.13339
-1.43848 1.14364
-1.43014 1.15083
-1.42406 1.15751
-1.41534 1.16421
-1.41063 1.17223
-1.40152 1.1784
-1.39416 1.18644
-1.38469 1.19204
-1.37298 1.19948
-1.36319 1.2045
-1.35548 1.21044
-1.34542 1.21488
-1.33548 1.21973
-1.32516 1.22354
-1.3162 1.22984
-1.30567 1.23302
-1.308 1.23211
-1.29742 1.23513
-1.28942 1.24456
-1.27874 1.24721
-1.26848 1.24434
-1.25776 1.24681
-1.24492 1.25089
-1.23415 1.2531
-1.22368 1.25867
-1.21287 1.26068
-1.20272 1.25783
-1.19187 1.25965
-1.18263 1.26297
-1.17175 1.26457
-1.15921 1.2706
-1.1483 1.272
-1.13863 1.272
-1.12769 1.27314
-1.11667 1.27295
-1.10572 1.27392
-1.09454 1.27492
-1.08356 1.27566
-1.07433 1.27764
-1.06334 1.27814
-1.05229 1.27587
-1.04129 1.2762
-1.03119 1.27823
-1.02019 1.27835
-1.01134 1.2807
-1.00034 1.2806
-0.990349 1.287
-0.979354 1.28668
-0.968828 1.28145
-0.957841 1.28091
-0.945276 1.28439
-0.934301 1.28364
-0.923 1.28422
-0.912046 1.28321
-0.900738 1.28457
-0.889806 1.28336
-0.879788 1.27799
-0.868883 1.27655
-0.858045 1.27392
-0.847172 1.27225
-0.837002 1.27199
-0.815343 1.26813
-0.806433 1.26619
-0.795621 1.26416
-0.795968 1.26488
-0.785153 1.26287
-0.775463 1.26246
-0.753759 1.25887
-0.744378 1.25656
-0.73346 1.25522
-0.722178 1.25541
-0.711218 1.25447
-0.7005 1.24844
-0.689513 1.24789
-0.681694 1.24735
-0.670694 1.24723
-0.659182 1.24626
-0.648187 1.24659
-0.634675 1.24872
-0.623703 1.2495
-0.613511 1.24688
-0.60257 1.24802
-0.595215 1.25137
-0.584327 1.25293
-0.569725 1.25236
-0.558883 1.25422
-0.550606 1.251
-0.539805 1.25308
-0.532434 1.25918
-0.521678 1.26149
-0.508359 1.2649
-0.497642 1.26739
-0.485968 1.26588
-0.475312 1.26861
-0.468151 1.27173
-0.457559 1.2747
-0.44583 1.2771
-0.435295 1.28026
-0.424812 1.28371
-0.414338 1.28707
-0.403693 1.2877
-0.393288 1.29127
-0.385077 1.29599
-0.374768 1.29982
-0.367314 1.30346
-0.357088 1.30751
-0.341334 1.30942
-0.331182 1.31366
-0.320827 1.31577
-0.310759 1.3202
-0.313023 1.32098
-0.302966 1.32544
-0.293678 1.32876
-0.283675 1.33333
-0.273251 1.33648
-0.26324 1.34104
-0.255811 1.3503
-0.245799 1.35486
-0.237325 1.35679
-0.22731 1.36134
-0.216323 1.36364
-0.206311 1.3682
-0.196165 1.37124
-0.186164 1.37583
-0.176408 1.38432
-0.166376 1.38883
-0.15834 1.39097
-0.148225 1.39529
-0.135527 1.39788
-0.125321 1.40198
-0.115442 1.41063
-0.105167 1.41455
-0.0962504 1.41766
-0.0859083 1.42141
-0.0763597 1.42863
-0.0659431 1.43217
-0.0539141 1.43358
-0.0434277 1.4369
-0.0355598 1.44288
-0.0250059 1.44598
-0.0154792 1.44595
-0.0048755 1.44888
0.0088241 1.45029
0.0194808 1.45301
0.027635 1.45619
0.0383476 1.45869
0.0502155 1.46445
0.0609796 1.46672
0.071395 1.4645
0.0822017 1.46655
0.0921568 1.46963
0.102998 1.47149
0.110632 1.47487
0.121507 1.47652
0.134308 1.4812
0.145216 1.48261
0.155401 1.48189
0.166332 1.48311
0.175571 1.48447
0.197485 1.48641
0.198539 1.48513
0.209498 1.48607
0.221 1.49171
0.23196 1.49265
0.242442 1.49071
0.253403 1.49163
0.264332 1.49189
0.27529 1.49285
0.286709 1.49471
0.297668 1.49566
0.307543 1.49623
0.318499 1.49721
0.324713 1.49958
0.347128 1.50154
0.347893 1.4988
0.360347 1.49987
0.372949 1.50526
0.385892 1.50647
0.399208 1.50366
0.41215 1.50489
0.425565 1.50913
0.438507 1.51036
0.450962 1.50801
0.463904 1.50923
0.478029 1.50869
0.49097 1.50993
0.503326 1.51258
0.516265 1.51385
0.526937 1.51808
0.539877 1.51933
0.550157 1.51758
0.563096 1.51883
0.57287 1.52098
0.585808 1.52225
0.599003 1.52336
0.61194 1.52463
0.62537 1.52623
0.638307 1.52751
0.651459 1.52885
0.664395 1.53014
0.674722 1.53126
0.687658 1.53256
0.702438 1.53313
0.715374 1.53442
0.728605 1.53501
0.741538 1.53633
0.753385 1.538
0.766319 1.53931
0.778682 1.54296
0.791613 1.54429
0.802902 1.54678
0.815835 1.54809
0.82912 1.54812
0.84205 1.54946
0.853413 1.54814
0.866345 1.54947
0.881949 1.55222
0.907844 1.55455
0.918393 1.55406
0.931375 1.55476
0.940956 1.55667
0.953955 1.55685
0.969038 1.55739
0.982033 1.55704
0.995101 1.55768
1.00808 1.55688
1.01976 1.56129
1.03269 1.55994
1.04514 1.55444
1.05801 1.55257
1.0704 1.55652
1.08318 1.55415
1.09674 1.55326
1.1094 1.55035
1.12184 1.54342
1.13437 1.53999
1.14644 1.54031
1.15883 1.53636
1.17439 1.52848
1.18661 1.52405
1.19758 1.52301
1.2096 1.51805
1.22345 1.51427
1.23525 1.50881
1.24525 1.50144
1.25681 1.49551
1.25816 1.50012
1.26963 1.49398
1.27837 1.48611
1.28958 1.47952
1.30167 1.47841
1.31257 1.47132
1.32224 1.462
1.34332 1.44678
1.35544 1.44093
1.3656 1.43282
1.37739 1.42664
1.37739 1.42664
1.38494 1.41409
1.39458 1.40536
1.40773 1.39907
1.41699 1.38994
1.42809 1.38066
1.44565 1.36148
1.45584 1.35677
1.45584 1.35677
1.47021 1.33667
1.47021 1.33667
1.48673 1.31597
1.49419 1.30533
1.49937 1.30599
1.50649 1.29512
1.51344 1.28762
1.51991 1.27634
1.53003 1.26472
1.53583 1.25308
1.54171 1.24147
1.54679 1.2295
1.5494 1.21843
1.55373 1.20617
1.56181 1.19248
1.56541 1.17999
1.5722 1.16839
1.57505 1.1557
1.57601 1.14446
1.57811 1.13163
1.58299 1.11927
1.58433 1.10634
1.58625 1.09378
1.58681 1.08079
1.58917 1.06858
1.58894 1.05558
1.59231 1.04301
1.59135 1.03005
1.59076 1.01449
1.5891 1.00159
1.58586 0.98933
1.58365 0.976519
1.58339 0.968079
1.57805 0.942634
1.5812 0.939786
1.57846 0.927078
1.57406 0.917037
1.57134 0.904324
1.57151 0.890605
1.56877 0.877896
1.56465 0.865092
1.56181 0.852405
1.55692 0.840942
1.55414 0.828242
1.54974 0.815536
1.54698 0.802832
1.54602 0.793884
1.54324 0.781185
1.5384 0.767055
1.53558 0.754366
1.53544 0.742103
1.5326 0.729416
1.52852 0.716145
1.52571 0.703452
1.52417 0.693263
1.52133 0.680576
1.51845 0.667143
1.51558 0.654465
1.51463 0.642173
1.51176 0.629495
1.50612 0.616577
1.50324 0.603901
1.50454 0.59219
1.50165 0.579515
1.49651 0.566429
1.49358 0.553763
1.48966 0.540929
1.48673 0.528263
1.48497 0.514501
1.48204 0.501835
1.47868 0.494083
1.47575 0.481418
1.47234 0.470277
1.46936 0.457622
1.46697 0.44591
1.46401 0.433253
1.46312 0.416773
1.46014 0.404121
1.45496 0.394484
1.45197 0.381832
1.45424 0.368066
1.45121 0.355424
1.44401 0.342623
1.44098 0.32998
1.43865 0.31839
1.43564 0.305742
1.43422 0.2936
1.43117 0.280962
1.42707 0.269149
1.42399 0.256521
1.42114 0.243136
1.41807 0.230505
1.41373 0.215495
1.41065 0.202864
1.40657 0.190571
1.40349 0.177941
1.40128 0.168882
1.39814 0.156265
1.40006 0.141182
1.39694 0.128562
1.39114 0.119332
1.38802 0.106713
1.38891 0.0938968
1.38578 0.0812805
1.37914 0.0692526
1.37599 0.0566413
1.37683 0.044151
1.37367 0.0315408
1.36601 0.0202705
1.36285 0.00765998
1.36088 -0.0022048
1.35774 -0.0148203
1.35663 -0.0311309
1.35342 -0.0437301
1.35038 -0.0542832
1.34396 -0.0794794
1.33875 -0.0889863
1.3353 -0.101519
1.33296 -0.104556
1.32927 -0.117022
1.33413 -0.129212
1.32992 -0.14151
1.31827 -0.152923
1.31357 -0.165044
1.31178 -0.180633
1.30661 -0.192561
1.30195 -0.202044
1.29632 -0.213761
1.29397 -0.226046
1.28783 -0.237505
1.27989 -0.248491
1.27329 -0.259688
1.26958 -0.273425
1.26253 -0.284347
1.25724 -0.293439
1.24977 -0.304083
1.24587 -0.317386
1.23799 -0.327725
1.2348 -0.340535
1.22646 -0.350512
1.21377 -0.356317
1.20504 -0.365955
1.19649 -0.372734
1.17809 -0.391094
1.16919 -0.403652
1.15939 -0.412196
1.15189 -0.42069
1.14161 -0.428641
1.13285 -0.437244
1.1221 -0.444551
1.1136 -0.456577
1.10244 -0.463235
1.09116 -0.471672
1.07962 -0.47765
1.06791 -0.481378
1.05602 -0.486643
1.04322 -0.493975
1.03104 -0.498535
1.01961 -0.503444
1.00718 -0.507254
0.99568 -0.51789
0.983047 -0.520956
0.973407 -0.519749
0.960616 -0.52207
0.952013 -0.527375
0.939106 -0.528929
0.922367 -0.535001
0.909391 -0.535793
0.895324 -0.534011
0.882324 -0.533986
0.873369 -0.535954
0.860391 -0.535183
0.846094 -0.538374
0.833185 -0.53684
0.820676 -0.536029
0.820676 -0.536029
0.805881 -0.536411
0.79316 -0.53373
0.779869 -0.530662
0.754909 -0.523391
0.755302 -0.525148
0.730827 -0.516383
0.728607 -0.518921
0.716582 -0.513981
0.708634 -0.511055
0.6969 -0.505458
0.681047 -0.501916
0.65856 -0.48887
0.661074 -0.487456
0.639164 -0.473459
0.623109 -0.465696
0.6123 -0.458474
0.602867 -0.45436
0.592074 -0.447114
0.582618 -0.441167
0.571845 -0.433892
0.561764 -0.424461
0.551006 -0.417164
0.540376 -0.413208
0.529604 -0.40593
0.519647 -0.398578
0.508869 -0.391311
0.498784 -0.384065
0.488018 -0.376778
0.480452 -0.370527
0.469703 -0.363215
0.456079 -0.355638
0.445311 -0.348354
0.433438 -0.346185
0.422661 -0.338915
0.415196 -0.326652
0.404454 -0.31933
0.393013 -0.311034
0.382269 -0.303715
0.379659 -0.297076
0.368911 -0.289762
0.354525 -0.284553
0.343785 -0.277229
0.330813 -0.270353
0.32008 -0.263017
0.311956 -0.253547
0.301245 -0.24618
0.291228 -0.238717
0.28051 -0.23136
0.268393 -0.223254
0.257659 -0.21592
0.247738 -0.215099
0.237019 -0.207743
0.228188 -0.202161
0.217476 -0.194795
0.20594 -0.183065
0.195228 -0.175699
0.181673 -0.172651
0.170962 -0.165283
0.162343 -0.155954
0.151646 -0.148566
0.145486 -0.140318
0.134801 -0.132913
0.118996 -0.12393
0.108312 -0.116524
0.0994321 -0.108509
0.0887392 -0.101115
0.0761345 -0.0958665
0.0654699 -0.0884324
0.0633947 -0.0816315
0.0527353 -0.07419
0.0392979 -0.0721926
0.0286213 -0.0647757
0.0183943 -0.0541617
0.00771079 -0.0467548
-0.00399322 -0.0402246
-0.00399322 -0.0402246
-0.0133282 -0.0322848
-0.0133282 -0.0322848
-0.0213673 -0.0325464
-0.0213673 -0.0325464
-0.0220894 -0.0305658
-0.0220894 -0.0305658
-0.0235326 -0.0309349
-0.0235326 -0.0309349
-0.0253774 -0.0271761
-0.0253774 -0.0271761
-0.0226986 -0.029124
-0.0226986 -0.029124
-0.0235721 -0.0262575
-0.0235721 -0.0262575
-0.0237818 -0.0270683
-0.0237818 -0.0270683
-0.0234391 -0.026825
-0.0234391 -0.026825
-0.0238152 -0.0265777
-0.0238152 -0.0265777
-0.0291981 -0.0276138
-0.0291981 -0.0276138
-0.0261679 -0.0275889
-0.0261679 -0.0275889
-0.0256448 -0.0240224
-0.0256448 -0.0240224
-0.0247432 -0.0252162
-0.0247432 -0.0252162
-0.0241093 -0.024718
-0.0241093 -0.024718
-0.0227844 -0.0290733
-0.0227844 -0.0290733
-0.0276216 -0.0269743
-0.0276216 -0.0269743
-0.0252047 -0.0311058
-0.0252047 -0.0311058
-0.0252047 -0.0311058
-0.0252047 -0.0311058
-0.0252047 -0.0311058
-0.0252047 -0.0311058
-0.0252047 -0.0311058
-0.0252047 -0.0311058
-0.0252047 -0.0311058
-0.0252047 -0.0311058
-0.0252047 -0.0311058
-0.0252047 -0.0311058
-0.0252047 -0.0311058
-0.0252047 -0.0311058
-0.0252047 -0.0311058
-0.0252047 -0.0311058
-0.0252047 -0.0311058
-0.0252047 -0.0311058
-0.0252047 -0.0311058
-0.0252047 -0.0311058
-0.0252047 -0.0311058
