0
0
0
0
0.000764238
0.000774867
0.000785427
0.00256811
0.00257852
0.0055955
0.00558864
0.000841118
0.00084793
0.00478133
0.00479466
0.00175018
0.00176337
0.000676621
0.000689654
0.00380703
0.00380574
0.000673748
0.00135725
0.0047631
0.00202282
0.000927128
0.00288946
0.000508069
0.00343977
0.00149833
0.00242836
0.00252578
0.000245077
0.00317822
0.000812132
0.00353163
0.00753267
0.000299105
0.00429907
0.00212675
0.00648735
0.00161104
0.00666862
0.00101857
0.00238839
0.00707659
0.0121065
0.00797596
0.0111231
0.00724994
0.0105557
0.00667391
0.0116107
0.00955913
0.0145153
0.0108489
0.01583
0.0108335
0.0141892
0.00719446
0.0122253
0.00792135
0.0129754
0.0156449
0.0207118
0.0139765
0.0190233
0.01275
0.0177056
0.0102689
0.0166121
0.01195
0.0168831
0.0154781
0.018794
0.0118954
0.0168663
0.0117268
0.0167229
0.0129203
0.0195965
0.0253588
0.0304057
0.0239464
0.0290124
0.0189183
0.0256413
0.0210211
0.027691
0.0216837
0.026407
0.0216116
0.0281723
0.0167526
0.0233238
0.0196359
0.024652
0.019255
0.0226799
0.0210771
0.0245398
0.0239085
0.029084
0.0262719
0.0331232
0.0333578
0.0367072
0.0304231
0.0354442
0.0301061
0.0350759
0.0336669
0.0386307
0.0384943
0.0451161
0.0312769
0.035918
0.0330365
0.0383647
0.0377848
0.0408051
0.0402517
0.0432288
0.0356891
0.039976
0.0365889
0.0395248
0.0376567
0.042106
0.0426582
0.0472453
0.037157
0.0416388
0.0391073
0.043662
0.0368311
0.0413301
0.0364873
0.0394555
0.0389025
0.041649
0.0433339
0.0496389
0.0392728
0.0426788
0.0395768
0.0437916
0.0441568
0.0484757
0.0445137
0.0488615
0.0404155
0.0468524
0.0445143
0.0531668
0.0464578
0.0507391
0.0516945
0.0560403
0.0438998
0.0503141
0.0438468
0.0502796
0.0464595
0.050818
0.0411209
0.0475467
0.0428245
0.0471492
0.0381316
0.0462219
0.0423222
0.0487108
0.0426341
0.0489336
0.0403946
0.0467032
0.0486806
0.0530496
0.0447278
0.0512175
0.0438088
0.0481394
0.0385837
0.0427799
0.0423246
0.0486495
0.0383668
0.0424493
0.0413429
0.0476525
0.0426907
0.0469393
0.0405053
0.0468449
0.039547
0.0458838
0.0403599
0.0446024
0.045666
0.0518333
0.0422394
0.0507077
0.0369299
0.0450623
0.0383292
0.0445208
0.040157
0.046448
0.0380525
0.0442963
0.0401472
0.0443717
0.036339
0.0423229
0.0369597
0.0430893
0.0355372
0.0414286
0.037218
0.0412847
0.0375398
0.0457708
0.0313358
0.0371476
0.0385985
0.0448558
0.0489398
0.0554809
0.0451911
0.0515078
0.0430385
0.0513609
0.0376739
0.0437669
0.0402858
0.0465056
0.0419057
0.0467231
0.0443791
0.051725
0.0391214
0.0462668
0.0415737
0.0463211
0.0389644
0.0482839
0.039546
0.0489969
0.0428322
0.0500551
0.039331
0.0488661
0.0478687
0.0528499
0.0433099
0.052722
0.0411409
0.0480781
0.0420914
0.0489918
0.0449529
0.0519477
0.039204
0.0457464
0.0439004
0.0484185
0.0399819
0.04638
0.0379807
0.045988
0.0395053
0.0454092
0.0446475
0.0488524
0.0450807
0.051398
0.0460399
0.0523467
0.0430595
0.0489153
0.0396867
0.0446915
0.0446665
0.0504034
0.0438565
0.0473617
0.0420579
0.0453021
0.0432037
0.0482557
0.0474297
0.0530074
0.0448606
0.0480221
0.0450027
0.0516217
0.0494049
0.0529666
0.046543
0.0512243
0.0474071
0.052181
0.0458451
0.0500407
0.0505115
0.0553396
0.0468919
0.0525069
0.047212
0.0527012
0.0496646
0.0557271
0.0472755
0.0506435
0.0488446
0.0525721
0.0487851
0.052156
0.0502726
0.0527085
0.0495519
0.0516801
0.0486909
0.0503757
0.0490429
0.0506786
0.048866
0.0501806
0.0506195
0.0524046
0.0505428
0.053198
0.0543685
0.0595817
0.0516677
0.0536328
0.0519271
0.0527204
0.0523512
0.0532761
0.0531527
0.0547407
0.0534812
0.0538889
0.0537744
0.0551437
0.0548572
0.0544659
0.0546467
0.0546983
0.0548368
0.0552423
0.0551973
0.0554993
0.0568402
0.0558506
0.0558345
0.0552202
0.0584647
0.0563911
0.0582387
0.0560448
0.0581941
0.0558505
0.0589159
0.0561697
0.0589715
0.0553088
0.0596677
0.0563729
0.0576134
0.054708
0.0597969
0.0561826
0.0602711
0.0553775
0.0567176
0.0524618
0.061927
0.0559874
0.0612907
0.0580781
0.0606474
0.0545444
0.0613154
0.0547475
0.0665402
0.0589347
0.0635308
0.0596157
0.0627085
0.0569076
0.0633445
0.0555414
0.0628624
0.0586704
0.0636092
0.0571942
0.0615188
0.0529706
0.0598884
0.0554202
0.0626413
0.057984
0.0581369
0.0535779
0.0666062
0.0570794
0.0680058
0.0606065
0.06257
0.055153
0.0571095
0.0521181
0.0582996
0.053436
0.065435
0.0577083
0.0601159
0.0523159
0.0640412
0.0561026
0.0592616
0.0513352
0.0687354
0.0634784
0.0612146
0.0560105
0.0688722
0.0636355
0.0617931
0.0539837
0.0641321
0.056271
0.0652001
0.0573146
0.0642837
0.0567416
0.0653901
0.0550135
0.0629958
0.0526575
0.0626932
0.054879
0.0628329
0.0519308
0.0626394
0.0563723
0.0654194
0.0589118
0.0601485
0.0536312
0.0641773
0.0544187
0.062062
0.0522745
0.058138
0.0451285
0.0626711
0.0561572
0.0631161
0.0533529
0.0581053
0.0483899
0.0624823
0.0494837
0.0562171
0.0496486
0.0546431
0.0480965
0.0655008
0.0526123
0.0670809
0.0540872
0.0638154
0.050806
0.060182
0.0503631
0.0593467
0.0495178
0.0629288
0.050159
0.0540859
0.0412265
0.0541639
0.0444471
0.0611423
0.048098
0.0599006
0.0532965
0.0634003
0.0506498
0.0574058
0.0476771
0.0544516
0.0447292
0.058977
0.0491681
0.0543832
0.0478018
0.0547995
0.0452999
0.0638283
0.0508447
0.0588001
0.0490386
0.0612519
0.0481973
0.0612872
0.0546703
0.0557326
0.0460442
0.0533261
0.0436131
0.0545032
0.0479737
0.058681
0.0456646
0.0570041
0.0471667
0.0539869
0.0409884
0.0582644
0.045371
0.0452796
0.0356588
0.0491268
0.0362397
0.0459276
0.0330509
0.0503887
0.0438185
0.054028
0.0443734
0.0477611
0.0412741
0.0442438
0.0377698
0.0511034
0.0445412
0.0479791
0.0382133
0.0470605
0.0375883
0.0511376
0.0414267
0.0467336
0.0370562
0.0441398
0.034522
0.0466863
0.0370608
0.0460077
0.0397309
0.049006
0.0363628
0.0456928
0.0332441
0.0483004
0.0357443
0.0399522
0.030661
0.0478288
0.0353979
0.0465835
0.0370789
0.0420962
0.0297662
0.0368111
0.0306316
0.0402207
0.03393
0.0374745
0.0285413
0.0385375
0.0292938
0.0444587
0.0350382
0.0433858
0.0370504
0.0429284
0.0365759
0.0373728
0.0312468
0.0370408
0.0278581
0.0414293
0.0321012
0.0370873
0.0279269
0.0379075
0.0286692
0.0345545
0.0285017
0.03645
0.0244403
0.0363403
0.0272238
0.0304381
0.0217637
0.0345985
0.0255411
0.0349792
0.0259015
0.0402774
0.0340194
0.0367882
0.0305836
0.0363707
0.0272366
0.034754
0.0256827
0.0410574
0.0316639
0.0399423
0.0278625
0.0440124
0.0314877
0.0402253
0.0279322
0.0355112
0.0293322
0.036731
0.0275144
0.0412619
0.0291026
0.0393281
0.0330328
0.038187
0.0319459
0.040274
0.0339684
0.0381656
0.0318854
0.0360752
0.0271096
0.0388719
0.0295471
0.034674
0.0255963
0.0346789
0.0285189
0.0303292
0.0243381
0.0293008
0.0207413
0.0264915
0.0182012
0.029677
0.0210061
0.035949
0.0297517
0.0351722
0.0289742
0.0327903
0.0238128
0.0365337
0.027317
0.0344592
0.0253803
0.0304634
0.0216884
0.0365584
0.0273214
0.0410974
0.0286348
0.0381267
0.0260536
0.0316886
0.0200545
0.0302231
0.0188028
0.0335268
0.0243528
0.0357494
0.0263672
0.035068
0.0288933
0.03367
0.0273737
0.0288965
0.0227365
0.0313
0.01908
0.0347973
0.0252233
0.0245232
0.0131139
0.0279819
0.0218158
0.0270771
0.0208297
0.0306826
0.0210799
0.0329473
0.0231337
0.0279018
0.0151525
0.0321807
0.0223639
0.039825
0.0300206
0.032287
0.0222752
0.0310531
0.0209744
0.0358515
0.0294755
0.0211629
0.0177509
0.0198432
0.0177433
0.0152344
0.014277
0.0193838
0.019385
0.0169582
0.0169593
0.0172567
0.0172577
0.0200602
0.0200612
0.0194835
0.0194844
0.00974285
0.00974322
0.0146197
0.0147613
0.0128536
0.0131283
0.0149802
0.0148192
0.0206828
0.0205361
0.0144951
0.0143578
0.0167567
0.016668
0.0139305
0.0138032
0.0147159
0.0145901
0.0194215
0.0193357
0.0156264
0.0155023
0.0173632
0.0172367
0.0170385
0.0169536
0.0140034
0.0139233
0.0179019
0.0178127
0.0142084
0.0141251
0.0184546
0.0184384
0.0162435
0.0162526
0.0166891
0.0167028
0.0185096
0.018524
0.0198391
0.0198587
0.0200465
0.0196497
0.0190469
0.0179304
0.0173625
0.0152165
0.0205647
0.0188161
0.0211465
0.0187797
0.0202141
0.0189888
0.0250325
0.023742
0.018816
0.0176491
0.0176218
0.0159842
0.020897
0.0191492
0.0242756
0.0224975
0.0169755
0.0154979
0.018631
0.0168307
0.0202157
0.0167252
0.0194779
0.0158498
0.0209569
0.0162502
0.0228993
0.015557
0.0221266
0.0140006
0.0200889
0.0133873
0.0238841
0.0163345
0.0244961
0.0170057
0.0260294
0.0182181
0.0214076
0.0143199
0.0204028
0.0155882
0.0210049
0.015861
0.024361
0.0159656
0.0220352
0.0142614
0.0250648
0.0192133
0.0224435
0.0124292
0.0238615
0.0181022
0.0225766
0.0145227
0.0214219
0.0160934
0.0255013
0.0169268
0.020387
0.012907
0.0248006
0.0163136
0.0220235
0.0164476
0.0216659
0.0140135
0.0306101
0.0214646
0.0230147
0.0173667
0.0228332
0.0148875
0.0267806
0.0181708
0.0247205
0.0164629
0.0258796
0.0174293
0.0260449
0.0175378
0.022088
0.0166863
0.0172973
0.0112033
0.0254773
0.0170718
0.0223019
0.0168601
0.0251726
0.0145014
0.0265635
0.0155979
0.0187884
0.0122941
0.0213411
0.0138515
0.0191038
0.0124139
0.025957
0.016715
0.0162686
0.0112075
0.0182871
0.0132316
0.0243098
0.0153912
0.0232871
0.0146293
0.0188244
0.0118902
0.0248038
0.0135777
0.0168842
0.0123585
0.0230404
0.0169929
0.0216429
0.0158017
0.0202073
0.0125857
0.02136
0.0117671
0.0249651
0.0135417
0.0232266
0.0125544
0.019863
0.0143649
0.0280689
0.0214969
0.0297561
0.0172032
0.0285765
0.0161519
0.0207871
0.0129569
0.0260401
0.0167732
0.0265829
0.0173097
0.0282724
0.018682
0.0240203
0.0152125
0.0200632
0.0125501
0.0268333
0.0174383
0.025576
0.0165934
0.0241491
0.01529
0.0261157
0.0197414
0.0292184
0.0226006
0.0290001
0.0193153
0.0280563
0.0186058
0.0284093
0.0160529
0.0304826
0.0206893
0.0308584
0.0209948
0.0315299
0.0186929
0.024952
0.015932
0.0200899
0.0146051
0.0288749
0.0192566
0.020767
0.0151061
0.0250568
0.0189153
0.0269498
0.0175799
0.0301658
0.01752
0.0304779
0.0177655
0.0293999
0.0196905
0.0254821
0.0165276
0.0304769
0.0206689
0.0257531
0.0166233
0.0295953
0.0198866
0.023596
0.0149003
0.0231159
0.017107
0.0293541
0.0227248
0.0246301
0.0157165
0.028228
0.0216731
0.0245715
0.0157154
0.0227014
0.0142642
0.0283712
0.0160766
0.0259747
0.0143189
0.0289637
0.0164349
0.0244102
0.0135615
0.0189717
0.0123209
0.0223599
0.0164757
0.0246993
0.0158197
0.0196698
0.0144427
0.0168293
0.0120963
0.0176598
0.011964
0.0192185
0.0123175
0.0159976
0.0115843
0.0205092
0.0114811
0.0144046
0.011339
0.0148939
0.0107923
0.0118918
0.0137796
0.0131441
0.00980769
0.0129133
0.00964341
0.0123492
0.0093687
0.00921276
0.00936459
0.00884619
0.0103823
0.00706118
0.0134231
0.00621309
0.0138781
0.00799101
0.0146882
0.00939474
0.0163726
0.00379554
0.0131459
0.00338482
0.0163154
0.00320171
0.016698
0.00611648
0.0168547
0.0056726
0.0165264
0.00502813
0.0196176
0.00811859
0.0191957
0.00623305
0.0136468
0.0111742
0.0184659
0.00158869
0.00899134
0.00368156
0.014778
0.00715916
0.014598
0.0154909
0.0226979
0.0106774
0.0180049
0.00882375
0.0197447
0.00837811
0.0192521
0.0145206
0.0218364
0.00618869
0.0163438
0.00622727
0.0162253
0.0046354
0.0147655
0.00497518
0.0112711
0.00584833
0.00693677
0.00980922
0.0162451
0.0054492
0.0124171
0.00521623
0.0116003
0.00532706
0.0100335
0.00572688
0.0149333
0.00555645
0.0119733
0.003261
0.0123006
0.00432319
0.0111754
0.00238193
0.0122249
0.00169451
0.0100463
0.00638113
0.0135671
0.00649258
0.0137678
0.00203988
0.0165433
0.00853892
0.0194459
0.00387841
0.0146473
0.00955071
0.0203416
0.00507132
0.0156645
0.00408679
0.0143364
0.00487704
0.0108942
0.0077448
0.0147395
0.00599329
0.0160723
0.00418228
0.0128314
0.00449605
0.00722031
0.00459313
0.0110203
0.0075005
0.0209188
0.00515575
0.0165625
0.00497626
0.0116937
0.0077606
0.0142326
0.0056862
0.0181952
0.00635841
0.0123719
0.00531991
0.010459
0.00632552
0.0117389
0.00722601
0.017297
0.00428695
0.0119244
0.00404624
0.0111936
0.00417654
0.00997144
0.0038136
0.0132603
0.00315832
0.0159826
0.00575496
0.0162996
0.00674003
0.0211779
0.00417878
0.0149149
0.00516849
0.0124551
0.00725666
0.0146346
0.00209454
0.0127047
0.00212876
0.00907721
0.0039214
0.0150293
0.00122602
0.00865788
0.00219516
0.00513303
0.0024856
0.0134782
0.0015454
0.0160122
0.00274167
0.00847354
0.0070748
0.0180343
0.00317609
0.0139798
0.00217228
0.013036
0.00277335
0.0137243
0.00504805
0.0160445
0.00548548
0.0169068
0.00354851
0.0132757
0.000648124
0.0132255
0.00511892
0.0122902
0.00461021
0.0126699
0.00601021
0.0189438
0.00445397
0.0174398
0.00565078
0.0143754
0.00148395
0.0100565
0.00441832
0.0173445
0.000572991
0.0130224
0.00306693
0.0160729
0.0114804
0.0201049
0.00366594
0.0136164
0.000620411
0.0176169
0.00477727
0.0126195
0.00180527
0.015492
0.00929732
0.00796535
0.00218078
0.0109123
0.00410276
0.0171258
0.00108099
0.0119817
0.00126
0.0141333
0.00253844
0.0155413
0.00756976
0.0206697
0.00354724
0.0153943
0.00370629
0.0126368
0.00781986
0.0202202
0.00524963
0.0138893
0.00681437
0.0134761
0.00712862
0.0127896
0.00766268
0.0117681
0.00947081
0.0121048
0.00891731
0.0160647
0.0112272
0.0150915
0.0120183
0.0154637
0.0110488
0.017208
0.013409
0.0160685
0.012449
0.0186998
0.0130813
0.0227244
0.0160924
0.013784
0.0144301
0.0153846
0.0154459
0.0170813
0.0153095
0.017592
0.0161337
0.0174485
0.0168741
0.0229754
0.0174927
0.0216711
0.018409
0.0230226
0.0191158
0.0224403
0.0198807
0.023944
0.0214454
0.0218397
0.0214937
0.0237127
0.0236905
0.0226959
0.0240719
0.0233325
0.02731
0.0233059
0.0261059
0.0235701
0.0285698
0.0239694
0.0293887
0.0242537
0.0315172
0.0250227
0.0269944
0.0238148
0.029292
0.0240031
0.03426
0.0265411
0.0351638
0.0271829
0.0324024
0.0252643
0.0345919
0.0265639
0.0371423
0.0282818
0.0320843
0.0251671
0.0390485
0.0272858
0.0285994
0.0234856
0.0314719
0.0247788
0.0311267
0.0246832
0.0334181
0.024356
0.031377
0.0264219
0.0352036
0.0269392
0.0354696
0.0253114
0.0337453
0.0281412
0.0310608
0.0245885
0.0357267
0.0272795
0.0336969
0.0260718
0.0305751
0.0243544
0.0360135
0.0255177
0.0361353
0.0275538
0.0312393
0.0246872
0.0358353
0.0273518
0.0328989
0.0255207
0.033377
0.0257789
0.0277805
0.0235127
0.031148
0.0236566
0.0288268
0.0247939
0.0331954
0.0242411
0.03051
0.0243855
0.0339918
0.0261661
0.0288803
0.0237643
0.0336502
0.025948
0.0314765
0.0248373
0.0325136
0.0240224
0.0321825
0.0239298
0.0293483
0.0238993
0.0300124
0.0241933
0.0303894
0.024302
0.0285315
0.0236918
0.0259222
0.0235571
0.0305938
0.0244514
0.0325413
0.025355
0.0293842
0.023956
0.0271086
0.0238114
0.0263079
0.0237998
0.0262137
0.0238299
0.0305885
0.0238698
0.0280713
0.0239587
0.0305135
0.024665
0.0296212
0.0239357
0.0333227
0.0279602
0.0340223
0.0262391
0.0308229
0.0244831
0.034737
0.0266447
0.0311437
0.0243322
0.0306747
0.0230452
0.0302978
0.0253677
0.0333046
0.0252094
0.0302422
0.0222627
0.0272011
0.0231267
0.0287595
0.0239142
0.0340308
0.0251446
0.0380229
0.0278925
0.0392017
0.0286694
0.0296559
0.0235487
0.0336199
0.0236864
0.0340355
0.0239063
0.0267821
0.018748
0.0314628
0.0215747
0.0299385
0.020353
0.0211765
0.0169593
0.0205339
0.0168788
0.019437
0.0169163
0.0214954
0.0173277
0.0189105
0.0187854
0.0186312
0.0208355
0.0192197
0.0209555
0.0202257
0.0221775
0.0212632
0.0227197
0.0216413
0.0264164
0.0224691
0.0240908
0.0223337
0.0270245
0.0225664
0.0276159
0.0226169
0.0242979
0.0224863
0.0271933
0.022536
0.0302152
0.0224342
0.0243126
0.0224682
0.0263957
0.0228938
0.0239601
0.0225211
0.0270328
0.0236055
0.0301489
0.0225507
0.0260821
0.0225493
0.0288547
0.0231694
0.0254461
0.0232308
0.0254742
0.0226719
0.0293931
0.0228994
0.0280885
0.0228248
0.0305836
0.0231661
0.0263502
0.0235819
0.0272534
0.023054
0.0260526
0.0226686
0.0263317
0.0229382
0.0277571
0.0228244
0.026949
0.0238053
0.0276354
0.0227459
0.0262195
0.0231796
0.0284615
0.0235461
0.0269576
0.0228553
0.0258765
0.02284
0.0266418
0.0234833
0.02422
0.0234131
0.0259507
0.0280002
0.0288638
0.0288714
0.0288787
0.0295292
0.0295374
0.0267126
0.0267173
0.0264275
0.0264311
0.0268541
0.0268577
0.0298551
0.0298584
0.0311832
0.0311867
0.0307099
0.0307149
0.0293229
0.0293273
0.0293061
0.0293117
0.0263529
0.0263555
0.0294161
0.0294201
0.0271854
0.0271893
0.0285373
0.0285407
0.0262801
0.0262822
0.0301658
