0 0
0 0
0 0
0 0
0 0
0 0
0 0
0.00177401 -3.17077e-05
0.00177401 -3.17077e-05
-0.00640759 0.000114238
-0.00640759 0.000114238
3.94231e-06 9.22813e-08
3.94231e-06 9.22813e-08
0.00393262 -6.97132e-05
0.00393262 -6.97132e-05
0.000880875 -1.55958e-05
0.000880875 -1.55958e-05
-0.00021514 3.80203e-06
-0.00021514 3.80203e-06
0.00289268 -5.10937e-05
0.00289268 -5.10937e-05
-0.0015227 3.41931e-05
-0.0015227 3.41931e-05
0.00617008 -0.000149699
0.00617008 -0.000149699
0.00712887 -0.000172934
0.00712887 -0.000172934
0.0134194 -0.000324938
0.0134194 -0.000324938
0.0203225 -0.000491213
0.0203225 -0.000491213
0.0272509 -0.000658324
0.0272509 -0.000658324
0.0352995 -0.000853235
0.0352995 -0.000853235
0.036566 -0.000884074
0.036566 -0.000884074
0.0478312 -0.00116097
0.0478312 -0.00116097
0.0540356 -0.00131548
0.0540356 -0.00131548
0.0637859 -0.0015627
0.0637859 -0.0015627
0.0765255 -0.0018901
0.0765255 -0.0018901
0.0802189 -0.00198563
0.0802189 -0.00198563
0.08929 -0.00222555
0.08929 -0.00222555
0.0995559 -0.00253961
0.0995559 -0.00253961
0.108369 -0.00280857
0.108369 -0.00280857
0.115363 -0.00302159
0.115363 -0.00302159
0.123995 -0.00328477
0.123995 -0.00328477
0.135632 -0.00364129
0.135632 -0.00364129
0.147642 -0.00401242
0.147642 -0.00401242
0.156987 -0.00430465
0.156987 -0.00430465
0.15938 -0.00438039
0.15938 -0.00438039
0.171171 -0.00475636
0.171171 -0.00475636
0.182471 -0.00511939
0.182471 -0.00511939
0.193052 -0.00549891
0.193052 -0.00549891
0.202629 -0.00585689
0.202629 -0.00585689
0.2106 -0.00615431
0.2106 -0.00615431
0.222453 -0.00659653
0.222453 -0.00659653
0.232572 -0.00697516
0.232572 -0.00697516
0.239726 -0.00724443
0.239726 -0.00724443
0.238999 -0.00721682
0.238999 -0.00721682
0.252178 -0.00772256
0.252178 -0.00772256
0.265658 -0.00824381
0.265658 -0.00824381
0.27365 -0.00855391
0.27365 -0.00855391
0.284426 -0.00899298
0.284426 -0.00899298
0.292433 -0.00935227
0.292433 -0.00935227
0.307149 -0.0100118
0.307149 -0.0100118
0.314162 -0.0103494
0.314162 -0.0103494
0.324623 -0.0110798
0.324623 -0.0110798
0.333085 -0.0120001
0.333085 -0.0120001
0.340584 -0.0131248
0.340584 -0.0131248
0.348535 -0.0146497
0.348535 -0.0146497
0.353377 -0.0157799
0.353377 -0.0157799
0.364453 -0.0187947
0.364453 -0.0187947
0.374689 -0.0220084
0.374689 -0.0220084
0.380974 -0.024253
0.380974 -0.024253
0.38435 -0.0256105
0.38435 -0.0256105
0.402651 -0.0338455
0.402651 -0.0338455
0.408357 -0.0367951
0.408357 -0.0367951
0.41421 -0.0402074
0.41421 -0.0402074
0.420469 -0.0439733
0.420469 -0.0439733
0.431794 -0.0507355
0.431794 -0.0507355
0.440727 -0.0560606
0.440727 -0.0560606
0.446792 -0.0596695
0.446792 -0.0596695
0.450547 -0.0619004
0.450547 -0.0619004
0.464414 -0.0701249
0.464414 -0.0701249
0.471157 -0.0741193
0.471157 -0.0741193
0.482035 -0.0805619
0.482035 -0.0805619
0.491044 -0.0859057
0.491044 -0.0859057
0.49687 -0.0894502
0.49687 -0.0894502
0.500883 -0.0919143
0.500883 -0.0919143
0.513725 -0.0997181
0.513725 -0.0997181
0.524058 -0.10588
0.524058 -0.10588
0.531668 -0.11041
0.531668 -0.11041
0.543341 -0.117347
0.543341 -0.117347
0.559285 -0.126812
0.559285 -0.126812
0.567518 -0.131703
0.567518 -0.131703
0.579386 -0.138873
0.579386 -0.138873
0.586457 -0.143166
0.586457 -0.143166
0.603462 -0.153449
0.603462 -0.153449
0.615409 -0.16066
0.615409 -0.16066
0.626887 -0.167578
0.626887 -0.167578
0.641932 -0.176632
0.641932 -0.176632
0.654365 -0.184112
0.654365 -0.184112
0.666926 -0.191718
0.666926 -0.191718
0.676441 -0.197567
0.676441 -0.197567
0.687954 -0.204623
0.687954 -0.204623
0.701871 -0.21314
0.701871 -0.21314
0.707954 -0.216856
0.707954 -0.216856
0.721591 -0.225175
0.721591 -0.225175
0.734449 -0.233011
0.734449 -0.233011
0.751448 -0.243383
0.751448 -0.243383
0.759472 -0.248371
0.759472 -0.248371
0.77508 -0.258093
0.77508 -0.258093
0.783896 -0.263562
0.783896 -0.263562
0.794439 -0.27009
0.794439 -0.27009
0.808384 -0.27871
0.808384 -0.27871
0.821236 -0.286645
0.821236 -0.286645
0.834411 -0.29478
0.834411 -0.29478
0.839277 -0.297818
0.839277 -0.297818
0.852102 -0.305905
0.852102 -0.305905
0.868936 -0.31648
0.868936 -0.31648
0.881223 -0.324187
0.881223 -0.324187
0.891263 -0.330474
0.891263 -0.330474
0.905164 -0.339167
0.905164 -0.339167
0.915062 -0.345352
0.915062 -0.345352
0.930708 -0.355151
0.930708 -0.355151
0.941561 -0.362069
0.941561 -0.362069
0.954737 -0.370467
0.954737 -0.370467
0.966606 -0.37801
0.966606 -0.37801
0.974159 -0.3828
0.974159 -0.3828
0.994208 -0.395498
0.994208 -0.395498
0.998727 -0.398357
0.998727 -0.398357
1.0009 -0.399732
1.0009 -0.399732
1.01784 -0.41062
1.01784 -0.41062
1.0296 -0.418215
1.0296 -0.418215
1.04631 -0.428969
1.04631 -0.428969
1.05547 -0.434848
1.05547 -0.434848
1.06827 -0.443057
1.06827 -0.443057
1.0772 -0.448779
1.0772 -0.448779
1.09575 -0.460656
1.09575 -0.460656
1.10884 -0.469154
1.10884 -0.469154
1.12029 -0.476613
1.12029 -0.476613
1.13296 -0.484834
1.13296 -0.484834
1.14537 -0.492875
1.14537 -0.492875
1.16213 -0.503718
1.16213 -0.503718
1.16758 -0.507265
1.16758 -0.507265
1.18534 -0.519324
1.18534 -0.519324
1.20034 -0.530119
1.20034 -0.530119
1.21228 -0.539044
1.21228 -0.539044
1.22236 -0.546888
1.22236 -0.546888
1.24056 -0.561633
1.24056 -0.561633
1.25057 -0.570086
1.25057 -0.570086
1.2647 -0.582503
1.2647 -0.582503
1.27695 -0.593717
1.27695 -0.593717
1.28881 -0.605089
1.28881 -0.605089
1.29711 -0.613383
1.29711 -0.613383
1.30614 -0.622766
1.30614 -0.622766
1.31639 -0.633857
1.31639 -0.633857
1.33015 -0.649381
1.33015 -0.649381
1.34442 -0.666131
1.34442 -0.666131
1.34957 -0.672371
1.34957 -0.672371
1.36036 -0.686102
1.36036 -0.686102
1.37201 -0.701582
1.37201 -0.701582
1.38046 -0.713305
1.38046 -0.713305
1.38584 -0.721113
1.38584 -0.721113
1.39732 -0.738485
1.39732 -0.738485
1.40588 -0.751892
1.40588 -0.751892
1.41191 -0.761735
1.41191 -0.761735
1.4213 -0.77787
1.4213 -0.77787
1.42844 -0.790779
1.42844 -0.790779
1.43768 -0.80836
1.43768 -0.80836
1.44095 -0.814892
1.44095 -0.814892
1.44992 -0.833546
1.44992 -0.833546
1.45655 -0.848029
1.45655 -0.848029
1.46104 -0.858356
1.46104 -0.858356
1.47066 -0.881857
1.47066 -0.881857
1.47509 -0.893432
1.47509 -0.893432
1.48078 -0.909124
1.48078 -0.909124
1.48479 -0.920856
1.48479 -0.920856
1.49048 -0.938584
1.49048 -0.938584
1.49617 -0.957602
1.49617 -0.957602
1.50038 -0.972754
1.50038 -0.972754
1.50489 -0.990386
1.50489 -0.990386
1.50701 -0.999376
1.50701 -0.999376
1.51058 -1.01586
1.51058 -1.01586
1.51155 -1.02121
1.51155 -1.02121
1.5154 -1.04885
1.5154 -1.04885
1.51718 -1.06702
1.51718 -1.06702
1.51817 -1.08398
1.51817 -1.08398
1.5184 -1.09374
1.5184 -1.09374
1.51806 -1.11527
1.51806 -1.11527
1.51754 -1.12453
1.51754 -1.12453
1.5153 -1.14739
1.5153 -1.14739
1.51336 -1.16125
1.51336 -1.16125
1.51106 -1.17411
1.51106 -1.17411
1.50802 -1.18799
1.50802 -1.18799
1.50207 -1.21077
1.50207 -1.21077
1.49934 -1.21976
1.49934 -1.21976
1.49113 -1.24322
1.49113 -1.24322
1.48599 -1.25586
1.48599 -1.25586
1.47986 -1.26939
1.47986 -1.26939
1.47222 -1.28461
1.47222 -1.28461
1.46601 -1.29585
1.46601 -1.29585
1.45591 -1.31249
1.45591 -1.31249
1.44981 -1.32168
1.44981 -1.32168
1.43809 -1.33798
1.43809 -1.33798
1.42797 -1.35096
1.42797 -1.35096
1.42271 -1.35708
1.42271 -1.35708
1.40566 -1.37533
1.40566 -1.37533
1.39514 -1.38571
1.39514 -1.38571
1.38422 -1.39567
1.38422 -1.39567
1.3715 -1.40641
1.3715 -1.40641
1.35319 -1.4207
1.35319 -1.4207
1.34129 -1.42925
1.34129 -1.42925
1.33099 -1.43603
1.33099 -1.43603
1.31681 -1.44447
1.31681 -1.44447
1.30127 -1.45297
1.30127 -1.45297
1.28852 -1.4593
1.28852 -1.4593
1.27623 -1.46479
1.27623 -1.46479
1.26061 -1.47103
1.26061 -1.47103
1.24224 -1.47752
1.24224 -1.47752
1.23203 -1.48073
1.23203 -1.48073
1.20985 -1.48676
1.20985 -1.48676
1.19279 -1.49066
1.19279 -1.49066
1.18271 -1.49253
1.18271 -1.49253
1.16986 -1.49436
1.16986 -1.49436
1.1525 -1.49615
1.1525 -1.49615
1.13179 -1.49752
1.13179 -1.49752
1.11845 -1.49788
1.11845 -1.49788
1.1008 -1.49767
1.1008 -1.49767
1.08936 -1.4971
1.08936 -1.4971
1.06361 -1.49517
1.06361 -1.49517
1.05526 -1.4945
1.05526 -1.4945
1.03165 -1.49262
1.03165 -1.49262
1.02295 -1.49194
1.02295 -1.49194
1.00461 -1.49049
1.00461 -1.49049
0.987496 -1.48914
0.987496 -1.48914
0.972408 -1.48792
0.972408 -1.48792
0.958439 -1.48669
0.958439 -1.48669
0.945013 -1.48552
0.945013 -1.48552
0.924244 -1.48371
0.924244 -1.48371
0.91081 -1.48255
0.91081 -1.48255
0.893732 -1.48107
0.893732 -1.48107
0.871254 -1.4791
0.871254 -1.4791
0.857001 -1.47777
0.857001 -1.47777
0.833113 -1.47555
0.833113 -1.47555
0.815409 -1.47391
0.815409 -1.47391
0.79945 -1.47244
0.79945 -1.47244
0.771538 -1.46986
0.771538 -1.46986
0.754783 -1.46821
0.754783 -1.46821
0.740051 -1.46676
0.740051 -1.46676
0.719067 -1.46471
0.719067 -1.46471
0.698936 -1.46275
0.698936 -1.46275
0.680535 -1.46095
0.680535 -1.46095
0.656358 -1.45845
0.656358 -1.45845
0.635085 -1.45624
0.635085 -1.45624
0.618589 -1.45454
0.618589 -1.45454
0.599106 -1.45254
0.599106 -1.45254
0.579976 -1.45057
0.579976 -1.45057
0.559752 -1.44839
0.559752 -1.44839
0.549134 -1.44723
0.549134 -1.44723
0.526009 -1.44472
0.526009 -1.44472
0.502365 -1.44216
0.502365 -1.44216
0.477087 -1.43943
0.477087 -1.43943
0.460186 -1.43755
0.460186 -1.43755
0.443445 -1.43563
0.443445 -1.43563
0.426673 -1.43372
0.426673 -1.43372
0.402263 -1.43095
0.402263 -1.43095
0.383693 -1.42884
0.383693 -1.42884
0.363355 -1.42651
0.363355 -1.42651
0.337959 -1.42347
0.337959 -1.42347
0.323291 -1.42172
0.323291 -1.42172
0.301017 -1.41907
0.301017 -1.41907
0.281086 -1.4167
0.281086 -1.4167
0.266739 -1.41499
0.266739 -1.41499
0.249636 -1.41285
0.249636 -1.41285
0.22545 -1.40984
0.22545 -1.40984
0.207985 -1.40767
0.207985 -1.40767
0.186543 -1.40501
0.186543 -1.40501
0.172942 -1.40332
0.172942 -1.40332
0.148968 -1.4002
0.148968 -1.4002
0.135953 -1.39851
0.135953 -1.39851
0.115553 -1.39586
0.115553 -1.39586
0.0989682 -1.39372
0.0989682 -1.39372
0.0745184 -1.39056
0.0745184 -1.39056
0.0511799 -1.38741
0.0511799 -1.38741
0.0378962 -1.38561
0.0378962 -1.38561
0.0217472 -1.38343
0.0217472 -1.38343
-0.00501407 -1.37983
-0.00501407 -1.37983
-0.0217464 -1.37758
-0.0217464 -1.37758
-0.0406092 -1.37497
-0.0406092 -1.37497
-0.0642335 -1.37164
-0.0642335 -1.37164
-0.0794831 -1.3695
-0.0794831 -1.3695
-0.096627 -1.36716
-0.096627 -1.36716
-0.119065 -1.36452
-0.119065 -1.36452
-0.141325 -1.36228
-0.141325 -1.36228
-0.157555 -1.3609
-0.157555 -1.3609
-0.173948 -1.35985
-0.173948 -1.35985
-0.196492 -1.35888
-0.196492 -1.35888
-0.214283 -1.35822
-0.214283 -1.35822
-0.239099 -1.35718
-0.239099 -1.35718
-0.25758 -1.35635
-0.25758 -1.35635
-0.272828 -1.35567
-0.272828 -1.35567
-0.290446 -1.3549
-0.290446 -1.3549
-0.31407 -1.35388
-0.31407 -1.35388
-0.327845 -1.35325
-0.327845 -1.35325
-0.348635 -1.35221
-0.348635 -1.35221
-0.374794 -1.35089
-0.374794 -1.35089
-0.393579 -1.34996
-0.393579 -1.34996
-0.413073 -1.34901
-0.413073 -1.34901
-0.427235 -1.34831
-0.427235 -1.34831
-0.446513 -1.34724
-0.446513 -1.34724
-0.471101 -1.34586
-0.471101 -1.34586
-0.486404 -1.34502
-0.486404 -1.34502
-0.507226 -1.34388
-0.507226 -1.34388
-0.526967 -1.34281
-0.526967 -1.34281
-0.542065 -1.34189
-0.542065 -1.34189
-0.565163 -1.34046
-0.565163 -1.34046
-0.578675 -1.33964
-0.578675 -1.33964
-0.603114 -1.33816
-0.603114 -1.33816
-0.623527 -1.33694
-0.623527 -1.33694
-0.648802 -1.33527
-0.648802 -1.33527
-0.665026 -1.33418
-0.665026 -1.33418
-0.684467 -1.33288
-0.684467 -1.33288
-0.702651 -1.33168
-0.702651 -1.33168
-0.729311 -1.32993
-0.729311 -1.32993
-0.744746 -1.32885
-0.744746 -1.32885
-0.768668 -1.3271
-0.768668 -1.3271
-0.784619 -1.32594
-0.784619 -1.32594
-0.806092 -1.3244
-0.806092 -1.3244
-0.827369 -1.32289
-0.827369 -1.32289
-0.848758 -1.32131
-0.848758 -1.32131
-0.866387 -1.31993
-0.866387 -1.31993
-0.885084 -1.31846
-0.885084 -1.31846
-0.907146 -1.31675
-0.907146 -1.31675
-0.924875 -1.31539
-0.924875 -1.31539
-0.942642 -1.31401
-0.942642 -1.31401
-0.965183 -1.31212
-0.965183 -1.31212
-0.980645 -1.31082
-0.980645 -1.31082
-1.00379 -1.30889
-1.00379 -1.30889
-1.01904 -1.30763
-1.01904 -1.30763
-1.0346 -1.30635
-1.0346 -1.30635
-1.05435 -1.30459
-1.05435 -1.30459
-1.07449 -1.30278
-1.07449 -1.30278
-1.10106 -1.30042
-1.10106 -1.30042
-1.12013 -1.29874
-1.12013 -1.29874
-1.13756 -1.2972
-1.13756 -1.2972
-1.16113 -1.29498
-1.16113 -1.29498
-1.17882 -1.29329
-1.17882 -1.29329
-1.19436 -1.29182
-1.19436 -1.29182
-1.22074 -1.28934
-1.22074 -1.28934
-1.24216 -1.28734
-1.24216 -1.28734
-1.25886 -1.28569
-1.25886 -1.28569
-1.2717 -1.28439
-1.2717 -1.28439
-1.28996 -1.28256
-1.28996 -1.28256
-1.31656 -1.2795
-1.31656 -1.2795
-1.33883 -1.2765
-1.33883 -1.2765
-1.35801 -1.27349
-1.35801 -1.27349
-1.37594 -1.2702
-1.37594 -1.2702
-1.39054 -1.26723
-1.39054 -1.26723
-1.40931 -1.26302
-1.40931 -1.26302
-1.4356 -1.25658
-1.4356 -1.25658
-1.44465 -1.25417
-1.44465 -1.25417
-1.47031 -1.24664
-1.47031 -1.24664
-1.48836 -1.24094
-1.48836 -1.24094
-1.50772 -1.23422
-1.50772 -1.23422
-1.52872 -1.22597
-1.52872 -1.22597
-1.5395 -1.22122
-1.5395 -1.22122
-1.56459 -1.209
-1.56459 -1.209
-1.5889 -1.1958
-1.5889 -1.1958
-1.59955 -1.18942
-1.59955 -1.18942
-1.61549 -1.17897
-1.61549 -1.17897
-1.63596 -1.16435
-1.63596 -1.16435
-1.63596 -1.16435
-1.63596 -1.16435
-1.64109 -1.15877
-1.64109 -1.15877
-1.6413 -1.15852
-1.6413 -1.15852
-1.64463 -1.15449
-1.64463 -1.15449
-1.64308 -1.15637
-1.64308 -1.15637
-1.64327 -1.15614
-1.64327 -1.15614
-1.64506 -1.15397
-1.64506 -1.15397
-1.64469 -1.15442
-1.64469 -1.15442
-1.63844 -1.16197
-1.63844 -1.16197
-1.64157 -1.15818
-1.64157 -1.15818
-1.64019 -1.1599
-1.64019 -1.1599
-1.64128 -1.15845
-1.64128 -1.15845
-1.64474 -1.15346
-1.64474 -1.15346
-1.64151 -1.15853
-1.64151 -1.15853
-1.64285 -1.15623
-1.64285 -1.15623
-1.64157 -1.15864
-1.64157 -1.15864
-1.64205 -1.15764
-1.64205 -1.15764
-1.64415 -1.15282
-1.64415 -1.15282
-1.64277 -1.15636
-1.64277 -1.15636
-1.64348 -1.1543
-1.64348 -1.1543
-1.64346 -1.15437
-1.64346 -1.15437
-1.64265 -1.15754
-1.64265 -1.15754
-1.64368 -1.15273
-1.64368 -1.15273
-1.64297 -1.15685
-1.64297 -1.15685
-1.64375 -1.15144
-1.64375 -1.15144
-1.64338 -1.15403
-1.64338 -1.15403
-1.64345 -1.15353
-1.64345 -1.15353
-1.64375 -1.15143
-1.64375 -1.15143
-1.64396 -1.14995
-1.64396 -1.14995
-1.64402 -1.14947
-1.64402 -1.14947
-1.64417 -1.1484
-1.64417 -1.1484
-1.64426 -1.14775
-1.64426 -1.14775
-1.64548 -1.13886
-1.64548 -1.13886
-1.64601 -1.13491
-1.64601 -1.13491
-1.64638 -1.13189
-1.64638 -1.13189
-1.64736 -1.12232
-1.64736 -1.12232
-1.64713 -1.12514
-1.64713 -1.12514
-1.64729 -1.12234
-1.64729 -1.12234
-1.64761 -1.11409
-1.64761 -1.11409
-1.64786 -1.10611
-1.64786 -1.10611
-1.64771 -1.11078
-1.64771 -1.11078
-1.64791 -1.1047
-1.64791 -1.1047
-1.64819 -1.09798
-1.64819 -1.09798
-1.64847 -1.09181
-1.64847 -1.09181
-1.64903 -1.08022
-1.64903 -1.08022
-1.64964 -1.06805
-1.64964 -1.06805
-1.65029 -1.05498
-1.65029 -1.05498
-1.65104 -1.03865
-1.65104 -1.03865
-1.65203 -1.01632
-1.65203 -1.01632
-1.65285 -0.997626
-1.65285 -0.997626
-1.65379 -0.978342
-1.65379 -0.978342
-1.65442 -0.965584
-1.65442 -0.965584
-1.65528 -0.948771
-1.65528 -0.948771
-1.6562 -0.930098
-1.6562 -0.930098
-1.65732 -0.906816
-1.65732 -0.906816
-1.6582 -0.889573
-1.6582 -0.889573
-1.65942 -0.866453
-1.65942 -0.866453
-1.66034 -0.849426
-1.66034 -0.849426
-1.66167 -0.824566
-1.66167 -0.824566
-1.66263 -0.805997
-1.66263 -0.805997
-1.66361 -0.78743
-1.66361 -0.78743
-1.66479 -0.766436
-1.66479 -0.766436
-1.66561 -0.752258
-1.66561 -0.752258
-1.66703 -0.7273
-1.66703 -0.7273
-1.66816 -0.707114
-1.66816 -0.707114
-1.66894 -0.69072
-1.66894 -0.69072
-1.66993 -0.661115
-1.66993 -0.661115
-1.67015 -0.645861
-1.67015 -0.645861
-1.67006 -0.62907
-1.67006 -0.62907
-1.66967 -0.604489
-1.66967 -0.604489
-1.66937 -0.586743
-1.66937 -0.586743
-1.66903 -0.565517
-1.66903 -0.565517
-1.66873 -0.545373
-1.66873 -0.545373
-1.6685 -0.529817
-1.6685 -0.529817
-1.66824 -0.515767
-1.66824 -0.515767
-1.66766 -0.486031
-1.66766 -0.486031
-1.66735 -0.469673
-1.66735 -0.469673
-1.66694 -0.446471
-1.66694 -0.446471
-1.66656 -0.424909
-1.66656 -0.424909
-1.66633 -0.414033
-1.66633 -0.414033
-1.66581 -0.390916
-1.66581 -0.390916
-1.66542 -0.373635
-1.66542 -0.373635
-1.66481 -0.344972
-1.66481 -0.344972
-1.6646 -0.334565
-1.6646 -0.334565
-1.6639 -0.3064
-1.6639 -0.3064
-1.66323 -0.280898
-1.66323 -0.280898
-1.6627 -0.260106
-1.6627 -0.260106
-1.66221 -0.239797
-1.66221 -0.239797
-1.66157 -0.214415
-1.66157 -0.214415
-1.66121 -0.202096
-1.66121 -0.202096
-1.66032 -0.172581
-1.66032 -0.172581
-1.65972 -0.152277
-1.65972 -0.152277
-1.65914 -0.132001
-1.65914 -0.132001
-1.65841 -0.108644
-1.65841 -0.108644
-1.65751 -0.0827001
-1.65751 -0.0827001
-1.65682 -0.062681
-1.65682 -0.062681
-1.65609 -0.0410661
-1.65609 -0.0410661
-1.65505 -0.00974977
-1.65505 -0.00974977
-1.65443 0.00670775
-1.65443 0.00670775
-1.65361 0.0273007
-1.65361 0.0273007
-1.65295 0.0441134
-1.65295 0.0441134
-1.65188 0.0720313
-1.65188 0.0720313
-1.65102 0.0946403
-1.65102 0.0946403
-1.64999 0.118232
-1.64999 0.118232
-1.64905 0.139162
-1.64905 0.139162
-1.64829 0.156466
-1.64829 0.156466
-1.64718 0.18253
-1.64718 0.18253
-1.64626 0.203153
-1.64626 0.203153
-1.64528 0.223295
-1.64528 0.223295
-1.64408 0.247477
-1.64408 0.247477
-1.64286 0.27277
-1.64286 0.27277
-1.64182 0.294505
-1.64182 0.294505
-1.64074 0.315354
-1.64074 0.315354
-1.63953 0.337608
-1.63953 0.337608
-1.63823 0.361794
-1.63823 0.361794
-1.63705 0.384107
-1.63705 0.384107
-1.63586 0.406815
-1.63586 0.406815
-1.63502 0.42137
-1.63502 0.42137
-1.63383 0.441364
-1.63383 0.441364
-1.63218 0.469586
-1.63218 0.469586
-1.63124 0.48601
-1.63124 0.48601
-1.62968 0.51292
-1.62968 0.51292
-1.62841 0.533115
-1.62841 0.533115
-1.62701 0.554968
-1.62701 0.554968
-1.62561 0.577194
-1.62561 0.577194
-1.6241 0.601587
-1.6241 0.601587
-1.62294 0.619231
-1.62294 0.619231
-1.62108 0.646457
-1.62108 0.646457
-1.61993 0.663236
-1.61993 0.663236
-1.61817 0.689326
-1.61817 0.689326
-1.61715 0.704659
-1.61715 0.704659
-1.61562 0.72589
-1.61562 0.72589
-1.6135 0.754726
-1.6135 0.754726
-1.61228 0.771433
-1.61228 0.771433
-1.61041 0.797297
-1.61041 0.797297
-1.60912 0.81523
-1.60912 0.81523
-1.60761 0.834809
-1.60761 0.834809
-1.60568 0.859468
-1.60568 0.859468
-1.60418 0.878718
-1.60418 0.878718
-1.60186 0.904065
-1.60186 0.904065
-1.5995 0.924944
-1.5995 0.924944
-1.59736 0.940372
-1.59736 0.940372
-1.59306 0.966554
-1.59306 0.966554
-1.58797 0.991381
-1.58797 0.991381
-1.58373 1.00775
-1.58373 1.00775
-1.57768 1.0264
-1.57768 1.0264
-1.56862 1.04917
-1.56862 1.04917
-1.55796 1.07185
-1.55796 1.07185
-1.54887 1.08848
-1.54887 1.08848
-1.53525 1.11015
-1.53525 1.11015
-1.52428 1.12555
-1.52428 1.12555
-1.50901 1.14451
-1.50901 1.14451
-1.49644 1.15821
-1.49644 1.15821
-1.47773 1.17621
-1.47773 1.17621
-1.46026 1.19116
-1.46026 1.19116
-1.44222 1.20483
-1.44222 1.20483
-1.42709 1.21492
-1.42709 1.21492
-1.40655 1.22691
-1.40655 1.22691
-1.39035 1.23511
-1.39035 1.23511
-1.37031 1.24378
-1.37031 1.24378
-1.34999 1.25113
-1.34999 1.25113
-1.33039 1.25704
-1.33039 1.25704
-1.30572 1.26356
-1.30572 1.26356
-1.28735 1.26804
-1.28735 1.26804
-1.26611 1.27274
-1.26611 1.27274
-1.24459 1.27703
-1.24459 1.27703
-1.2191 1.28166
-1.2191 1.28166
-1.20025 1.28472
-1.20025 1.28472
-1.18144 1.2874
-1.18144 1.2874
-1.15755 1.29028
-1.15755 1.29028
-1.14058 1.29201
-1.14058 1.29201
-1.10912 1.29461
-1.10912 1.29461
-1.08907 1.29588
-1.08907 1.29588
-1.07028 1.2967
-1.07028 1.2967
-1.05279 1.29709
-1.05279 1.29709
-1.02606 1.29722
-1.02606 1.29722
-1.00565 1.29693
-1.00565 1.29693
-0.982888 1.29614
-0.982888 1.29614
-0.963246 1.29507
-0.963246 1.29507
-0.935803 1.293
-0.935803 1.293
-0.913667 1.29089
-0.913667 1.29089
-0.88643 1.28773
-0.88643 1.28773
-0.864233 1.28469
-0.864233 1.28469
-0.840564 1.28097
-0.840564 1.28097
-0.829934 1.27908
-0.829934 1.27908
-0.800773 1.27381
-0.800773 1.27381
-0.778324 1.27013
-0.778324 1.27013
-0.754945 1.26681
-0.754945 1.26681
-0.738953 1.26513
-0.738953 1.26513
-0.714525 1.26346
-0.714525 1.26346
-0.69331 1.26286
-0.69331 1.26286
-0.666883 1.26318
-0.666883 1.26318
-0.64995 1.26405
-0.64995 1.26405
-0.626298 1.26611
-0.626298 1.26611
-0.611986 1.26793
-0.611986 1.26793
-0.590842 1.27143
-0.590842 1.27143
-0.565008 1.27631
-0.565008 1.27631
-0.550008 1.27944
-0.550008 1.27944
-0.524043 1.28537
-0.524043 1.28537
-0.508735 1.28925
-0.508735 1.28925
-0.483177 1.29631
-0.483177 1.29631
-0.461014 1.30291
-0.461014 1.30291
-0.436828 1.31062
-0.436828 1.31062
-0.419855 1.31639
-0.419855 1.31639
-0.400903 1.32333
-0.400903 1.32333
-0.377511 1.33248
-0.377511 1.33248
-0.354906 1.34182
-0.354906 1.34182
-0.335524 1.35027
-0.335524 1.35027
-0.321753 1.35659
-0.321753 1.35659
-0.29812 1.36772
-0.29812 1.36772
-0.276941 1.3777
-0.276941 1.3777
-0.259561 1.38587
-0.259561 1.38587
-0.24006 1.39503
-0.24006 1.39503
-0.217842 1.40545
-0.217842 1.40545
-0.196232 1.41569
-0.196232 1.41569
-0.177752 1.42439
-0.177752 1.42439
-0.15958 1.43256
-0.15958 1.43256
-0.137301 1.44203
-0.137301 1.44203
-0.116221 1.45054
-0.116221 1.45054
-0.0977818 1.45761
-0.0977818 1.45761
-0.07689 1.46511
-0.07689 1.46511
-0.0550095 1.47246
-0.0550095 1.47246
-0.0377317 1.47786
-0.0377317 1.47786
-0.0178425 1.48373
-0.0178425 1.48373
0.00961206 1.49127
0.00961206 1.49127
0.0299257 1.49639
0.0299257 1.49639
0.0494224 1.50086
0.0494224 1.50086
0.0727224 1.50578
0.0727224 1.50578
0.0980451 1.51063
0.0980451 1.51063
0.114082 1.51339
0.114082 1.51339
0.138693 1.51708
0.138693 1.51708
0.164038 1.52035
0.164038 1.52035
0.181209 1.52226
0.181209 1.52226
0.20428 1.52454
0.20428 1.52454
0.230162 1.52711
0.230162 1.52711
0.242528 1.52833
0.242528 1.52833
0.268122 1.5309
0.268122 1.5309
0.290887 1.53321
0.290887 1.53321
0.312131 1.53537
0.312131 1.53537
0.331791 1.53738
0.331791 1.53738
0.353403 1.53956
0.353403 1.53956
0.381373 1.5426
0.381373 1.5426
0.407263 1.54544
0.407263 1.54544
0.43413 1.5484
0.43413 1.5484
0.459536 1.55117
0.459536 1.55117
0.478898 1.55332
0.478898 1.55332
0.506229 1.55638
0.506229 1.55638
0.530927 1.55915
0.530927 1.55915
0.561068 1.5625
0.561068 1.5625
0.583622 1.56507
0.583622 1.56507
0.61375 1.56851
0.61375 1.56851
0.63664 1.57113
0.63664 1.57113
0.658387 1.5736
0.658387 1.5736
0.690435 1.57731
0.690435 1.57731
0.712285 1.57986
0.712285 1.57986
0.743168 1.58347
0.743168 1.58347
0.766052 1.58612
0.766052 1.58612
0.799133 1.59003
0.799133 1.59003
0.822023 1.59275
0.822023 1.59275
0.841757 1.5951
0.841757 1.5951
0.872595 1.59874
0.872595 1.59874
0.896094 1.60153
0.896094 1.60153
0.920826 1.60398
0.920826 1.60398
0.942119 1.60528
0.942119 1.60528
0.973581 1.60593
0.973581 1.60593
1.00273 1.60541
1.00273 1.60541
1.02129 1.60433
1.02129 1.60433
1.05431 1.60108
1.05431 1.60108
1.07653 1.59801
1.07653 1.59801
1.10315 1.59313
1.10315 1.59313
1.13043 1.58697
1.13043 1.58697
1.15995 1.57903
1.15995 1.57903
1.18035 1.5727
1.18035 1.5727
1.20621 1.56343
1.20621 1.56343
1.23035 1.55361
1.23035 1.55361
1.25228 1.54366
1.25228 1.54366
1.27743 1.53104
1.27743 1.53104
1.30105 1.51799
1.30105 1.51799
1.31898 1.50701
1.31898 1.50701
1.34833 1.48741
1.34833 1.48741
1.36472 1.4755
1.36472 1.4755
1.38638 1.45839
1.38638 1.45839
1.40239 1.44465
1.40239 1.44465
1.4224 1.42598
1.4224 1.42598
1.43726 1.41095
1.43726 1.41095
1.4566 1.38975
1.4566 1.38975
1.47491 1.3681
1.47491 1.3681
1.48904 1.34987
1.48904 1.34987
1.50291 1.33016
1.50291 1.33016
1.51964 1.30316
1.51964 1.30316
1.53017 1.2837
1.53017 1.2837
1.54315 1.25583
1.54315 1.25583
1.55213 1.23292
1.55213 1.23292
1.56185 1.20314
1.56185 1.20314
1.56746 1.18164
1.56746 1.18164
1.5732 1.15265
1.5732 1.15265
1.57683 1.12655
1.57683 1.12655
1.57902 1.09826
1.57902 1.09826
1.57931 1.08094
1.57931 1.08094
1.57808 1.05184
1.57808 1.05184
1.57481 1.01935
1.57481 1.01935
1.57085 0.992901
1.57085 0.992901
1.56702 0.971686
1.56702 0.971686
1.56146 0.943303
1.56146 0.943303
1.55584 0.91449
1.55584 0.91449
1.55217 0.895751
1.55217 0.895751
1.54614 0.865569
1.54614 0.865569
1.54397 0.854683
1.54397 0.854683
1.53718 0.820472
1.53718 0.820472
1.53219 0.795491
1.53219 0.795491
1.52639 0.766992
1.52639 0.766992
1.52181 0.744469
1.52181 0.744469
1.51559 0.713707
1.51559 0.713707
1.51034 0.68788
1.51034 0.68788
1.50472 0.660754
1.50472 0.660754
1.50113 0.643363
1.50113 0.643363
1.49456 0.611473
1.49456 0.611473
1.48985 0.588714
1.48985 0.588714
1.48548 0.567986
1.48548 0.567986
1.47943 0.539243
1.47943 0.539243
1.47319 0.509479
1.47319 0.509479
1.46837 0.486608
1.46837 0.486608
1.4625 0.459246
1.4625 0.459246
1.45791 0.437807
1.45791 0.437807
1.45236 0.411743
1.45236 0.411743
1.44788 0.390859
1.44788 0.390859
1.4421 0.364359
1.4421 0.364359
1.43737 0.342656
1.43737 0.342656
1.43045 0.310696
1.43045 0.310696
1.42575 0.289199
1.42575 0.289199
1.41908 0.259094
1.41908 0.259094
1.41514 0.241329
1.41514 0.241329
1.40799 0.208856
1.40799 0.208856
1.40304 0.18656
1.40304 0.18656
1.39798 0.164127
1.39798 0.164127
1.39239 0.139275
1.39239 0.139275
1.38674 0.114034
1.38674 0.114034
1.38078 0.0876614
1.38078 0.0876614
1.37489 0.0619701
1.37489 0.0619701
1.36885 0.0355161
1.36885 0.0355161
1.36424 0.0152576
1.36424 0.0152576
1.35747 -0.0142428
1.35747 -0.0142428
1.35096 -0.0421803
1.35096 -0.0421803
1.3462 -0.062705
1.3462 -0.062705
1.34123 -0.083879
1.34123 -0.083879
1.3342 -0.110777
1.3342 -0.110777
1.32688 -0.13454
1.32688 -0.13454
1.31867 -0.157935
1.31867 -0.157935
1.3094 -0.181313
1.3094 -0.181313
1.29739 -0.20837
1.29739 -0.20837
1.28688 -0.229522
1.28688 -0.229522
1.27199 -0.256721
1.27199 -0.256721
1.25827 -0.279525
1.25827 -0.279525
1.24669 -0.297155
1.24669 -0.297155
1.22863 -0.322441
1.22863 -0.322441
1.21612 -0.338448
1.21612 -0.338448
1.20001 -0.3574
1.20001 -0.3574
1.18019 -0.378965
1.18019 -0.378965
1.16206 -0.397096
1.16206 -0.397096
1.1463 -0.411025
1.1463 -0.411025
1.12668 -0.426323
1.12668 -0.426323
1.10381 -0.442108
1.10381 -0.442108
1.07937 -0.456907
1.07937 -0.456907
1.0522 -0.471208
1.0522 -0.471208
1.02758 -0.482334
1.02758 -0.482334
1.01023 -0.488952
1.01023 -0.488952
0.984999 -0.496864
0.984999 -0.496864
0.959392 -0.503276
0.959392 -0.503276
0.942826 -0.506416
0.942826 -0.506416
0.9117 -0.510364
0.9117 -0.510364
0.8877 -0.511925
0.8877 -0.511925
0.873655 -0.51203
0.873655 -0.51203
0.849507 -0.510771
0.849507 -0.510771
0.826544 -0.508191
0.826544 -0.508191
0.798471 -0.503335
0.798471 -0.503335
0.779527 -0.498874
0.779527 -0.498874
0.758409 -0.492532
0.758409 -0.492532
0.733178 -0.483278
0.733178 -0.483278
0.711219 -0.473729
0.711219 -0.473729
0.688395 -0.461983
0.688395 -0.461983
0.671912 -0.452365
0.671912 -0.452365
0.645416 -0.435684
0.645416 -0.435684
0.624975 -0.422605
0.624975 -0.422605
0.607698 -0.411473
0.607698 -0.411473
0.580256 -0.39374
0.580256 -0.39374
0.563478 -0.382931
0.563478 -0.382931
0.542058 -0.369161
0.542058 -0.369161
0.518441 -0.353871
0.518441 -0.353871
0.496859 -0.339858
0.496859 -0.339858
0.470488 -0.322787
0.470488 -0.322787
0.454235 -0.31229
0.454235 -0.31229
0.4368 -0.300948
0.4368 -0.300948
0.40927 -0.282987
0.40927 -0.282987
0.391641 -0.271522
0.391641 -0.271522
0.364627 -0.253993
0.364627 -0.253993
0.342992 -0.239852
0.342992 -0.239852
0.327179 -0.229487
0.327179 -0.229487
0.303706 -0.21415
0.303706 -0.21415
0.281611 -0.199746
0.281611 -0.199746
0.26123 -0.186362
0.26123 -0.186362
0.240919 -0.172988
0.240919 -0.172988
0.217374 -0.157533
0.217374 -0.157533
0.1925 -0.141241
0.1925 -0.141241
0.173091 -0.128436
0.173091 -0.128436
0.150228 -0.11331
0.150228 -0.11331
0.129618 -0.0997193
0.129618 -0.0997193
0.105671 -0.0839614
0.105671 -0.0839614
0.0875024 -0.0719188
0.0875024 -0.0719188
0.06367 -0.0560796
0.06367 -0.0560796
0.0402492 -0.0405645
0.0402492 -0.0405645
0.0198429 -0.027075
0.0198429 -0.027075
-0.00649295 -0.0095379
-0.00649295 -0.0095379
-0.0203724 -4.47126e-05
-0.0203724 -4.47126e-05
-0.0203724 -4.47126e-05
-0.0203724 -4.47126e-05
-0.0208648 0.000375305
-0.0208648 0.000375305
-0.0199696 -0.000390058
-0.0199696 -0.000390058
-0.0244672 0.00346383
-0.0244672 0.00346383
-0.0250544 0.00396818
-0.0250544 0.00396818
-0.0242273 0.00325621
-0.0242273 0.00325621
-0.0195866 -0.000747548
-0.0195866 -0.000747548
-0.0178973 -0.0022083
-0.0178973 -0.0022083
-0.0184995 -0.00168635
-0.0184995 -0.00168635
-0.0203526 -7.67509e-05
-0.0203526 -7.67509e-05
-0.0203863 -4.74278e-05
-0.0203863 -4.74278e-05
-0.0253624 0.00429451
-0.0253624 0.00429451
-0.020256 -0.00017115
-0.020256 -0.00017115
-0.0237524 0.00289338
-0.0237524 0.00289338
-0.0215429 0.000952446
-0.0215429 0.000952446
-0.0255877 0.00451369
-0.0255877 0.00451369
-0.0192767 -0.00105537
