0
0
0
0
0
0
0
0
0
0
0
0
0
0
0
0
0
0
0
0
0
0
0
0
0
0
0
0
0
0
0
0
0
0
0
0
0
0
0
0
0
0
0
0
0
0
0
0
0
0
0
0
0
0
0
0
0
0
0
0
0
0
0
0
0
0
0
0
0
0
0
0
0
0
0
0
0
0
0
0
0
0
0
0
0
0
0
0
0
0
0
0
0
0
0
0
0
0
0
0
0
0
0
0
0
0
0
0
0
0
0.000771367
0.00078195
0.000792465
0.000799471
0.000806343
0.000820204
0.000826987
0.000840668
0.000850801
0.000860869
0.000870872
0.000884077
0.000890686
0.000900497
0.000913447
0.00241212
0.00585183
0.00795166
0.00974186
0.0103174
0.0103822
0.0104503
0.0105181
0.0096152
0.0106464
0.0107043
0.0112553
0.0119827
0.0122018
0.0122299
0.0122486
0.0122579
0.0122579
0.0122487
0.0122304
0.0125458
0.0128535
0.0128112
0.0127637
0.0127175
0.0126827
0.0126649
0.0143399
0.012848
0.0147216
0.0132771
0.0150096
0.0134705
0.0151935
0.013644
0.0153477
0.0137772
0.015459
0.0138677
0.0123344
0.0139171
0.0155536
0.013929
0.0155439
0.0139174
0.0155194
0.0139263
0.0155348
0.0140113
0.0142994
0.0145858
0.0147739
0.0149114
0.0150466
0.0151764
0.0152974
0.015409
0.015511
0.0156035
0.0156869
0.0157615
0.0158278
0.0158864
0.0159385
0.017449
0.016035
0.0175282
0.0161605
0.0176528
0.0163819
0.015511
0.0170621
0.0186279
0.0174534
0.0176348
0.0220327
0.0221263
0.0221587
0.0221309
0.0220515
0.0219659
0.0218766
0.0217856
0.021697
0.0216173
0.0228169
0.021523
0.0216204
0.0216063
0.0227041
0.0215646
0.0225884
0.0215214
0.0224664
0.0214814
0.022348
0.0214755
0.0216548
0.0246202
0.0250618
0.0285535
0.0286988
0.028902
0.0292043
0.0295384
0.0287246
0.0289397
0.0301667
0.0303671
0.0305599
0.0297346
0.0309197
0.0310872
0.031247
0.0304069
0.0315497
0.0327655
0.0318492
0.0330575
0.0323907
0.0338313
0.0331484
0.0337137
0.0389034
0.040156
0.0408912
0.0411517
0.0414065
0.0416507
0.0402754
0.0404988
0.0407116
0.042505
0.0427006
0.0429019
0.0432423
0.0437068
0.0456321
0.0442915
0.0462899
0.0450096
0.0469173
0.0456127
0.0474923
0.0461746
0.0480206
0.0466905
0.048505
0.047181
0.0474348
0.0478605
0.0469203
0.0472649
0.0490146
0.0494544
0.0498066
0.0501566
0.0504985
0.0494791
0.0511501
0.0529096
0.0517595
0.052054
0.0523491
0.0526599
0.0531598
0.053621
0.0540037
0.0544322
0.0548869
0.0552862
0.0556807
0.056067
0.0552167
0.0568089
0.0559489
0.0575123
0.056656
0.058201
0.0574455
0.059132
0.0608602
0.0600356
0.0605316
0.0610083
0.0614511
0.061889
0.0623189
0.0639487
0.0631493
0.0635507
0.063945
0.0655212
0.0647306
0.0651733
0.0657699
0.0662635
0.0678683
0.0672964
0.0677945
0.0682813
0.0687621
0.0692351
0.0696988
0.0701535
0.0706
0.0710405
0.0714791
0.0719214
0.0724362
0.0740636
0.0735847
0.0751262
0.074713
0.0752445
0.0757734
0.0801759
0.0823342
0.081706
0.0810046
0.0827767
0.0820797
0.0838338
0.0856951
0.0851324
0.0857395
0.0863829
0.0870386
0.0876583
0.088272
0.088877
0.0894715
0.0900562
0.0906157
0.0911165
0.0915848
0.0920964
0.0917694
0.0933335
0.0949771
0.0945508
0.0960946
0.0956959
0.0971698
0.096824
0.0982276
0.0979417
0.0992766
0.0990647
0.100341
0.100236
0.100914
0.101578
0.102215
0.102848
0.103479
0.104587
0.104742
0.105787
0.106012
0.106653
0.107301
0.108227
0.108599
0.109459
0.10986
0.110517
0.111177
0.111837
0.112502
0.113171
0.113847
0.114529
0.115215
0.115885
0.116537
0.117189
0.117832
0.118472
0.118902
0.119735
0.120134
0.121077
0.121431
0.122451
0.122755
0.123781
0.124001
0.125073
0.125246
0.126364
0.127009
0.127653
0.128296
0.128919
0.129573
0.130244
0.130906
0.130802
0.132095
0.131976
0.133344
0.133972
0.134602
0.134389
0.135878
0.137454
0.137167
0.137797
0.138377
0.139859
0.140454
0.141051
0.141657
0.141125
0.1417
0.142283
0.142877
0.143479
0.14408
0.144643
0.143635
0.145563
0.144543
0.146561
0.147053
0.147562
0.14808
0.14861
0.150936
0.151498
0.150137
0.152462
0.151055
0.149555
0.15201
0.154526
0.155056
0.153489
0.153982
0.154334
0.154473
0.154807
0.155219
0.155649
0.15376
0.156529
0.154596
0.159822
0.160331
0.160846
0.15891
0.16182
0.159693
0.157531
0.160431
0.160712
0.160727
0.161001
0.161378
0.161766
0.162162
0.162549
0.1629
0.163042
0.163332
0.163628
0.166586
0.164244
0.167246
0.16489
0.167906
0.165499
0.162861
0.165688
0.162936
0.165797
0.163197
0.166129
0.163534
0.166505
0.169419
0.166925
0.164349
0.167337
0.167409
0.169985
0.170073
0.170137
0.170106
0.170166
0.167589
0.167663
0.167742
0.167815
0.167861
0.170208
0.167566
0.167551
0.167542
0.164927
0.167557
0.16498
0.160061
0.157534
0.159918
0.157242
0.159521
0.159209
0.158909
0.161013
0.160751
0.158097
0.157868
0.157658
0.154961
0.157285
0.157097
0.156707
0.156206
0.158345
0.158056
0.157768
0.155057
0.15724
0.146427
0.145385
0.144348
0.143619
0.143352
0.143012
0.142492
0.142155
0.141813
0.141479
0.141169
0.140888
0.140637
0.140414
0.136969
0.139982
0.13635
0.139175
0.135638
0.138565
0.13829
0.138045
0.141019
0.137647
0.137487
0.137331
0.133796
0.136635
0.1331
0.136144
0.135919
0.135723
0.135559
0.135428
0.138584
0.135237
0.135084
0.134693
0.134525
0.134353
0.134194
0.134062
0.133962
0.133897
0.133864
0.137151
0.133837
0.133557
0.133431
0.133332
0.133256
0.133203
0.133183
0.133197
0.133246
0.133324
0.133411
0.130043
0.133211
0.129847
0.133248
0.13329
0.133362
0.136772
0.133613
0.137101
0.137292
0.134143
0.134038
0.13417
0.134301
0.134451
0.134628
0.134841
0.135089
0.135372
0.135681
0.135993
0.136079
0.136263
0.136509
0.140005
0.137073
0.134079
0.13776
0.138157
0.138584
0.135714
0.139364
0.136312
0.13995
0.140351
0.140768
0.141214
0.141695
0.14221
0.142757
0.146467
0.146938
0.144178
0.144686
0.145208
0.142603
0.146322
0.143797
0.147573
0.145142
0.148918
0.146601
0.150129
0.153751
0.151634
0.152398
0.153194
0.146699
0.147642
0.148612
0.146912
0.150594
0.151394
0.152432
0.156085
0.157103
0.155578
0.154047
0.157712
0.158811
0.159928
0.16105
0.162015
0.163093
0.164268
0.165441
0.164141
0.167768
0.166521
0.170157
0.171381
0.172614
0.176044
0.17721
0.178479
0.179748
0.180999
0.182261
0.181275
0.18483
0.1839
0.185234
0.186558
0.187724
0.191278
0.19047
0.191846
0.193224
0.194606
0.196003
0.195268
0.198843
0.198151
0.201593
0.20086
0.204454
0.205938
0.207404
0.208879
0.210364
0.211863
0.215374
0.214898
0.216379
0.217764
0.225905
0.225377
0.228931
0.230443
0.22995
0.231495
0.233054
0.232272
0.236189
0.235682
0.239192
0.240817
0.24243
0.245969
0.245657
0.247282
0.246815
0.250572
0.252227
0.255617
0.257259
0.25709
0.256918
0.260487
0.262184
0.263888
0.265603
0.26914
0.269065
0.270776
0.272378
0.272347
0.275945
0.277719
0.279493
0.281273
0.283062
0.284862
0.286671
0.288479
0.288504
0.291982
0.292122
0.295701
0.297551
0.299404
0.299577
0.303133
0.303338
0.306897
0.308725
0.310527
0.312465
0.314401
0.313518
0.315378
0.317204
0.320616
0.320868
0.321059
0.324533
0.32463
0.328019
0.328121
0.331671
0.33349
0.33531
0.337135
0.338966
0.340804
0.340735
0.344483
0.34809
0.347853
0.347652
0.353378
0.353127
0.356925
0.356572
0.358301
0.360028
0.361736
0.36335
0.36495
0.366443
0.370226
0.369394
0.368429
0.372572
0.371517
0.375718
0.380942
0.388723
0.393226
0.397024
0.400815
0.402635
0.403338
0.403622
0.403616
0.403614
0.403612
0.403611
0.403608
0.403606
0.403604
0.403602
0.4036
0.403598
0.403596
0.403595
0.403502
0.403306
0.403023
0.402873
0.402979
0.40312
0.403261
0.403399
0.403579
0.403668
0.403843
0.40393
0.404016
0.40419
0.404276
0.40445
0.404581
0.404712
0.404844
0.404977
0.405112
0.405248
0.405338
0.405525
0.405666
0.40581
0.405956
0.406107
0.406261
0.406376
0.406417
0.406416
0.406399
0.406382
0.406366
0.406349
0.406332
0.406315
0.406298
0.405803
0.403814
0.402481
0.402604
0.402617
0.402636
0.40266
0.403338
0.402728
0.402099
0.402854
0.402983
0.403111
0.403236
0.403358
0.403476
0.403588
0.403694
0.401829
0.401901
0.402568
0.401916
0.401905
0.401891
0.401379
0.400543
0.397429
0.396547
0.396037
0.394098
0.393716
0.387102
0.384206
0.385654
0.385149
0.384616
0.386796
0.387071
0.384473
0.384869
0.385297
0.385685
0.385888
0.386394
0.386948
0.384499
0.388205
0.388879
0.380898
0.381104
0.381874
0.386176
0.383877
0.384671
0.38575
0.386892
0.38809
0.389339
0.387225
0.391935
0.393319
0.394753
0.399465
0.397499
0.395569
0.40046
0.398714
0.403699
0.402048
0.407077
0.405515
0.410633
0.409119
0.414061
0.412306
0.417394
0.415867
0.421015
0.422834
0.424644
0.426438
0.431463
0.430102
0.428691
0.433824
0.432465
0.437671
0.43641
0.441698
0.443712
0.445714
0.450976
0.453124
0.452186
0.454354
0.456555
0.458792
0.461074
0.463395
0.465735
0.467976
0.470364
0.472802
0.475263
0.477719
0.47986
0.485416
0.48493
0.484409
0.490643
0.490105
0.496311
0.499284
0.502282
0.505264
0.508275
0.511323
0.517583
0.517532
0.520585
0.52364
0.526853
0.530088
0.533321
0.539646
0.539835
0.54621
0.546481
0.55282
0.553011
0.559449
0.559868
0.563332
0.566781
0.567199
0.573757
0.574253
0.580851
0.584302
0.587797
0.59144
0.5951
0.595779
0.602408
0.608963
0.612668
0.616394
0.620039
0.620839
0.624648
0.62848
0.635114
0.636142
0.637131
0.643857
0.644912
0.651662
0.652699
0.65933
0.660507
0.667318
0.66852
0.675294
0.679308
0.683347
0.687404
0.694012
0.695346
0.699474
0.706263
0.710377
0.711881
0.716027
0.720195
0.724383
0.728576
0.732625
0.736835
0.743679
0.745382
0.747024
0.753906
0.755592
0.762498
0.764232
0.77107
0.775297
0.779684
0.78408
0.788464
0.792848
0.797244
0.80166
0.803572
0.810518
0.812353
0.819277
0.823783
0.828289
0.835189
0.837279
0.839332
0.846328
0.85087
0.85532
0.857363
0.864417
0.871399
0.873626
0.875816
0.885179
0.887463
0.892103
0.896724
0.898881
0.905922
0.908251
0.91533
0.917813
0.922442
0.927041
0.931642
0.93623
0.938358
0.945165
0.947266
0.954237
0.956163
0.963159
0.964075
0.968238
0.972365
0.976439
0.980433
0.984176
0.987717
0.988321
0.995084
0.995445
1.00222
1.00233
1.00906
1.01222
1.01535
1.01839
1.01778
1.02412
1.02306
1.0293
1.03182
1.03411
1.0364
1.03859
1.04438
1.04273
1.04467
1.05021
1.04808
1.04943
1.05065
1.04808
1.05305
1.05411
1.05507
1.05956
1.05644
1.05695
1.0574
1.05781
1.05821
1.05852
1.06246
1.05918
1.05944
1.05945
1.0632
1.05981
1.05999
1.06017
1.05664
1.06043
1.05683
1.06049
1.06028
1.06022
1.0637
1.06011
1.06005
1.06
1.05992
1.06328
1.05946
1.05905
1.05876
1.05487
1.05818
1.05789
1.0576
1.0537
1.05696
1.05983
1.05929
1.05533
1.05126
1.05426
1.05019
1.05319
1.04911
1.05206
1.04789
1.03961
1.04178
1.02999
1.02583
1.02507
1.02439
1.02724
1.02331
1.02287
1.02235
1.01832
1.02167
1.02513
1.02527
1.02203
1.02247
1.02305
1.02007
1.02432
1.02157
1.02629
1.02375
1.02867
1.03008
1.03164
1.03687
1.03495
1.0403
1.04214
1.04048
1.03872
1.04417
1.04262
1.04841
1.04704
1.05291
1.05527
1.05773
1.06026
1.06629
1.06538
1.06791
1.07064
1.06996
1.0762
1.0791
1.08208
1.08515
1.08158
1.08483
1.08796
1.09098
1.09419
1.09735
1.1006
1.10389
1.10391
1.11058
1.11719
1.11736
1.12055
1.12388
1.12712
1.13358
1.13371
1.14026
1.14035
1.14031
1.14693
1.14668
1.15312
1.15288
1.15928
1.16236
1.16544
1.16851
1.17158
1.17457
1.18069
1.18026
1.18655
1.18606
1.18888
1.1917
1.19102
1.19734
1.20002
1.20257
1.20523
1.20789
1.21055
1.20961
1.21578
1.21834
1.22088
1.22324
1.22556
1.21978
1.22218
1.2246
1.22704
1.2295
1.23543
1.23441
1.23328
1.23902
1.23792
1.24392
1.24288
1.24897
1.248
1.25413
1.25282
1.25862
1.2569
1.2632
1.26623
1.26931
1.27244
1.27559
1.27874
1.28188
1.28482
1.28795
1.29111
1.29024
1.29756
1.29676
1.30411
1.30736
1.31042
1.31366
1.31694
1.32025
1.32361
1.327
1.33038
1.33373
1.33691
1.34026
1.34364
1.34706
1.34655
1.35401
1.35748
1.3647
1.36421
1.36766
1.37113
1.37465
1.3782
1.37787
1.38535
1.38502
1.38444
1.38792
1.39139
1.39091
1.39829
1.39765
1.40497
1.404
1.41101
1.4099
1.41698
1.41991
1.42279
1.42561
1.42829
1.42656
1.43306
1.4355
1.43789
1.44023
1.44251
1.44467
1.44231
1.4487
1.44616
1.45214
1.45391
1.45561
1.45718
1.45863
1.46004
1.46139
1.46268
1.45939
1.46475
1.46126
1.46652
1.46286
1.47237
1.46872
1.47367
1.4699
1.4703
1.47032
1.47048
1.47057
1.47062
1.4706
1.46618
1.47034
1.46566
1.46952
1.46469
1.45528
1.45463
1.45798
1.45313
1.45207
1.45099
1.44981
1.44853
1.44709
1.44547
1.44722
1.44177
1.43981
1.43776
1.43893
1.43338
1.42776
1.42844
1.4227
1.423
1.41726
1.41723
1.4115
1.41108
1.41017
1.40443
1.40322
1.38951
1.38366
1.37982
1.37597
1.37206
1.36808
1.36214
1.36014
1.3445
1.34243
1.3384
1.33439
1.33038
1.32637
1.32238
1.31842
1.32438
1.31839
1.31639
1.31243
1.30845
1.30448
1.29251
1.29661
1.29271
1.28874
1.27466
1.28082
1.27475
1.27292
1.26687
1.26511
1.25907
1.25728
1.25334
1.24943
1.24332
1.24159
1.23771
1.23385
1.23001
1.22389
1.22218
1.21831
1.21442
1.20828
1.2067
1.20058
1.19908
1.19293
1.19133
1.18518
1.18366
1.17983
1.17603
1.17226
1.17084
1.16467
1.16087
1.15709
1.15089
1.14952
1.14334
1.14207
1.13838
1.13459
1.13085
1.12714
1.1234
1.1197
1.11848
1.11486
1.11124
1.09631
1.10136
1.09514
1.09406
1.08783
1.08683
1.08063
1.07972
1.07347
1.07507
1.06893
1.06535
1.06181
1.04684
1.04341
1.03733
1.03656
1.03307
1.02951
1.02589
1.02222
1.01851
1.01476
1.01096
1.00709
1.00307
0.996925
0.994801
0.99063
0.986416
0.982157
0.977847
0.973466
0.969021
0.964509
0.961235
0.955302
0.95065
0.945949
0.942215
0.936385
0.925046
0.919626
0.91437
0.910338
0.905194
0.900795
0.895815
0.891105
0.886091
0.881299
0.876718
0.87137
0.867014
0.861419
0.857307
0.851402
0.846375
0.841337
0.834913
0.829847
0.826409
0.823278
0.816608
0.81378
0.80686
0.804348
0.797391
0.795253
0.788081
0.780767
0.778953
0.774482
0.770185
0.765976
0.761836
0.757766
0.753768
0.749845
0.74974
0.74239
0.742731
0.735515
0.736437
0.738454
0.735654
0.742853
0.740522
0.738212
0.735959
0.733748
0.731611
0.729581
0.727435
0.72533
0.723338
0.725597
0.7193
0.717293
0.715369
0.713546
0.711614
0.709726
0.707953
0.70615
0.704355
0.702571
0.705183
0.69928
0.701949
0.695927
0.694392
0.692827
0.691272
0.689729
0.688284
0.686929
0.685478
0.679864
0.6828
0.67722
0.680192
0.683323
0.67773
0.676633
0.67545
0.674326
0.673314
0.672277
0.671252
0.670244
0.669349
0.668529
0.667631
0.666796
0.670473
0.66532
0.660296
0.663866
0.663268
0.662736
0.662136
0.661604
0.665561
0.656465
0.656025
0.655614
0.655404
0.655105
0.646473
0.634311
0.631212
0.62846
0.627837
0.627823
0.627796
0.627782
0.62777
0.62776
0.62775
0.627744
0.627735
0.627727
0.627715
0.627709
0.627704
0.627693
0.627684
0.627676
0.627668
0.62766
0.627655
0.627642
0.627637
0.62763
0.627622
0.627618
0.627608
0.627603
0.627594
0.627587
0.62758
0.627573
0.627567
0.62756
0.627556
0.627556
0.627556
0.627556
0.627556
0.627556
0.627556
0.627556
0.627556
0.627556
0.627556
0.627556
0.627556
0.627556
0.627556
0.627556
0.627556
0.627556
0.627556
0.627556
0.627556
0.627556
0.627556
0.627556
0.627556
0.627556
0.627556
0.627556
0.627556
0.627556
0.627556
0.627556
0.627556
