0 0
0 0
0 0
0 0
0 0
0 0
0 0
0 0
0 0
0 0
0 0
0 0
0 0
0 0
0 0
0 0
0 0
0 0
0 0
0 0
0 0
0 0
0 0
0 0
0 0
0 0
0 0
0 0
0 0
0 0
0 0
0 0
0 0
0 0
0 0
0 0
0 0
0 0
0 0
0 0
0 0
0 0
0 0
0 0
0 0
0 0
0 0
0 0
0 0
0 0
0 0
0 0
0 0
0 0
0 0
0 0
0 0
0 0
0 0
0 0
0 0
0 0
0 0
0 0
0 0
0 0
0 0
0 0
0 0
0 0
0 0
0 0
0 0
0 0
0 0
0 0
0 0
0 0
0 0
0 0
0 0
0 0
0 0
0 0
0 0
0 0
0 0
0 0
0 0
0 0
0 0
0 0
0 0
0 0
0 0
0 0
0 0
0 0
0 0
0 0
0 0
0 0
0 0
0 0
0 0
0 0
0 0
0 0
0 0
0 0
0 0
0 0
0 0
0 0
0 0
0 0
0 0
0 0
0 0
0 0
0 0
0 0
0 0
0 0
0 0
0.0015 0
0.005 0
0.0075 0
0.0105 0
0.0135 0
0.0165 0
0.0195 0
0.0225 0
0.0255 0
0.0285 0
0.0315 0
0.035 0
0.039 0
0.043 0
0.047 0
0.051 0
0.055 0
0.059 0
0.063 0
0.067 0
0.0715 0
0.0765 0
0.0815 0
0.0865 0
0.0915 0
0.0965 0
0.1015 0
0.1065 0
0.1115 0
0.1165 0
0.1215 0
0.1265 0
0.1315 0
0.1365 0
0.1415 0
0.1465 0
0.1515 0
0.1565 0
0.1615 0
0.1665 0
0.1715 0
0.1765 0
0.1815 0
0.1865 0
0.1915 0
0.1965 0
0.2015 0
0.2065 0
0.2115 0
0.2165 0
0.2215 0
0.2265 0
0.2315 0
0.2365 0
0.2415 0
0.2465 0
0.2515 0
0.2565 0
0.2615 0
0.2665 0
0.2715 0
0.2765 0
0.2815 0
0.2865 0
0.2915 0
0.2965 0
0.3015 0
0.3065 0
0.3115 0
0.3165 0
0.3215 0
0.3265 0
0.3315 0
0.3365 0
0.3415 0
0.3515 -1.25e-05
0.3565 -6.24992e-05
0.361498 -0.00017499
0.366494 -0.000374936
0.371485 -0.000674756
0.376469 -0.00107433
0.381445 -0.0015735
0.386409 -0.00217206
0.39136 -0.00286977
0.396296 -0.00366636
0.401215 -0.00456151
0.406115 -0.00555486
0.410995 -0.00664601
0.415851 -0.00783452
0.420683 -0.00911992
0.425489 -0.0105017
0.430265 -0.0119793
0.435012 -0.0135521
0.439725 -0.0152196
0.444405 -0.0169809
0.449048 -0.0188355
0.453653 -0.0207826
0.458219 -0.0228214
0.467228 -0.0271597
0.471686 -0.0294241
0.480539 -0.0340751
0.48495 -0.0364282
0.489362 -0.0387813
0.493774 -0.0411345
0.498185 -0.0434876
0.502597 -0.0458407
0.507009 -0.0481939
0.51142 -0.050547
0.515832 -0.0529001
0.520244 -0.0552533
0.524655 -0.0576064
0.529067 -0.0599595
0.533479 -0.0623126
0.53789 -0.0646658
0.542302 -0.0670189
0.546714 -0.069372
0.551125 -0.0717252
0.555537 -0.0740783
0.559949 -0.0764314
0.56436 -0.0787845
0.568772 -0.0811377
0.573184 -0.0834908
0.578037 -0.0860792
0.589066 -0.0919621
0.595242 -0.0952565
0.601418 -0.0985508
0.607595 -0.101845
0.613771 -0.10514
0.619947 -0.108434
0.626124 -0.111728
0.6323 -0.115023
0.638476 -0.118317
0.644653 -0.121612
0.650829 -0.124906
0.657005 -0.1282
0.663182 -0.131495
0.669358 -0.134789
0.675534 -0.138083
0.681711 -0.141378
0.687887 -0.144672
0.694063 -0.147967
0.70024 -0.151261
0.706416 -0.154555
0.712592 -0.15785
0.718769 -0.161144
0.724945 -0.164438
0.731121 -0.167733
0.737298 -0.171027
0.743474 -0.174322
0.74965 -0.177616
0.755827 -0.18091
0.762003 -0.184205
0.768179 -0.187499
0.774356 -0.190794
0.780532 -0.194088
0.786708 -0.197382
0.792885 -0.200677
0.799061 -0.203971
0.805237 -0.207265
0.811414 -0.21056
0.81759 -0.213854
0.823766 -0.217149
0.829943 -0.220443
0.836119 -0.223737
0.842295 -0.227032
0.848472 -0.230326
0.854648 -0.23362
0.860824 -0.236915
0.867001 -0.240209
0.873177 -0.243504
0.879353 -0.246798
0.88553 -0.250092
0.891706 -0.253387
0.897882 -0.256681
0.904059 -0.259976
0.910235 -0.26327
0.916411 -0.266564
0.922588 -0.269859
0.928764 -0.273153
0.93494 -0.276447
0.941117 -0.279742
0.947293 -0.283036
0.953469 -0.286331
0.959646 -0.289625
0.965822 -0.292919
0.971998 -0.296214
0.978175 -0.299508
0.984351 -0.302802
0.990527 -0.306097
0.996704 -0.309391
1.00288 -0.312686
1.00906 -0.31598
1.01523 -0.319274
1.02141 -0.322569
1.02759 -0.325863
1.03376 -0.329158
1.03994 -0.332452
1.04611 -0.335746
1.05229 -0.339041
1.05847 -0.342335
1.06464 -0.345629
1.07082 -0.348924
1.077 -0.352218
1.08317 -0.355513
1.08935 -0.358807
1.09552 -0.362101
1.1017 -0.365396
1.10788 -0.36869
1.11405 -0.371984
1.12023 -0.375279
1.12641 -0.378573
1.13258 -0.381868
1.13876 -0.385162
1.14494 -0.388456
1.15111 -0.391751
1.15729 -0.395045
1.17008 -0.401869
1.17714 -0.405634
1.1842 -0.409399
1.19126 -0.413164
1.19832 -0.416929
1.20538 -0.420694
1.21243 -0.424459
1.21949 -0.428224
1.22655 -0.431989
1.23361 -0.435754
1.24067 -0.439519
1.24773 -0.443284
1.25479 -0.447049
1.26184 -0.450814
1.2689 -0.454579
1.27596 -0.458344
1.28302 -0.462109
1.29007 -0.465892
1.29709 -0.469727
1.30407 -0.473633
1.31101 -0.477608
1.31792 -0.481652
1.32478 -0.485765
1.3316 -0.489947
1.33838 -0.494196
1.34511 -0.498513
1.3518 -0.502897
1.35845 -0.507348
1.36505 -0.511865
1.37161 -0.516448
1.37812 -0.521097
1.38459 -0.52581
1.391 -0.530587
1.39737 -0.535429
1.40369 -0.540334
1.40996 -0.545302
1.41618 -0.550332
1.42235 -0.555424
1.42847 -0.560578
1.43454 -0.565793
1.44055 -0.571068
1.44651 -0.576403
1.45242 -0.581797
1.45828 -0.58725
1.46407 -0.592762
1.46982 -0.598331
1.47551 -0.603957
1.48114 -0.60964
1.48671 -0.615379
1.49223 -0.621173
1.49768 -0.627022
1.50308 -0.632925
1.50842 -0.638883
1.5137 -0.644893
1.51892 -0.650956
1.52408 -0.65707
1.52918 -0.663236
1.53421 -0.669453
1.53919 -0.675719
1.5441 -0.682035
1.54894 -0.6884
1.55372 -0.694813
1.55844 -0.701274
1.5631 -0.707781
1.56768 -0.714334
1.57221 -0.720934
1.57666 -0.727578
1.58105 -0.734266
1.58538 -0.740998
1.58963 -0.747772
1.59382 -0.754589
1.59794 -0.761447
1.60199 -0.768347
1.60597 -0.775286
1.60988 -0.782265
1.61372 -0.789282
1.61749 -0.796338
1.62119 -0.803431
1.62482 -0.810561
1.62837 -0.817726
1.63186 -0.824927
1.63527 -0.832163
1.63861 -0.839432
1.64188 -0.846734
1.64508 -0.854068
1.6482 -0.861434
1.65125 -0.868831
1.65422 -0.876258
1.65712 -0.883714
1.65994 -0.891199
1.66269 -0.898712
1.66536 -0.906252
1.66796 -0.913818
1.67049 -0.92141
1.67293 -0.929027
1.6753 -0.936668
1.67758 -0.944337
1.67972 -0.952046
1.6817 -0.959796
1.68353 -0.967583
1.68521 -0.975406
1.68672 -0.983261
1.68808 -0.991145
1.68928 -0.999054
1.69033 -1.00699
1.69121 -1.01494
1.69194 -1.0229
1.6925 -1.03088
1.69291 -1.03887
1.69316 -1.04687
1.69324 -1.05487
1.69317 -1.06287
1.69294 -1.07087
1.69254 -1.07886
1.69199 -1.08684
1.69128 -1.0948
1.6904 -1.10276
1.68937 -1.11069
1.68818 -1.1186
1.68684 -1.12649
1.68533 -1.13434
1.68367 -1.14217
1.68185 -1.14996
1.67988 -1.15771
1.67775 -1.16543
1.67547 -1.17309
1.67304 -1.18071
1.67045 -1.18828
1.66771 -1.1958
1.66483 -1.20326
1.66179 -1.21066
1.65861 -1.218
1.65528 -1.22528
1.6518 -1.23248
1.64819 -1.23962
1.64443 -1.24668
1.64053 -1.25367
1.63649 -1.26057
1.63231 -1.2674
1.628 -1.27413
1.62356 -1.28079
1.61898 -1.28735
1.61427 -1.29381
1.60943 -1.30019
1.60447 -1.30646
1.59938 -1.31264
1.59417 -1.31871
1.58884 -1.32467
1.5834 -1.33053
1.57783 -1.33628
1.57215 -1.34191
1.56636 -1.34743
1.56046 -1.35284
1.55446 -1.35812
1.54835 -1.36329
1.54213 -1.36833
1.53582 -1.37324
1.52941 -1.37803
1.52291 -1.38269
1.51631 -1.38721
1.50963 -1.39161
1.50286 -1.39587
1.496 -1.39999
1.48907 -1.40398
1.48205 -1.40783
1.47496 -1.41153
1.4678 -1.41509
1.46057 -1.41851
1.45327 -1.42179
1.4459 -1.42491
1.43848 -1.42789
1.431 -1.43072
1.42346 -1.4334
1.41587 -1.43593
1.40823 -1.43831
1.40054 -1.44053
1.39282 -1.4426
1.38505 -1.44451
1.37724 -1.44627
1.36941 -1.44788
1.36154 -1.44932
1.35364 -1.45061
1.34572 -1.45174
1.33778 -1.45271
1.32982 -1.45352
1.32185 -1.45417
1.31386 -1.45466
1.29787 -1.45519
1.28987 -1.45528
1.28187 -1.45531
1.27387 -1.45533
1.26587 -1.45534
1.25787 -1.45535
1.24987 -1.45536
1.24187 -1.45538
1.23387 -1.45539
1.22587 -1.4554
1.21787 -1.45541
1.20987 -1.45543
1.20187 -1.45544
1.19387 -1.45545
1.18587 -1.45547
1.17787 -1.45548
1.16987 -1.45549
1.16187 -1.4555
1.15387 -1.45552
1.14587 -1.45553
1.13787 -1.45554
1.12987 -1.45555
1.11337 -1.45558
1.10437 -1.4556
1.09487 -1.45561
1.08487 -1.45563
1.07487 -1.45564
1.06487 -1.45566
1.05487 -1.45567
1.04487 -1.45569
1.03487 -1.45571
1.02487 -1.45572
1.01487 -1.45574
1.00487 -1.45575
0.994875 -1.45577
0.984875 -1.45579
0.974875 -1.4558
0.964875 -1.45582
0.954875 -1.45583
0.944875 -1.45585
0.934875 -1.45587
0.924875 -1.45588
0.914875 -1.4559
0.904875 -1.45591
0.894875 -1.45593
0.884875 -1.45595
0.874875 -1.45596
0.864875 -1.45598
0.854875 -1.45599
0.844875 -1.45601
0.834875 -1.45602
0.824875 -1.45604
0.814875 -1.45606
0.804875 -1.45607
0.794875 -1.45609
0.784875 -1.4561
0.774875 -1.45612
0.764875 -1.45614
0.754875 -1.45615
0.744875 -1.45617
0.734875 -1.45618
0.724875 -1.4562
0.714875 -1.45622
0.704875 -1.45623
0.694875 -1.45625
0.684875 -1.45626
0.674875 -1.45628
0.664875 -1.4563
0.654875 -1.45631
0.644875 -1.45633
0.634875 -1.45634
0.624875 -1.45636
0.614875 -1.45638
0.604875 -1.45639
0.594875 -1.45641
0.584875 -1.45642
0.574875 -1.45644
0.564875 -1.45645
0.554875 -1.45647
0.544875 -1.45649
0.534875 -1.4565
0.524875 -1.45652
0.514876 -1.45653
0.504876 -1.45655
0.494876 -1.45657
0.484876 -1.45658
0.474876 -1.4566
0.464876 -1.45661
0.454876 -1.45663
0.444876 -1.45665
0.434876 -1.45666
0.424876 -1.45668
0.414876 -1.45669
0.404876 -1.45671
0.394876 -1.45673
0.384876 -1.45674
0.374876 -1.45676
0.364876 -1.45677
0.354876 -1.45679
0.344876 -1.45681
0.334876 -1.45682
0.324876 -1.45684
0.314876 -1.45685
0.304876 -1.45687
0.294876 -1.45688
0.284876 -1.4569
0.274876 -1.45692
0.264876 -1.45693
0.254876 -1.45695
0.244876 -1.45696
0.234876 -1.45698
0.224876 -1.457
0.214876 -1.45701
0.204876 -1.45703
0.194876 -1.45704
0.184876 -1.45706
0.174876 -1.45708
0.164876 -1.45709
0.154876 -1.45711
0.144876 -1.45712
0.134876 -1.45714
0.124876 -1.45716
0.114876 -1.45717
0.104876 -1.45719
0.094876 -1.4572
0.084876 -1.45722
0.0748761 -1.45726
0.0648768 -1.45738
0.0548791 -1.45759
0.0448841 -1.45791
0.0348928 -1.45832
0.0249061 -1.45884
0.014925 -1.45945
0.00495066 -1.46017
-0.00501607 -1.46099
-0.0149742 -1.4619
-0.0348631 -1.464
-0.0448009 -1.46512
-0.0547387 -1.46623
-0.0646765 -1.46734
-0.0746143 -1.46846
-0.0845521 -1.46957
-0.0944899 -1.47068
-0.104428 -1.4718
-0.114366 -1.47291
-0.124303 -1.47403
-0.134241 -1.47514
-0.144179 -1.47625
-0.154117 -1.47737
-0.164055 -1.47848
-0.173992 -1.47959
-0.18393 -1.48071
-0.193868 -1.48182
-0.203806 -1.48293
-0.213744 -1.48405
-0.223681 -1.48516
-0.233619 -1.48628
-0.243557 -1.48739
-0.253495 -1.4885
-0.263433 -1.48962
-0.27337 -1.49073
-0.283308 -1.49184
-0.293246 -1.49296
-0.303184 -1.49407
-0.313122 -1.49518
-0.323059 -1.4963
-0.332997 -1.49741
-0.342935 -1.49852
-0.352873 -1.49964
-0.362811 -1.50075
-0.372748 -1.50187
-0.382686 -1.50298
-0.392624 -1.50409
-0.402562 -1.50521
-0.4125 -1.50632
-0.422437 -1.50743
-0.432375 -1.50855
-0.442313 -1.50966
-0.452251 -1.51077
-0.462189 -1.51189
-0.472126 -1.513
-0.482064 -1.51412
-0.492002 -1.51523
-0.50194 -1.51634
-0.511878 -1.51746
-0.521815 -1.51857
-0.531753 -1.51968
-0.541691 -1.5208
-0.551629 -1.52191
-0.561567 -1.52302
-0.571504 -1.52414
-0.581442 -1.52525
-0.59138 -1.52637
-0.601318 -1.52748
-0.601318 -1.52748
-0.611256 -1.52859
-0.621193 -1.52971
-0.631131 -1.53082
-0.641069 -1.53193
-0.651007 -1.53305
-0.660945 -1.53416
-0.68082 -1.53639
-0.68082 -1.53639
-0.690758 -1.5375
-0.700696 -1.53861
-0.710634 -1.53973
-0.720571 -1.54084
-0.730509 -1.54196
-0.740447 -1.54307
-0.750385 -1.54418
-0.77026 -1.54641
-0.77026 -1.54641
-0.780198 -1.54752
-0.790136 -1.54864
-0.800074 -1.54975
-0.810012 -1.55086
-0.819949 -1.55198
-0.829887 -1.55309
-0.839825 -1.55421
-0.849763 -1.55532
-0.859701 -1.55643
-0.869638 -1.55755
-0.879576 -1.55866
-0.889514 -1.55977
-0.899452 -1.56089
-0.90939 -1.562
-0.919327 -1.56311
-0.929265 -1.56423
-0.939203 -1.56534
-0.949141 -1.56646
-0.959079 -1.56757
-0.969016 -1.56868
-0.978954 -1.5698
-0.988892 -1.57091
-0.99883 -1.57202
-1.00877 -1.57314
-1.01871 -1.57425
-1.02864 -1.57536
-1.03858 -1.57648
-1.04852 -1.57759
-1.05846 -1.5787
-1.06839 -1.57982
-1.07833 -1.58093
-1.08827 -1.58205
-1.09821 -1.58316
-1.10815 -1.58427
-1.11808 -1.58539
-1.12802 -1.5865
-1.1479 -1.5887
-1.15785 -1.58972
-1.16781 -1.59063
-1.17777 -1.59145
-1.18775 -1.59216
-1.19773 -1.59278
-1.20771 -1.59329
-1.21771 -1.59371
-1.2277 -1.59402
-1.2377 -1.59424
-1.2477 -1.59436
-1.2577 -1.59437
-1.2677 -1.59429
-1.2777 -1.5941
-1.28769 -1.59382
-1.29768 -1.59344
-1.30767 -1.59295
-1.31766 -1.59237
-1.32763 -1.59169
-1.3376 -1.5909
-1.34756 -1.59002
-1.35751 -1.58901
-1.36744 -1.58783
-1.37735 -1.58645
-1.38722 -1.58487
-1.39706 -1.5831
-1.40687 -1.58113
-1.41663 -1.57896
-1.42635 -1.5766
-1.43601 -1.57404
-1.44563 -1.5713
-1.45519 -1.56836
-1.46468 -1.56522
-1.47412 -1.56191
-1.48348 -1.5584
-1.49277 -1.5547
-1.50199 -1.55082
-1.50199 -1.55082
-1.50199 -1.55082
-1.50199 -1.55082
-1.50199 -1.55082
-1.50199 -1.55082
-1.50199 -1.55082
-1.50199 -1.55082
-1.50199 -1.55082
-1.50199 -1.55082
-1.50199 -1.55082
-1.50199 -1.55082
-1.50199 -1.55082
-1.50199 -1.55082
-1.50199 -1.55082
-1.50199 -1.55082
-1.50199 -1.55082
-1.50199 -1.55082
-1.50199 -1.55082
-1.50199 -1.55082
-1.50199 -1.55082
-1.50199 -1.55082
-1.50199 -1.55082
-1.50199 -1.55082
-1.50199 -1.55082
-1.50199 -1.55082
-1.50199 -1.55082
-1.50199 -1.55082
-1.50199 -1.55082
-1.50199 -1.55082
-1.50199 -1.55082
-1.50199 -1.55082
-1.50199 -1.55082
-1.50199 -1.55082
-1.50199 -1.55082
-1.50199 -1.55082
-1.50199 -1.55082
-1.50199 -1.55082
-1.50199 -1.55082
-1.50199 -1.55082
-1.50199 -1.55082
-1.50199 -1.55082
-1.50199 -1.55082
-1.50199 -1.55082
-1.50199 -1.55082
-1.50199 -1.55082
-1.50199 -1.55082
-1.50199 -1.55082
-1.50199 -1.55082
-1.50199 -1.55082
-1.50199 -1.55082
-1.50199 -1.55082
-1.50199 -1.55082
-1.50199 -1.55082
-1.50199 -1.55082
-1.50199 -1.55082
-1.50199 -1.55082
-1.50199 -1.55082
-1.50199 -1.55082
-1.50199 -1.55082
-1.50227 -1.55041
-1.50364 -1.54832
-1.50474 -1.54665
-1.50584 -1.54498
-1.50694 -1.54331
-1.50804 -1.54164
-1.50914 -1.53997
-1.51024 -1.5383
-1.51134 -1.53663
-1.51244 -1.53495
-1.51352 -1.53327
-1.51459 -1.53158
-1.51564 -1.52988
-1.51667 -1.52816
-1.51768 -1.52644
-1.51868 -1.52471
-1.51966 -1.52296
-1.52063 -1.52121
-1.5225 -1.51768
-1.52343 -1.51591
-1.52436 -1.51414
-1.52529 -1.51236
-1.52621 -1.51059
-1.52714 -1.50882
-1.5283 -1.50661
-1.52969 -1.50395
-1.53271 -1.49819
-1.53456 -1.49465
-1.53665 -1.49066
-1.53897 -1.48623
-1.54152 -1.48136
-1.54732 -1.47028
-1.55057 -1.46408
-1.55405 -1.45744
-1.55776 -1.45035
-1.5617 -1.44282
-1.56588 -1.43485
-1.57005 -1.42688
-1.57423 -1.4189
-1.5784 -1.41093
-1.58258 -1.40296
-1.58675 -1.39498
-1.59093 -1.38701
-1.5951 -1.37904
-1.59928 -1.37106
-1.60345 -1.36309
-1.60763 -1.35512
-1.6118 -1.34715
-1.62039 -1.33076
-1.62502 -1.3219
-1.62966 -1.31304
-1.6343 -1.30418
-1.63894 -1.29532
-1.64358 -1.28646
-1.64822 -1.2776
-1.65286 -1.26874
-1.6575 -1.25989
-1.66214 -1.25103
-1.66677 -1.24217
-1.67141 -1.23331
-1.67605 -1.22445
-1.68069 -1.21559
-1.68533 -1.20673
-1.68997 -1.19787
-1.69461 -1.18901
-1.69925 -1.18016
-1.70389 -1.1713
-1.70853 -1.16244
-1.71316 -1.15358
-1.7178 -1.14472
-1.72244 -1.13586
-1.72706 -1.12699
-1.73161 -1.11809
-1.73607 -1.10914
-1.74044 -1.10014
-1.74472 -1.0911
-1.74891 -1.08203
-1.75301 -1.0729
-1.75702 -1.06374
-1.76096 -1.05455
-1.76488 -1.04535
-1.76879 -1.03615
-1.77271 -1.02695
-1.77662 -1.01775
-1.78054 -1.00854
-1.78446 -0.999343
-1.78837 -0.990142
-1.79229 -0.980941
-1.79621 -0.971739
-1.80012 -0.962538
-1.80404 -0.953337
-1.80795 -0.944136
-1.81187 -0.934934
-1.81579 -0.925733
-1.8197 -0.916532
-1.82362 -0.90733
-1.82753 -0.898129
-1.83145 -0.888928
-1.83537 -0.879727
-1.83928 -0.870525
-1.8432 -0.861324
-1.84712 -0.852123
-1.85103 -0.842921
-1.85495 -0.83372
-1.85886 -0.824519
-1.86298 -0.814858
-1.86728 -0.804736
-1.87159 -0.794615
-1.8759 -0.784493
-1.88021 -0.774372
-1.88451 -0.764251
-1.88882 -0.754129
-1.89313 -0.744008
-1.89744 -0.733886
-1.90175 -0.723765
-1.90605 -0.713643
-1.91036 -0.703522
-1.91467 -0.693401
-1.91898 -0.683279
-1.92328 -0.673158
-1.92759 -0.663036
-1.9319 -0.652915
-1.93621 -0.642794
-1.94052 -0.632672
-1.94482 -0.622551
-1.94913 -0.612429
-1.95344 -0.602308
-1.95775 -0.592187
-1.96206 -0.582065
-1.96636 -0.571944
-1.97067 -0.561822
-1.97498 -0.551701
-1.97929 -0.54158
-1.98359 -0.531458
-1.9879 -0.521337
-1.99221 -0.511215
-1.99652 -0.501094
-2.00083 -0.490972
-2.00513 -0.480851
-2.00944 -0.47073
-2.01375 -0.460608
-2.01806 -0.450487
-2.02236 -0.440365
-2.02667 -0.430244
-2.03098 -0.420123
-2.03529 -0.410001
-2.0396 -0.39988
-2.0439 -0.389758
-2.04821 -0.379637
-2.05252 -0.369516
-2.05683 -0.359394
-2.06113 -0.349273
-2.06544 -0.339151
-2.06975 -0.32903
-2.07406 -0.318909
-2.07837 -0.308787
-2.08267 -0.298666
-2.08698 -0.288544
-2.09129 -0.278423
-2.0956 -0.268302
-2.0999 -0.25818
-2.10421 -0.248059
-2.10852 -0.237937
-2.11283 -0.227816
-2.11714 -0.217694
-2.12144 -0.207573
-2.12575 -0.197452
-2.13006 -0.18733
-2.13437 -0.177209
-2.13867 -0.167087
-2.14298 -0.156966
-2.14729 -0.146845
-2.1516 -0.136723
-2.15591 -0.126602
-2.16021 -0.11648
-2.16452 -0.106359
-2.16883 -0.0962376
-2.17314 -0.0861161
-2.17744 -0.0759947
-2.18175 -0.0658733
-2.18606 -0.0557519
-2.19037 -0.0456305
-2.19468 -0.0355091
-2.19898 -0.0253877
-2.20329 -0.0152663
-2.2076 -0.00514488
-2.21191 0.00497653
-2.21621 0.0150979
-2.22052 0.0252193
-2.22483 0.0353408
-2.22914 0.0454622
-2.23345 0.0555836
-2.23775 0.065705
-2.24206 0.0758264
-2.24637 0.0859478
-2.25068 0.0960692
-2.25499 0.106191
-2.25929 0.116312
-2.2636 0.126433
-2.26791 0.136555
-2.27222 0.146676
-2.27652 0.156798
-2.28083 0.166919
-2.28514 0.17704
-2.28945 0.187162
-2.29376 0.197283
-2.29806 0.207405
-2.30237 0.217526
-2.30668 0.227648
-2.31099 0.237769
-2.31529 0.24789
-2.3196 0.258012
-2.32391 0.268133
-2.32822 0.278255
-2.33253 0.288376
-2.33683 0.298497
-2.34114 0.308619
-2.34545 0.31874
-2.35404 0.338994
-2.35825 0.349158
-2.36235 0.359363
-2.36635 0.369609
-2.37025 0.379895
-2.37405 0.390219
-2.37774 0.40058
-2.38133 0.410978
-2.38479 0.42142
-2.38807 0.431921
-2.39113 0.442486
-2.3966 0.463794
-2.39892 0.474547
-2.40091 0.485364
-2.40258 0.496237
-2.40392 0.507155
-2.40494 0.518108
-2.40562 0.529086
-2.40598 0.540081
-2.40601 0.551081
-2.4057 0.562076
-2.40507 0.573058
-2.40411 0.584016
-2.40282 0.59494
-2.4012 0.60582
-2.39926 0.616647
-2.39699 0.627411
-2.3944 0.638102
-2.39149 0.648711
-2.38827 0.659227
-2.38473 0.669642
-2.38087 0.679946
-2.37672 0.69013
-2.37226 0.700185
-2.36749 0.710101
-2.36244 0.71987
-2.35709 0.729483
-2.35146 0.738931
-2.34554 0.748206
-2.33936 0.7573
-2.3329 0.766204
-2.32617 0.77491
-2.31919 0.78341
-2.31196 0.791697
-2.30448 0.799764
-2.29676 0.807602
-2.28883 0.815225
-2.28073 0.822668
-2.2725 0.829969
-2.26418 0.837165
-2.25579 0.844278
-2.24733 0.851307
-2.2388 0.858251
-2.2302 0.86511
-2.22153 0.871882
-2.2128 0.878566
-2.20399 0.885164
-2.19513 0.891673
-2.18619 0.898092
-2.1772 0.904423
-2.16814 0.910663
-2.15902 0.916812
-2.14984 0.922869
-2.1406 0.928835
-2.13129 0.934707
-2.12193 0.940487
-2.11252 0.946172
-2.10305 0.951763
-2.09352 0.957259
-2.08393 0.96266
-2.0743 0.967964
-2.06461 0.973172
-2.05487 0.978283
-2.04508 0.983296
-2.03523 0.98821
-2.02535 0.993027
-2.01541 0.997744
-2.00542 1.00236
-1.99539 1.00688
-1.98532 1.0113
-1.9752 1.01561
-1.96504 1.01983
-1.95484 1.02394
-1.9446 1.02795
-1.93431 1.03186
-1.92399 1.03566
-1.91363 1.03936
-1.90324 1.04296
-1.89281 1.04645
-1.88234 1.04984
-1.87185 1.05313
-1.86131 1.05631
-1.84017 1.06237
-1.82958 1.06534
-1.8084 1.0713
-1.79784 1.07438
-1.78731 1.07756
-1.77681 1.08084
-1.76635 1.08426
-1.75596 1.08785
-1.74564 1.09166
-1.73539 1.09567
-1.72523 1.09988
-1.71516 1.1043
-1.70517 1.10892
-1.69528 1.11373
-1.68549 1.11875
-1.6758 1.12395
-1.66622 1.12935
-1.65675 1.13495
-1.64739 1.14072
-1.63815 1.14669
-1.62903 1.15284
-1.62003 1.15917
-1.61115 1.16566
-1.60234 1.17225
-1.59361 1.17894
-1.58494 1.18571
-1.57634 1.19257
-1.56781 1.19951
-1.55935 1.20654
-1.55096 1.21365
-1.54264 1.22085
-1.53439 1.22813
-1.52622 1.23549
-1.51812 1.24294
-1.51009 1.25046
-1.50214 1.25806
-1.49427 1.26575
-1.48648 1.27351
-1.47876 1.28134
-1.47112 1.28926
-1.46356 1.29725
-1.45608 1.30532
-1.44868 1.31346
-1.44137 1.32167
-1.43414 1.32996
-1.42698 1.33832
-1.41992 1.34675
-1.41294 1.35525
-1.39921 1.37244
-1.3924 1.38108
-1.38559 1.38972
-1.37878 1.39836
-1.37197 1.40699
-1.36516 1.41563
-1.35835 1.42427
-1.35154 1.43291
-1.34473 1.44155
-1.33792 1.45019
-1.33111 1.45882
-1.3243 1.46746
-1.31749 1.4761
-1.31068 1.48474
-1.30384 1.49336
-1.29695 1.50193
-1.28997 1.51043
-1.2829 1.51886
-1.27575 1.52722
-1.26852 1.53551
-1.2612 1.54372
-1.2538 1.55186
-1.24632 1.55993
-1.23876 1.56792
-1.23113 1.57584
-1.22341 1.58367
-1.21561 1.59143
-1.20774 1.59912
-1.19979 1.60672
-1.19177 1.61424
-1.18367 1.62169
-1.17549 1.62905
-1.16725 1.63633
-1.15893 1.64353
-1.15054 1.65064
-1.14208 1.65767
-1.13355 1.66461
-1.12494 1.67147
-1.11628 1.67824
-1.10754 1.68493
-1.09874 1.69152
-1.08987 1.69803
-1.08094 1.70445
-1.07194 1.71078
-1.06288 1.71702
-1.05376 1.72317
-1.04458 1.72923
-1.03534 1.73519
-1.02604 1.74107
-1.00728 1.75256
-0.99786 1.75824
-0.988443 1.76393
-0.979026 1.76961
-0.969609 1.7753
-0.960193 1.78098
-0.950776 1.78667
-0.941359 1.79235
-0.931942 1.79804
-0.922526 1.80373
-0.913109 1.80941
-0.903692 1.8151
-0.894275 1.82078
-0.884859 1.82647
-0.875442 1.83215
-0.865597 1.8381
-0.855324 1.8443
-0.844624 1.85076
-0.833495 1.85748
-0.822366 1.8642
-0.811237 1.87092
-0.800108 1.87764
-0.788979 1.88436
-0.77785 1.89108
-0.766722 1.89779
-0.755593 1.90451
-0.744464 1.91123
-0.733335 1.91795
-0.722206 1.92467
-0.711077 1.93139
-0.699948 1.93811
-0.68882 1.94483
-0.677691 1.95155
-0.666562 1.95827
-0.655433 1.96499
-0.644304 1.97171
-0.633175 1.97843
-0.622046 1.98515
-0.610917 1.99186
-0.599789 1.99858
-0.58866 2.0053
-0.577531 2.01202
-0.566402 2.01874
-0.555273 2.02546
-0.544144 2.03218
-0.533015 2.0389
-0.521887 2.04562
-0.510758 2.05234
-0.499629 2.05906
-0.4885 2.06578
-0.477371 2.0725
-0.466242 2.07921
-0.455113 2.08593
-0.443984 2.09265
-0.432856 2.09937
-0.421727 2.10609
-0.410598 2.11281
-0.388323 2.12622
-0.377128 2.13283
-0.365851 2.1393
-0.354462 2.14557
-0.34295 2.15161
-0.33132 2.15741
-0.319576 2.16299
-0.307723 2.16833
-0.295765 2.17343
-0.283708 2.17829
-0.271556 2.18291
-0.259314 2.18728
-0.246987 2.19141
-0.23458 2.19529
-0.222098 2.19892
-0.209545 2.2023
-0.196928 2.20544
-0.18425 2.20831
-0.171518 2.21094
-0.158735 2.2133
-0.145908 2.21542
-0.133041 2.21727
-0.120139 2.21887
-0.107209 2.22021
-0.0942535 2.22129
-0.0812795 2.22211
-0.0682916 2.22267
-0.0552951 2.22297
-0.0422951 2.22301
-0.029297 2.22279
-0.0163058 2.22232
-0.00332676 2.22158
0.0096349 2.22058
0.022574 2.21932
0.0354854 2.21781
0.0483639 2.21603
0.0612044 2.214
0.0740018 2.21172
0.0867508 2.20918
0.0994464 2.20638
0.112084 2.20333
0.124657 2.20003
0.137162 2.19647
0.149594 2.19267
0.161947 2.18862
0.174216 2.18433
0.186398 2.17979
0.198486 2.175
0.210475 2.16998
0.222362 2.16471
0.234142 2.15921
0.245809 2.15348
0.257359 2.14751
0.280073 2.13487
0.291178 2.12811
0.302074 2.12102
0.312753 2.1136
0.323205 2.10587
0.333421 2.09783
0.34339 2.08949
0.353105 2.08085
0.362556 2.07193
0.371736 2.06272
0.380635 2.05324
0.389246 2.0435
0.397561 2.03351
0.405572 2.02327
0.413273 2.0128
0.420656 2.0021
0.427714 1.99118
0.434442 1.98006
0.440834 1.96874
0.446883 1.95723
0.452584 1.94555
0.457932 1.9337
0.462922 1.9217
0.46755 1.90955
0.471812 1.89727
0.475703 1.88486
0.479252 1.87236
0.485564 1.84713
0.488451 1.83446
0.491212 1.82176
0.493845 1.80902
0.496383 1.79628
0.498889 1.78352
0.501395 1.77076
0.503901 1.75801
0.508913 1.73249
0.511419 1.71974
0.513925 1.70698
0.516431 1.69423
0.518937 1.68147
0.521443 1.66871
0.523949 1.65596
0.526455 1.6432
0.526455 1.6432
0.528961 1.63044
0.531467 1.61769
0.533973 1.60493
0.536479 1.59218
0.538985 1.57942
0.543997 1.55391
0.543997 1.55391
0.546503 1.54115
0.549009 1.5284
0.55402 1.50288
0.55402 1.50288
0.556526 1.49013
0.559032 1.47737
0.561538 1.46461
0.564044 1.45186
0.56655 1.4391
0.569056 1.42635
0.571562 1.41359
0.574068 1.40083
0.576574 1.38808
0.57908 1.37532
0.581586 1.36256
0.584092 1.34981
0.586598 1.33705
0.589104 1.3243
0.59161 1.31154
0.594116 1.29878
0.596622 1.28603
0.599128 1.27327
0.601634 1.26052
0.60414 1.24776
0.606646 1.235
0.609152 1.22225
0.611658 1.20949
0.614164 1.19673
0.61667 1.18398
0.619176 1.17122
0.621682 1.15847
0.624188 1.14571
0.626694 1.13295
0.6292 1.1202
0.631706 1.10744
0.634212 1.09469
0.636718 1.08193
0.639224 1.06917
0.64173 1.05642
0.644236 1.04366
0.646742 1.0309
0.649248 1.01815
0.651754 1.00539
0.654259 0.992636
0.656765 0.97988
0.659271 0.967123
0.661777 0.954367
0.664283 0.941611
0.666789 0.928855
0.671801 0.903343
0.671801 0.903343
0.674307 0.890586
0.676813 0.87783
0.679319 0.865074
0.681825 0.852318
0.684331 0.839562
0.686837 0.826805
0.689343 0.814049
0.691849 0.801293
0.694355 0.788537
0.696861 0.775781
0.699367 0.763025
0.704347 0.737506
0.706725 0.724725
0.708944 0.711916
0.710938 0.69907
0.712674 0.686186
0.714153 0.673271
0.715373 0.660328
0.716334 0.647364
0.717035 0.634383
0.717477 0.62139
0.717658 0.608391
0.71758 0.595392
0.717242 0.582396
0.716644 0.56941
0.715786 0.556438
0.714669 0.543486
0.713294 0.530559
0.71166 0.517662
0.709768 0.504801
0.70762 0.491979
0.705216 0.479204
0.702556 0.466479
0.699643 0.453809
0.696477 0.441201
0.693059 0.428658
0.689392 0.416186
0.685475 0.40379
0.681312 0.391475
0.67222 0.367118
0.667205 0.355124
0.661833 0.343286
0.656108 0.331615
0.650035 0.32012
0.643621 0.308813
0.63687 0.297703
0.629789 0.286801
0.622384 0.276116
0.614662 0.265658
0.60663 0.255436
0.598295 0.24546
0.589664 0.235738
0.580746 0.226279
0.571548 0.217093
0.562078 0.208186
0.552346 0.199567
0.54236 0.191245
0.532128 0.183225
0.52166 0.175516
0.510966 0.168125
0.500055 0.161057
0.488937 0.15432
0.477622 0.14792
0.466119 0.141862
0.454441 0.136151
0.442596 0.130794
0.430596 0.125794
0.418451 0.121156
0.406173 0.116885
0.393772 0.112984
0.38126 0.109457
0.368647 0.106306
0.355946 0.103535
0.343167 0.101147
0.330323 0.0991429
0.317424 0.097525
0.304482 0.0962947
0.291509 0.0954532
0.278517 0.0950012
0.265518 0.094939
0.252522 0.0952669
0.239541 0.0959844
0.213671 0.0985533
0.20079 0.100306
0.17514 0.10455
0.162362 0.106944
0.149603 0.109434
0.13685 0.111956
0.124096 0.114477
0.111343 0.116999
0.0985903 0.119521
0.0858373 0.122043
0.0730842 0.124565
0.0603312 0.127086
0.0475781 0.129608
0.034825 0.13213
0.022072 0.134652
0.00931891 0.137174
-0.00343415 0.139695
-0.0161872 0.142217
-0.0289403 0.144739
-0.0416933 0.147261
-0.0544464 0.149783
-0.0671994 0.152304
-0.0799525 0.154826
-0.0927056 0.157348
-0.105459 0.15987
-0.118212 0.162392
-0.130965 0.164913
-0.143718 0.167435
-0.156471 0.169957
-0.169224 0.172479
-0.181977 0.175001
-0.19473 0.177522
-0.207483 0.180044
-0.220236 0.182566
-0.232989 0.185088
-0.245742 0.18761
-0.258495 0.190131
-0.271248 0.192653
-0.284001 0.195175
-0.296755 0.197697
-0.309508 0.200219
-0.322261 0.20274
-0.335014 0.205262
-0.347767 0.207784
-0.36052 0.210306
-0.373273 0.212828
-0.386026 0.215349
-0.398779 0.217871
-0.411532 0.220393
-0.424285 0.222915
-0.437038 0.225437
-0.449791 0.227958
-0.462544 0.23048
-0.475297 0.233002
-0.48805 0.235524
-0.500803 0.238045
-0.513557 0.240567
-0.52631 0.243089
-0.539063 0.245611
-0.551816 0.248133
-0.564569 0.250654
-0.577322 0.253176
-0.590075 0.255698
-0.602828 0.25822
-0.615581 0.260742
-0.615581 0.260742
-0.615581 0.260742
-0.615581 0.260742
-0.615581 0.260742
-0.615581 0.260742
-0.615581 0.260742
-0.615581 0.260742
-0.615581 0.260742
-0.615581 0.260742
-0.615581 0.260742
-0.615581 0.260742
-0.615581 0.260742
-0.615581 0.260742
-0.615581 0.260742
-0.615581 0.260742
-0.615581 0.260742
-0.615581 0.260742
-0.615581 0.260742
-0.615581 0.260742
-0.615581 0.260742
-0.615581 0.260742
-0.615581 0.260742
-0.615581 0.260742
-0.615581 0.260742
-0.615581 0.260742
-0.615581 0.260742
-0.615581 0.260742
-0.615581 0.260742
-0.615581 0.260742
-0.615581 0.260742
-0.615581 0.260742
-0.615581 0.260742
-0.615581 0.260742
-0.615581 0.260742
-0.615581 0.260742
-0.615581 0.260742
-0.615581 0.260742
-0.615581 0.260742
-0.615581 0.260742
-0.615581 0.260742
-0.615581 0.260742
-0.615581 0.260742
-0.615581 0.260742
-0.615581 0.260742
-0.615581 0.260742
-0.615581 0.260742
-0.615581 0.260742
-0.615581 0.260742
-0.615581 0.260742
-0.615581 0.260742
-0.615581 0.260742
-0.615581 0.260742
-0.615581 0.260742
-0.615581 0.260742
-0.615581 0.260742
-0.615581 0.260742
-0.615581 0.260742
-0.615581 0.260742
-0.615581 0.260742
-0.615581 0.260742
-0.615581 0.260742
-0.615581 0.260742
-0.615581 0.260742
-0.615581 0.260742
-0.615581 0.260742
-0.615581 0.260742
-0.615581 0.260742
-0.615581 0.260742
-0.615581 0.260742
