0 0
0 0
0 0
0 0
0 0
0 0
0 0
0 0
0 0
0 0
0 0
0 0
0 0
0 0
0 0
0 0
0 0
0 0
0 0
0 0
0 0
0 0
0 0
0 0
0 0
0 0
0 0
0 0
0 0
0 0
0 0
0 0
0 0
0 0
0 0
0 0
0 0
0 0
0 0
0 0
0 0
0 0
0 0
0 0
0 0
0 0
0 0
0 0
0 0
0 0
0 0
0 0
0 0
0 0
0 0
0 0
0 0
0 0
0 0
0 0
0 0
0 0
0 0
0 0
0 0
0 0
0 0
0 0
0 0
0 0
0 0
0 0
0 0
-0.000763619 8.0588e-05
-0.000774162 8.17412e-05
-0.000784636 8.28931e-05
-0.000791511 8.36527e-05
-0.00079846 8.44232e-05
-0.000812164 8.59511e-05
-0.000822387 8.70985e-05
-0.000832544 8.82446e-05
-0.000842635 8.9389e-05
-0.00085266 9.0532e-05
-0.00086262 9.16734e-05
-0.000872516 9.28132e-05
-0.000882348 9.39515e-05
-0.000888899 9.47133e-05
-0.000901818 9.62237e-05
-0.000911458 9.73575e-05
-0.000891873 8.73058e-05
-0.000777879 8.99784e-05
0.000224709 7.88615e-05
0.00141128 5.28677e-05
0.00512058 -3.3162e-05
0.00708572 -8.05913e-05
0.0109862 -0.00017437
0.0129522 -0.000221247
0.0168592 -0.000313554
0.0188299 -0.000359897
0.0237547 -0.000475248
0.0258532 -0.000524369
0.0281732 -0.000578782
0.0334389 -0.00070292
0.0361069 -0.000765877
0.0414167 -0.000891475
0.0440983 -0.000955142
0.049435 -0.00108251
0.0534593 -0.0011793
0.0574935 -0.00127712
0.0605228 -0.00135135
0.0670634 -0.00151379
0.0738481 -0.00168553
0.0771914 -0.00177133
0.0822506 -0.00190198
0.0872953 -0.00203374
0.0923241 -0.00216293
0.0972657 -0.00228753
0.100412 -0.00238318
0.106806 -0.00256567
0.110111 -0.00266641
0.116671 -0.0028654
0.119978 -0.00296505
0.126555 -0.00316285
0.129876 -0.0032625
0.136485 -0.00346064
0.141468 -0.00361017
0.146465 -0.00376045
0.149819 -0.00386165
0.156495 -0.00406404
0.159867 -0.00416689
0.166575 -0.00437308
0.169961 -0.00447808
0.176694 -0.00468919
0.180087 -0.00479681
0.186813 -0.00501145
0.190191 -0.00512031
0.196873 -0.00533175
0.203321 -0.00554929
0.208079 -0.00571073
0.211275 -0.00583004
0.217882 -0.00607559
0.221138 -0.00619621
0.224446 -0.00631844
0.231025 -0.0065612
0.234348 -0.0066836
0.240959 -0.00692709
0.244298 -0.00705016
0.250944 -0.00729561
0.2543 -0.00741996
0.260979 -0.00766848
0.264351 -0.00779465
0.271062 -0.00804733
0.276119 -0.00823952
0.281182 -0.00843371
0.286243 -0.00862936
0.291293 -0.00882555
0.294667 -0.00895778
0.301333 -0.00921379
0.306106 -0.00940713
0.310826 -0.00959995
0.314041 -0.009743
0.320597 -0.010036
0.327208 -0.0103302
0.330469 -0.0104749
0.335445 -0.0107018
0.340476 -0.0109569
0.345563 -0.0112683
0.349001 -0.0115217
0.355866 -0.0121628
0.359327 -0.0125566
0.366197 -0.0134801
0.373108 -0.0146015
0.376502 -0.0152235
0.38162 -0.0162508
0.386696 -0.0173764
0.390007 -0.01816
0.39651 -0.0198354
0.399843 -0.0207603
0.406422 -0.0227228
0.40972 -0.0237759
0.416232 -0.0259951
0.421096 -0.0277764
0.425928 -0.029655
0.429146 -0.0309679
0.435476 -0.0336973
0.439979 -0.0357712
0.444023 -0.0377667
0.449246 -0.0405831
0.451946 -0.0421306
0.456277 -0.044687
0.460585 -0.047274
0.464779 -0.0497924
0.468819 -0.0522091
0.474492 -0.0555905
0.478742 -0.0581228
0.48155 -0.0597947
0.487262 -0.063192
0.490082 -0.0648675
0.492949 -0.0665702
0.498657 -0.0699564
0.502961 -0.072508
0.507277 -0.0750645
0.510174 -0.07678
0.515936 -0.0801911
0.520273 -0.0827581
0.524611 -0.0853259
0.527514 -0.0870452
0.533098 -0.0903578
0.536974 -0.09269
0.541071 -0.0951937
0.546771 -0.0986915
0.551349 -0.101497
0.556145 -0.104416
0.559592 -0.106484
0.565494 -0.110004
0.571467 -0.113563
0.577453 -0.117125
0.583454 -0.120693
0.589471 -0.124268
0.597558 -0.129069
0.601551 -0.131439
0.605607 -0.133845
0.613658 -0.138624
0.619643 -0.142178
0.625354 -0.1456
0.6293 -0.147988
0.637245 -0.152804
0.643094 -0.156348
0.649004 -0.15992
0.652987 -0.162326
0.660905 -0.167107
0.664902 -0.169517
0.672857 -0.17431
0.676875 -0.176729
0.684871 -0.181541
0.690899 -0.185166
0.696933 -0.188795
0.702964 -0.192423
0.708876 -0.195984
0.714573 -0.199451
0.718542 -0.201887
0.726453 -0.206745
0.732253 -0.210304
0.738167 -0.213924
0.744094 -0.217551
0.75003 -0.22118
0.75598 -0.224814
0.761945 -0.228455
0.765951 -0.230898
0.773924 -0.235757
0.777948 -0.238209
0.785945 -0.243081
0.791953 -0.246742
0.795907 -0.249154
0.803494 -0.253833
0.807471 -0.256306
0.815343 -0.261202
0.819198 -0.263597
0.827023 -0.268449
0.83098 -0.270902
0.838848 -0.275774
0.842821 -0.278231
0.850728 -0.283118
0.854722 -0.285585
0.86267 -0.290492
0.866682 -0.292968
0.874652 -0.297885
0.878663 -0.300362
0.886386 -0.305142
0.892128 -0.308743
0.898043 -0.312468
0.903915 -0.316164
0.909683 -0.31979
0.915567 -0.323482
0.92346 -0.328432
0.927355 -0.330872
0.931316 -0.333353
0.937241 -0.33706
0.943182 -0.340775
0.951107 -0.345726
0.957077 -0.349456
0.963048 -0.353187
0.968996 -0.356904
0.976604 -0.361695
0.980457 -0.364148
0.984404 -0.366665
0.992162 -0.371607
0.997948 -0.375286
1.00381 -0.379011
1.00968 -0.382737
1.01556 -0.386467
1.02146 -0.390204
1.02542 -0.392711
1.0333 -0.397699
1.03728 -0.400216
1.04519 -0.40522
1.04918 -0.407742
1.05705 -0.412718
1.06082 -0.415122
1.06848 -0.420048
1.07241 -0.422585
1.08011 -0.427543
1.0859 -0.43127
1.09373 -0.436304
1.0976 -0.438785
1.10152 -0.441305
1.11001 -0.446749
1.11453 -0.449641
1.12351 -0.455394
1.12805 -0.458297
1.13705 -0.464063
1.14378 -0.468373
1.15027 -0.472555
1.15694 -0.47689
1.16362 -0.481233
1.17018 -0.485495
1.17464 -0.488393
1.18352 -0.494147
1.188 -0.497048
1.19691 -0.502817
1.20363 -0.507164
1.21037 -0.51152
1.21714 -0.515906
1.22169 -0.518877
1.23067 -0.524868
1.23711 -0.529298
1.24358 -0.533897
1.25 -0.538556
1.25641 -0.543289
1.2607 -0.546518
1.26919 -0.553024
1.27344 -0.556351
1.28184 -0.563054
1.28604 -0.566482
1.29435 -0.573386
1.29851 -0.576914
1.3067 -0.584014
1.31079 -0.58763
1.3188 -0.594864
1.32453 -0.600147
1.33213 -0.607368
1.33592 -0.611053
1.33976 -0.614824
1.34731 -0.622403
1.35109 -0.626269
1.35669 -0.632098
1.36224 -0.638
1.36955 -0.64596
1.37499 -0.652023
1.38036 -0.658139
1.38392 -0.662257
1.39073 -0.670281
1.39419 -0.674412
1.40095 -0.682658
1.40581 -0.688749
1.41073 -0.695069
1.41562 -0.701479
1.42208 -0.710172
1.42522 -0.714497
1.42839 -0.718917
1.43459 -0.727768
1.43766 -0.732257
1.44364 -0.741161
1.44795 -0.747724
1.45232 -0.754493
1.45663 -0.761317
1.46089 -0.768185
1.46508 -0.775089
1.46912 -0.78191
1.47179 -0.78653
1.47707 -0.795899
1.48095 -0.80301
1.48477 -0.810166
1.4885 -0.817351
1.4921 -0.824442
1.49443 -0.829112
1.49913 -0.838715
1.50259 -0.846
1.506 -0.853333
1.50934 -0.860715
1.51154 -0.865684
1.51582 -0.875598
1.51792 -0.880606
1.52192 -0.890465
1.52389 -0.895512
1.52771 -0.905558
1.53041 -0.912928
1.53308 -0.920366
1.53486 -0.925442
1.5383 -0.935581
1.5408 -0.943254
1.54324 -0.95097
1.54484 -0.956165
1.54791 -0.966532
1.55088 -0.977042
1.55228 -0.982233
1.55434 -0.990097
1.55628 -0.997861
1.5581 -1.00541
1.5593 -1.01057
1.56163 -1.02097
1.56275 -1.02626
1.56483 -1.03688
1.56621 -1.04493
1.56743 -1.05303
1.56816 -1.05848
1.56939 -1.06936
1.5699 -1.07485
1.57068 -1.08575
1.57097 -1.0911
1.57136 -1.10176
1.57145 -1.10722
1.57144 -1.11806
1.57124 -1.12616
1.57087 -1.13431
1.57034 -1.14247
1.56935 -1.1534
1.56876 -1.15879
1.56732 -1.16968
1.56652 -1.17499
1.56519 -1.18293
1.56368 -1.19093
1.56259 -1.19628
1.5602 -1.20688
1.55822 -1.21482
1.55681 -1.22013
1.55378 -1.23063
1.55215 -1.23589
1.54872 -1.24621
1.54696 -1.25113
1.54318 -1.26089
1.54009 -1.2683
1.53683 -1.27572
1.53341 -1.28309
1.52985 -1.29041
1.52737 -1.29529
1.52224 -1.30488
1.51821 -1.31203
1.51542 -1.31678
1.50969 -1.32611
1.5067 -1.33075
1.50066 -1.33976
1.49757 -1.34418
1.4912 -1.35295
1.48461 -1.36154
1.48139 -1.36554
1.4763 -1.37161
1.47093 -1.37775
1.46351 -1.38582
1.45782 -1.39173
1.45399 -1.39556
1.45006 -1.39939
1.44224 -1.40673
1.43824 -1.41034
1.43006 -1.41744
1.42587 -1.42095
1.41739 -1.42776
1.41304 -1.43111
1.40426 -1.43761
1.39754 -1.44235
1.39073 -1.44695
1.38618 -1.44991
1.37712 -1.45549
1.37029 -1.45949
1.36326 -1.46343
1.3561 -1.46726
1.34886 -1.47096
1.34396 -1.47336
1.3341 -1.47794
1.32659 -1.48122
1.31899 -1.48435
1.31386 -1.48637
1.30359 -1.49017
1.29585 -1.49283
1.28832 -1.49527
1.28054 -1.49764
1.27529 -1.49914
1.26488 -1.50192
1.25963 -1.5032
1.24904 -1.50555
1.24367 -1.50663
1.23295 -1.50856
1.22484 -1.50981
1.21672 -1.5109
1.20865 -1.51182
1.2008 -1.51257
1.19537 -1.513
1.18454 -1.51366
1.17907 -1.51389
1.16818 -1.51413
1.16268 -1.51414
1.15175 -1.51395
1.14624 -1.51374
1.13544 -1.51315
1.13005 -1.51278
1.1194 -1.51197
1.11144 -1.51133
1.10353 -1.5107
1.0929 -1.50986
1.08496 -1.50923
1.07971 -1.50882
1.06901 -1.50797
1.06373 -1.50756
1.05837 -1.50714
1.04769 -1.5063
1.04231 -1.50588
1.03174 -1.50504
1.02411 -1.5044
1.01619 -1.50372
1.00829 -1.50303
0.99768 -1.5021
0.992452 -1.50164
0.987139 -1.50118
0.976566 -1.50027
0.971226 -1.4998
0.960117 -1.49884
0.950812 -1.49804
0.94099 -1.49719
0.931002 -1.49632
0.921304 -1.49545
0.911397 -1.49454
0.901505 -1.49362
0.891601 -1.4927
0.878304 -1.49147
0.871739 -1.49087
0.865064 -1.49025
0.85178 -1.48903
0.841771 -1.48811
0.831766 -1.48719
0.82515 -1.48657
0.81216 -1.48532
0.805532 -1.48467
0.792366 -1.48338
0.782459 -1.48241
0.77253 -1.48144
0.759187 -1.48014
0.752599 -1.4795
0.739198 -1.4782
0.732595 -1.47755
0.72591 -1.4769
0.71298 -1.4756
0.703075 -1.47458
0.693181 -1.47356
0.683285 -1.47253
0.67337 -1.47151
0.663431 -1.47049
0.650074 -1.46912
0.64008 -1.46809
0.630081 -1.46707
0.620154 -1.46604
0.61379 -1.46537
0.603923 -1.4643
0.59731 -1.46358
0.584161 -1.46215
0.57753 -1.46143
0.564336 -1.46
0.557672 -1.45928
0.544413 -1.45785
0.534421 -1.45678
0.52443 -1.45569
0.517793 -1.45497
0.504856 -1.45353
0.498233 -1.45277
0.485093 -1.45127
0.478469 -1.45052
0.465295 -1.44902
0.458641 -1.44826
0.445401 -1.44676
0.438716 -1.44601
0.425431 -1.4445
0.41875 -1.44374
0.405833 -1.44225
0.3992 -1.44146
0.386079 -1.43989
0.376202 -1.43871
0.366307 -1.43753
0.356388 -1.43636
0.346444 -1.43518
0.336476 -1.43399
0.329788 -1.4332
0.316521 -1.43162
0.309969 -1.43084
0.296978 -1.42924
0.290378 -1.42842
0.277252 -1.42678
0.270634 -1.42596
0.257467 -1.42432
0.247538 -1.42309
0.237585 -1.42186
0.227612 -1.42063
0.217638 -1.41939
0.207792 -1.41816
0.201339 -1.41734
0.18823 -1.41564
0.178367 -1.41436
0.168499 -1.41308
0.161876 -1.41222
0.148697 -1.41052
0.142042 -1.40966
0.128799 -1.40795
0.122119 -1.40709
0.108891 -1.40537
0.102425 -1.40453
0.0893939 -1.40277
0.0795474 -1.40144
0.0696906 -1.40011
0.0598174 -1.39878
0.0499203 -1.39745
0.0399982 -1.39611
0.0300522 -1.39478
0.0200896 -1.39344
0.0134158 -1.39254
0.000393309 -1.39078
-0.00610366 -1.38988
-0.0192055 -1.38804
-0.0258023 -1.38711
-0.0389114 -1.38527
-0.0487922 -1.38389
-0.0586703 -1.38252
-0.0685359 -1.38121
-0.0784174 -1.37999
-0.0916656 -1.37851
-0.101296 -1.37753
-0.107765 -1.3769
-0.117667 -1.37602
-0.130837 -1.375
-0.137334 -1.37456
-0.147194 -1.37397
-0.160462 -1.37335
-0.167036 -1.37309
-0.177055 -1.37272
-0.18707 -1.37234
-0.200164 -1.37183
-0.206746 -1.37154
-0.216739 -1.3711
-0.230094 -1.3705
-0.236662 -1.37021
-0.246615 -1.36977
-0.256584 -1.36933
-0.269979 -1.36875
-0.279995 -1.36832
-0.286607 -1.36804
-0.299793 -1.36746
-0.306275 -1.36715
-0.319665 -1.36648
-0.326259 -1.36616
-0.336201 -1.36566
-0.346149 -1.36516
-0.35282 -1.36483
-0.36609 -1.36417
-0.376094 -1.36369
-0.386109 -1.3632
-0.396101 -1.36272
-0.409177 -1.36204
-0.415774 -1.36167
-0.422464 -1.3613
-0.435712 -1.36057
-0.445658 -1.36001
-0.455609 -1.35946
-0.462286 -1.35909
-0.475571 -1.35837
-0.488986 -1.35764
-0.495592 -1.35729
-0.505398 -1.35675
-0.515247 -1.35616
-0.525231 -1.35555
-0.531921 -1.35514
-0.545139 -1.35433
-0.551799 -1.35392
-0.56504 -1.35312
-0.571725 -1.35272
-0.581721 -1.35212
-0.591731 -1.35152
-0.604962 -1.35073
-0.614688 -1.35011
-0.628063 -1.34922
-0.634651 -1.34879
-0.647963 -1.34789
-0.654522 -1.34746
-0.661185 -1.34701
-0.671147 -1.34635
-0.681132 -1.3457
-0.694437 -1.34483
-0.707773 -1.34396
-0.714153 -1.34352
-0.727463 -1.34257
-0.734047 -1.34209
-0.743989 -1.34137
-0.750647 -1.34089
-0.763863 -1.33994
-0.77382 -1.33922
-0.7838 -1.33851
-0.793799 -1.3378
-0.803801 -1.33709
-0.810443 -1.33662
-0.823432 -1.33564
-0.836795 -1.3346
-0.843369 -1.33409
-0.853289 -1.33331
-0.863219 -1.33254
-0.873164 -1.33177
-0.883132 -1.331
-0.893121 -1.33023
-0.89982 -1.32972
-0.913068 -1.32871
-0.919544 -1.3282
-0.932722 -1.32711
-0.939399 -1.32655
-0.952612 -1.32544
-0.95926 -1.32489
-0.972469 -1.32378
-0.985814 -1.32268
-0.992401 -1.32214
-1.00239 -1.32132
-1.01574 -1.32022
-1.02212 -1.31968
-1.03199 -1.31881
-1.04196 -1.31793
-1.04863 -1.31733
-1.06181 -1.31615
-1.07173 -1.31527
-1.08167 -1.31439
-1.09164 -1.31351
-1.10502 -1.31233
-1.11161 -1.31175
-1.11827 -1.31117
-1.13122 -1.30998
-1.1379 -1.30936
-1.15114 -1.3081
-1.15777 -1.30747
-1.17096 -1.30622
-1.18088 -1.30529
-1.19084 -1.30435
-1.20081 -1.30342
-1.21079 -1.30249
-1.22406 -1.30125
-1.23043 -1.30063
-1.24036 -1.29964
-1.25369 -1.29831
-1.26022 -1.29765
-1.26686 -1.29698
-1.28008 -1.29563
-1.28679 -1.29491
-1.30013 -1.29334
-1.30685 -1.29249
-1.3202 -1.29065
-1.32689 -1.28966
-1.33979 -1.28758
-1.3497 -1.28583
-1.35953 -1.28398
-1.36937 -1.28203
-1.37596 -1.28067
-1.38905 -1.27783
-1.39565 -1.27634
-1.40874 -1.27323
-1.41534 -1.2716
-1.4284 -1.26821
-1.43495 -1.26645
-1.44754 -1.26291
-1.45706 -1.26006
-1.46663 -1.25709
-1.47621 -1.25402
-1.48263 -1.25188
-1.4954 -1.24737
-1.50494 -1.24374
-1.51443 -1.23991
-1.52075 -1.23724
-1.53313 -1.2317
-1.54536 -1.22586
-1.55131 -1.22287
-1.55715 -1.21984
-1.56588 -1.21507
-1.57757 -1.2083
-1.58626 -1.20299
-1.59203 -1.19932
-1.60334 -1.19181
-1.60895 -1.18793
-1.61776 -1.18149
-1.62203 -1.1779
-1.62539 -1.17473
-1.62792 -1.17212
-1.62918 -1.17073
-1.63075 -1.16891
-1.6311 -1.1685
-1.63116 -1.16843
-1.63116 -1.16844
-1.63117 -1.16844
-1.63117 -1.16844
-1.63117 -1.16844
-1.63117 -1.16845
-1.63117 -1.16845
-1.63117 -1.16845
-1.63117 -1.16846
-1.63117 -1.16846
-1.63118 -1.16846
-1.63118 -1.16846
-1.63114 -1.1685
-1.63109 -1.16857
-1.6308 -1.16894
-1.63071 -1.16906
-1.63077 -1.16898
-1.63083 -1.1689
-1.63089 -1.16882
-1.63101 -1.16866
-1.63107 -1.16858
-1.63117 -1.16843
-1.63122 -1.16835
-1.63132 -1.1682
-1.63137 -1.16813
-1.63145 -1.16797
-1.63152 -1.16786
-1.63158 -1.16774
-1.63164 -1.16763
-1.6317 -1.16751
-1.63175 -1.16739
-1.63182 -1.16722
-1.63186 -1.16714
-1.63191 -1.16701
-1.63194 -1.16693
-1.632 -1.16675
-1.63204 -1.16662
-1.63208 -1.16648
-1.63212 -1.16634
-1.63216 -1.1662
-1.63219 -1.16605
-1.63222 -1.16592
-1.63223 -1.16585
-1.63224 -1.16583
-1.63223 -1.16585
-1.63223 -1.16587
-1.63223 -1.16589
-1.63223 -1.1659
-1.63223 -1.16592
-1.63223 -1.16595
-1.63223 -1.16596
-1.63223 -1.16597
-1.63226 -1.1657
-1.63233 -1.16526
-1.63257 -1.16351
-1.63284 -1.16158
-1.63302 -1.16026
-1.63338 -1.15765
-1.63356 -1.15633
-1.63392 -1.15371
-1.63411 -1.15238
-1.63447 -1.14972
-1.63474 -1.14766
-1.63499 -1.14558
-1.63522 -1.14348
-1.63542 -1.14138
-1.63561 -1.13928
-1.63572 -1.13787
-1.63591 -1.13506
-1.63599 -1.13364
-1.63612 -1.13084
-1.63617 -1.12946
-1.63626 -1.12676
-1.63631 -1.12542
-1.63639 -1.12275
-1.63643 -1.12141
-1.63653 -1.11871
-1.63658 -1.11715
-1.63672 -1.11365
-1.63692 -1.10896
-1.63706 -1.10607
-1.6372 -1.10295
-1.63754 -1.09587
-1.63773 -1.09189
-1.63827 -1.08109
-1.6385 -1.07634
-1.63876 -1.07132
-1.63928 -1.06078
-1.63955 -1.05513
-1.64009 -1.0432
-1.64036 -1.03716
-1.64089 -1.02518
-1.64116 -1.01915
-1.64169 -1.00749
-1.64198 -1.00154
-1.64256 -0.989614
-1.64286 -0.983598
-1.64346 -0.971644
-1.64392 -0.96265
-1.64437 -0.95368
-1.64483 -0.944547
-1.64531 -0.934896
-1.64579 -0.924886
-1.64627 -0.914891
-1.64676 -0.905121
-1.64745 -0.891854
-1.64779 -0.885275
-1.64815 -0.87859
-1.64886 -0.865307
-1.64923 -0.858615
-1.64994 -0.845349
-1.6503 -0.838654
-1.651 -0.825346
-1.65152 -0.815344
-1.65203 -0.805453
-1.65257 -0.795686
-1.65313 -0.785728
-1.6535 -0.779048
-1.65426 -0.765772
-1.65465 -0.759077
-1.65542 -0.745816
-1.65599 -0.735829
-1.65655 -0.725827
-1.6571 -0.715809
-1.65762 -0.705836
-1.65806 -0.69615
-1.65844 -0.686124
-1.65881 -0.672623
-1.65898 -0.662524
-1.65904 -0.655853
-1.65905 -0.649077
-1.65895 -0.635708
-1.65885 -0.628987
-1.65864 -0.615665
-1.65853 -0.608959
-1.65831 -0.595699
-1.65815 -0.585733
-1.658 -0.575754
-1.6578 -0.56235
-1.65765 -0.552335
-1.65756 -0.545734
-1.65734 -0.532455
-1.65723 -0.525847
-1.6571 -0.519137
-1.65685 -0.505825
-1.65672 -0.499137
-1.65647 -0.485887
-1.65635 -0.479207
-1.65611 -0.465923
-1.65599 -0.459217
-1.65576 -0.445898
-1.65558 -0.435989
-1.65538 -0.426047
-1.65524 -0.419338
-1.65495 -0.406027
-1.6548 -0.39932
-1.6545 -0.386073
-1.65435 -0.379252
-1.65405 -0.364998
-1.65389 -0.357626
-1.65359 -0.342978
-1.65328 -0.328399
-1.65311 -0.32116
-1.65283 -0.31015
-1.65255 -0.299143
-1.65226 -0.28817
-1.65189 -0.273479
-1.65171 -0.266234
-1.65144 -0.255238
-1.65117 -0.244225
-1.65099 -0.236849
-1.65052 -0.218707
-1.65031 -0.211442
-1.64998 -0.200438
-1.64965 -0.189443
-1.64922 -0.174759
-1.649 -0.16752
-1.64858 -0.152794
-1.64837 -0.145528
-1.64816 -0.13815
-1.64775 -0.123682
-1.64739 -0.112784
-1.64702 -0.101778
-1.64677 -0.0944074
-1.64626 -0.0798147
-1.64601 -0.0724725
-1.64552 -0.0578806
-1.64515 -0.0468834
-1.64479 -0.0358728
-1.64443 -0.0249135
-1.64404 -0.0141605
-1.64362 -0.00315825
-1.64319 0.00784187
-1.6429 0.0152102
-1.64233 0.0297769
-1.6419 0.0407413
-1.64162 0.0480988
-1.64106 0.0627321
-1.64078 0.0701077
-1.64023 0.0845202
-1.63976 0.0954446
-1.63928 0.106444
-1.63879 0.117442
-1.63831 0.128392
-1.63799 0.135732
-1.63735 0.150323
-1.63703 0.157688
-1.63641 0.172326
-1.63594 0.183241
-1.63545 0.19403
-1.63491 0.205028
-1.63438 0.216024
-1.63366 0.230712
-1.6333 0.237941
-1.63277 0.248903
-1.63207 0.263627
-1.63172 0.27089
-1.63137 0.278262
-1.63067 0.292631
-1.63029 0.299959
-1.62951 0.314581
-1.62911 0.321948
-1.62833 0.336511
-1.62793 0.343848
-1.62716 0.358436
-1.62677 0.3658
-1.62601 0.380431
-1.62563 0.387762
-1.62483 0.402126
-1.6244 0.409491
-1.62355 0.424109
-1.62311 0.431445
-1.62226 0.446006
-1.62162 0.456965
-1.62099 0.467948
-1.62036 0.478946
-1.61974 0.489921
-1.61887 0.50437
-1.61818 0.515359
-1.61772 0.522609
-1.61702 0.533577
-1.61633 0.544519
-1.61587 0.551853
-1.61495 0.566437
-1.61449 0.573799
-1.61359 0.588422
-1.61291 0.599234
-1.61219 0.610102
-1.61144 0.621087
-1.6107 0.63207
-1.60995 0.643006
-1.6092 0.653947
-1.60871 0.661285
-1.60772 0.675882
-1.60699 0.686875
-1.60626 0.697815
-1.60577 0.704976
-1.60472 0.719534
-1.60392 0.730512
-1.60312 0.741461
-1.60232 0.752399
-1.60125 0.767068
-1.60073 0.774309
-1.6002 0.781668
-1.59916 0.79628
-1.59864 0.803523
-1.59755 0.817947
-1.59698 0.825303
-1.59584 0.839896
-1.59499 0.85082
-1.59414 0.861754
-1.59327 0.872746
-1.59264 0.880152
-1.59125 0.894863
-1.59047 0.902264
-1.5888 0.916616
-1.58783 0.923964
-1.58576 0.938553
-1.58465 0.945836
-1.58217 0.960413
-1.58005 0.971368
-1.57682 0.986059
-1.57503 0.993304
-1.57307 1.00063
-1.56872 1.01505
-1.56632 1.02222
-1.56132 1.0359
-1.55852 1.04276
-1.55402 1.05304
-1.54753 1.06651
-1.54229 1.0765
-1.5386 1.08311
-1.53088 1.09601
-1.52479 1.10542
-1.51619 1.11778
-1.51177 1.12375
-1.50484 1.13264
-1.49767 1.14131
-1.4928 1.14688
-1.48267 1.15772
-1.47469 1.16567
-1.46658 1.17326
-1.45818 1.18069
-1.44955 1.18788
-1.44069 1.19483
-1.4316 1.20152
-1.42229 1.20796
-1.41277 1.21412
-1.40312 1.21996
-1.3967 1.22364
-1.3837 1.2306
-1.37698 1.23393
-1.3634 1.24015
-1.35645 1.24308
-1.34245 1.2485
-1.32814 1.25337
-1.32111 1.25556
-1.31048 1.25865
-1.29976 1.26158
-1.28903 1.26437
-1.27826 1.26706
-1.26751 1.26963
-1.26028 1.27129
-1.24585 1.27444
-1.23857 1.27594
-1.22428 1.27876
-1.21349 1.28077
-1.2026 1.28271
-1.19528 1.28395
-1.18069 1.28627
-1.17332 1.28738
-1.15869 1.28942
-1.14769 1.29081
-1.13668 1.29207
-1.1259 1.29322
-1.11494 1.29429
-1.10393 1.29526
-1.09289 1.29613
-1.0818 1.29689
-1.07069 1.29755
-1.05955 1.29809
-1.04843 1.29852
-1.03739 1.29883
-1.02658 1.29903
-1.01556 1.29915
-1.00452 1.29915
-0.993445 1.29906
-0.98601 1.29893
-0.971218 1.29852
-0.960072 1.29809
-0.94516 1.29732
-0.937884 1.29688
-0.930626 1.29639
-0.916033 1.29525
-0.908667 1.2946
-0.894023 1.29316
-0.886635 1.29236
-0.871949 1.29061
-0.864545 1.28965
-0.849862 1.2876
-0.842492 1.2865
-0.828011 1.28418
-0.817502 1.28238
-0.806824 1.28045
-0.796046 1.27849
-0.788826 1.2772
-0.774497 1.27475
-0.76725 1.27358
-0.752832 1.27141
-0.74558 1.27041
-0.731309 1.2687
-0.724301 1.26801
-0.710118 1.26684
-0.699364 1.26621
-0.692139 1.26591
-0.67775 1.26559
-0.670482 1.26558
-0.656027 1.26583
-0.648745 1.26611
-0.634534 1.26692
-0.62734 1.26745
-0.613004 1.26878
-0.605825 1.26959
-0.591615 1.27148
-0.580917 1.27316
-0.570175 1.27501
-0.555767 1.27767
-0.548694 1.27906
-0.538007 1.28124
-0.523693 1.28431
-0.516661 1.28589
-0.509557 1.28754
-0.495753 1.29091
-0.485217 1.29364
-0.474696 1.29648
-0.467659 1.29845
-0.453768 1.30249
-0.443337 1.30565
-0.436357 1.30782
-0.422515 1.31228
-0.412137 1.31574
-0.401843 1.3193
-0.388336 1.32418
-0.381605 1.3267
-0.374792 1.3293
-0.361384 1.33459
-0.351309 1.3387
-0.341256 1.3429
-0.331219 1.34722
-0.317801 1.35316
-0.311217 1.35616
-0.301254 1.36076
-0.291613 1.36527
-0.281708 1.36995
-0.271885 1.37459
-0.265247 1.37772
-0.252046 1.38393
-0.245379 1.38707
-0.23211 1.39331
-0.22211 1.398
-0.212114 1.40269
-0.198956 1.40888
-0.189049 1.41358
-0.182558 1.41666
-0.175964 1.41978
-0.162705 1.426
-0.155959 1.42909
-0.142472 1.43511
-0.135632 1.43808
-0.121995 1.44383
-0.111842 1.44798
-0.101639 1.45205
-0.0947332 1.45475
-0.0810138 1.45997
-0.0706684 1.46375
-0.0566603 1.46869
-0.0497203 1.47105
-0.042651 1.4734
-0.028583 1.47791
-0.0215842 1.48008
-0.00762076 1.4843
0.00301704 1.48739
0.0136947 1.49038
0.0208656 1.49233
0.0350819 1.49603
0.0422973 1.49783
0.0566691 1.50124
0.0674771 1.50367
0.0745728 1.50521
0.0888912 1.50819
0.0997545 1.51033
0.110662 1.51237
0.117992 1.51368
0.132575 1.51615
0.139898 1.51731
0.154497 1.51945
0.165431 1.52092
0.179916 1.52272
0.187157 1.52355
0.194524 1.52435
0.209135 1.52585
0.220112 1.52694
0.231106 1.52803
0.2421 1.52912
0.253052 1.5302
0.260376 1.53092
0.27464 1.53233
0.281932 1.53307
0.296435 1.53454
0.303757 1.53528
0.318329 1.53677
0.325687 1.53752
0.340306 1.53901
0.347657 1.53976
0.362496 1.54126
0.370127 1.54204
0.385884 1.54372
0.398743 1.54513
0.411656 1.54654
0.424603 1.54797
0.437572 1.5494
0.450531 1.55082
0.467833 1.55271
0.476208 1.55363
0.493397 1.55554
0.501902 1.55649
0.51055 1.55746
0.527759 1.55939
0.536445 1.56037
0.553678 1.5623
0.566597 1.56374
0.575182 1.5647
0.592153 1.56662
0.600779 1.56761
0.617942 1.56957
0.62661 1.57056
0.643847 1.57253
0.661192 1.57452
0.674086 1.57599
0.682447 1.57694
0.695261 1.57843
0.708138 1.57992
0.721046 1.58143
0.733985 1.58294
0.746944 1.58445
0.759886 1.58597
0.772799 1.58746
0.785525 1.58895
0.794098 1.58996
0.811216 1.59199
0.819858 1.59301
0.837057 1.59506
0.845737 1.5961
0.86295 1.59815
0.871605 1.59917
0.888575 1.60119
0.897149 1.60222
0.914334 1.60423
0.923061 1.60519
0.940516 1.60683
0.953717 1.60778
0.966931 1.60846
0.975719 1.60876
0.992992 1.60902
1.00178 1.60899
1.01926 1.60858
1.02809 1.60819
1.04563 1.60708
1.05447 1.60633
1.07196 1.60451
1.08067 1.60343
1.0977 1.60096
1.11061 1.59874
1.12354 1.59625
1.13644 1.59349
1.14507 1.59148
1.1621 1.58717
1.17057 1.58484
1.18736 1.57988
1.19577 1.57722
1.21213 1.57167
1.22443 1.56712
1.23671 1.56228
1.24888 1.5572
1.26493 1.55006
1.27279 1.54638
1.28073 1.54253
1.29638 1.53457
1.30418 1.5304
1.31933 1.52191
1.33059 1.51519
1.34167 1.50827
1.34905 1.50349
1.36353 1.4937
1.37428 1.48607
1.38141 1.48082
1.39539 1.47011
1.40231 1.46457
1.4156 1.4535
1.42218 1.44778
1.43511 1.43606
1.44465 1.42699
1.45404 1.41772
1.46023 1.41138
1.47226 1.39856
1.481 1.38881
1.48959 1.37887
1.49792 1.36884
1.50605 1.35859
1.51141 1.35159
1.52438 1.33368
1.52929 1.32641
1.53873 1.31153
1.5432 1.30401
1.55183 1.28847
1.55586 1.28068
1.55979 1.27269
1.56706 1.2567
1.57048 1.2485
1.57671 1.23222
1.57963 1.22386
1.58495 1.20708
1.58738 1.19852
1.5917 1.18136
1.5945 1.16833
1.5969 1.15528
1.59828 1.14664
1.60053 1.12926
1.60141 1.12045
1.60261 1.10286
1.60305 1.08957
1.60309 1.07627
1.60273 1.06311
1.602 1.04994
1.60089 1.03672
1.59993 1.02791
1.59768 1.01072
1.59636 1.00229
1.5934 0.985135
1.59182 0.976509
1.58855 0.959523
1.58606 0.946791
1.58357 0.93403
1.58109 0.921248
1.57861 0.908514
1.57612 0.895924
1.57358 0.883171
1.57104 0.870448
1.56934 0.861931
1.56597 0.845014
1.56258 0.827921
1.56091 0.81949
1.55839 0.80677
1.55585 0.794181
1.55412 0.785641
1.55068 0.768726
1.5481 0.756023
1.54553 0.743308
1.54295 0.730565
1.54122 0.722014
1.53781 0.705096
1.53609 0.69671
1.53259 0.679776
1.52997 0.667077
1.52734 0.654382
1.52559 0.645871
1.5221 0.628941
1.51948 0.616186
1.51687 0.603495
1.51512 0.595112
1.51157 0.578189
1.5089 0.565501
1.50623 0.552814
1.50356 0.540117
1.50177 0.531594
1.49823 0.514645
1.49644 0.506115
1.4929 0.48939
1.49108 0.480869
1.48747 0.463997
1.48565 0.455502
1.48204 0.438631
1.47933 0.425914
1.47662 0.413177
1.47481 0.404655
1.47121 0.387943
1.46936 0.379429
1.46569 0.36257
1.46293 0.349903
1.46017 0.337223
1.45742 0.324514
1.45466 0.311787
1.45193 0.299142
1.45009 0.290764
1.44635 0.273877
1.44447 0.265384
1.44075 0.248563
1.43795 0.235892
1.43515 0.223193
1.43235 0.210475
1.42863 0.193616
1.42676 0.185279
1.42391 0.172593
1.42106 0.159947
1.41725 0.142998
1.41538 0.134639
1.41347 0.126139
1.40969 0.10924
1.40591 0.0923989
1.40401 0.0840636
1.40111 0.071388
1.39823 0.0587534
1.39534 0.0461172
1.39245 0.033465
1.39052 0.0249716
1.38668 0.00808493
1.38475 -0.000400699
1.38091 -0.0170727
1.37797 -0.0297384
1.37404 -0.0466553
1.37211 -0.0549884
1.37014 -0.0634562
1.36623 -0.0803284
1.3632 -0.0930712
1.36002 -0.10574
1.35534 -0.122648
1.35285 -0.130968
1.34889 -0.143444
1.34609 -0.151785
1.3402 -0.168264
1.33706 -0.176526
1.33048 -0.192837
1.327 -0.200996
1.3198 -0.216959
1.31611 -0.224712
1.30828 -0.24026
1.29993 -0.255773
1.29342 -0.267235
1.28898 -0.274742
1.27965 -0.289819
1.27491 -0.297141
1.26509 -0.311707
1.26013 -0.318781
1.25506 -0.325773
1.24452 -0.339671
1.23905 -0.346595
1.22787 -0.360141
1.2221 -0.366849
1.21047 -0.379841
1.20149 -0.38945
1.19228 -0.398906
1.18596 -0.405132
1.17317 -0.416985
1.16311 -0.425623
1.15279 -0.433946
1.14584 -0.439278
1.13158 -0.449563
1.12058 -0.456944
1.10932 -0.464011
1.10165 -0.468566
1.08614 -0.47715
1.07823 -0.48122
1.06256 -0.488704
1.05045 -0.493979
1.03395 -0.50049
1.02571 -0.503458
1.01727 -0.506305
1.00033 -0.511451
0.991767 -0.513777
0.97476 -0.517883
0.966071 -0.519717
0.94874 -0.522848
0.93998 -0.524152
0.92244 -0.526216
0.909211 -0.527294
0.896147 -0.527977
0.887296 -0.528228
0.869675 -0.528208
0.856394 -0.527734
0.843104 -0.526862
0.829837 -0.525587
0.820984 -0.52451
0.803691 -0.521892
0.790708 -0.519464
0.777777 -0.516642
0.769144 -0.51453
0.752102 -0.509808
0.743577 -0.507165
0.726859 -0.501429
0.71858 -0.498312
0.702292 -0.491635
0.694309 -0.488078
0.674626 -0.478365
0.666921 -0.474214
0.659184 -0.469868
0.644142 -0.460979
0.636675 -0.456383
0.621993 -0.447105
0.614639 -0.442403
0.600064 -0.433082
0.592829 -0.428449
0.578334 -0.419109
0.5637 -0.409663
0.556561 -0.405056
0.549258 -0.40035
0.534745 -0.391006
0.523805 -0.383971
0.512862 -0.376942
0.502081 -0.369994
0.494767 -0.365258
0.480256 -0.355845
0.472995 -0.351137
0.458539 -0.341776
0.451238 -0.337054
0.436713 -0.327668
0.425786 -0.320616
0.415021 -0.313644
0.407716 -0.308891
0.393226 -0.299448
0.38241 -0.292403
0.37154 -0.285333
0.360654 -0.27826
0.349743 -0.271178
0.338833 -0.264104
0.328083 -0.257107
0.317195 -0.249987
0.309906 -0.245213
0.295517 -0.235795
0.288246 -0.231043
0.273791 -0.221606
0.266493 -0.216846
0.252002 -0.207404
0.241265 -0.200382
0.230391 -0.193238
0.219529 -0.186092
0.205057 -0.176582
0.197903 -0.171885
0.190632 -0.167116
0.176165 -0.157637
0.168871 -0.152862
0.154566 -0.143472
0.14729 -0.138671
0.132862 -0.129136
0.12209 -0.122022
0.111267 -0.114883
0.104006 -0.110098
0.0895585 -0.100588
0.082275 -0.0957978
0.067989 -0.0863754
0.0571457 -0.0791844
0.0463153 -0.071993
0.0355587 -0.064857
0.0283198 -0.0600595
0.0139233 -0.0505293
0.00665444 -0.0457225
-0.00777094 -0.0361926
-0.0149156 -0.0314588
-0.0292942 -0.0218821
-0.0362886 -0.0172158
-0.044494 -0.0114973
-0.0465944 -0.00986403
-0.0483538 -0.00841795
-0.0483739 -0.00840116
-0.0483835 -0.00839383
-0.0483999 -0.00838116
-0.0484135 -0.00837051
-0.0484194 -0.00836589
-0.0484249 -0.00836155
-0.048435 -0.00835343
-0.0484398 -0.00834944
-0.0484491 -0.00834162
-0.0484537 -0.00833771
-0.0484627 -0.00833004
-0.0484672 -0.00832621
-0.048476 -0.00831867
-0.0484803 -0.00831491
-0.0484889 -0.00830751
-0.0484931 -0.00830381
-0.0485014 -0.00829655
-0.0485055 -0.00829294
-0.0485135 -0.00828582
-0.0485194 -0.00828054
-0.0485253 -0.00827531
-0.0485311 -0.00827013
-0.0485349 -0.00826669
-0.0485423 -0.00825993
-0.048546 -0.00825656
-0.0485532 -0.00824994
-0.0485586 -0.00824502
-0.0485621 -0.00824176
-0.048569 -0.00823534
-0.0485724 -0.00823214
-0.0485791 -0.00822586
-0.0485824 -0.00822273
-0.0485841 -0.00822119
-0.0485841 -0.00822119
-0.0485841 -0.00822119
-0.0485841 -0.00822119
-0.0485841 -0.00822119
-0.0485841 -0.00822119
-0.0485841 -0.00822119
-0.0485841 -0.00822119
-0.0485841 -0.00822119
-0.0485841 -0.00822119
-0.0485841 -0.00822119
-0.0485841 -0.00822119
-0.0485841 -0.00822119
-0.0485841 -0.00822119
-0.0485841 -0.00822119
-0.0485841 -0.00822119
-0.0485841 -0.00822119
-0.0485841 -0.00822119
-0.0485841 -0.00822119
-0.0485841 -0.00822119
-0.0485841 -0.00822119
-0.0485841 -0.00822119
