0 0
0 0
0 0
0 0
0 0
0 0
0 0
0 0
0 0
0 0
0 0
0 0
0 0
0 0
0 0
0 0
0 0
0 0
0 0
0 0
0 0
0 0
0 0
0 0
0 0
0 0
0 0
0 0
0 0
0 0
0 0
0 0
0 0
0 0
0 0
0 0
0 0
0 0
0 0
0 0
0 0
0 0
0 0
0 0
0 0
0 0
0 0
0 0
0 0
0 0
0 0
0 0
0 0
0 0
0 0
0 0
0 0
0 0
0 0
0 0
0 0
0 0
0 0
0 0
0 0
0 0
0 0
0 0
0 0
0 0
0 0
0 0
0 0
0 0
0 0
0 0
0 0
0 0
0 0
0 0
0 0
0 0
0 0
0 0
0 0
0 0
0 0
0 0
-0.0276637 0.0024413
-0.0276637 0.0024413
-0.0269166 0.00267134
-0.0269166 0.00267134
-0.0288655 -0.00352984
-0.0288655 -0.00352984
-0.0285946 0.00488552
-0.0285946 0.00488552
-0.0296082 -0.00090171
-0.0296082 -0.00090171
-0.0284348 0.0019116
-0.0284348 0.0019116
-0.0256455 0.00288382
-0.0256455 0.00288382
-0.0283983 0.000260803
-0.0283983 0.000260803
-0.0237697 -0.00110014
-0.0237697 -0.00110014
-0.0246758 0.00221293
-0.0246758 0.00221293
-0.0223773 0.00192086
-0.0223773 0.00192086
-0.0254699 0.00239821
-0.0254699 0.00239821
-0.0264609 0.0044832
-0.0259609 0.00448027
-0.0242826 0.00699528
-0.0222826 0.00699446
-0.0261582 0.00230523
-0.0241582 0.00229922
-0.0243011 0.00205569
-0.0223011 0.00204662
-0.0145908 -0.00107271
-0.0125908 -0.00107475
-0.0160527 -9.92827e-05
-0.0130527 -0.000106697
-0.00955272 -0.000115346
-0.0112075 0.00342368
-0.00720747 0.00342103
-0.00339353 0.000342882
0.0073227 -0.00296751
0.0123227 -0.00298426
0.0112639 -0.00229319
0.0162639 -0.00230304
0.0215318 0.00414002
0.0265318 0.00414678
0.0393744 0.00233571
0.0443744 0.00234143
0.0446007 0.00128201
0.0496007 0.0012734
0.0516773 0.0027682
0.0566772 0.00275044
0.0673687 0.00380654
0.0723687 0.0037943
0.0699086 0.00237655
0.0749085 0.00235224
0.0844605 0.00127237
0.0894604 0.00123939
0.0985324 -0.00189088
0.103532 -0.0018927
0.104967 0.00167738
0.109967 0.00164023
0.109208 0.00151808
0.114208 0.00149805
0.12267 0.00138153
0.12767 0.00136568
0.129198 0.00576077
0.134198 0.00573554
0.141829 -0.000883162
0.146829 -0.000908048
0.149984 0.00868926
0.154984 0.00865983
0.163227 0.00217124
0.168227 0.00214552
0.175766 0.00150546
0.180766 0.00147416
0.178795 -0.000789242
0.183795 -0.000839118
0.192692 0.003695
0.197692 0.00365904
0.201568 0.000471211
0.206568 0.000440611
0.213318 0.00412644
0.218318 0.0040978
0.224815 -0.000445334
0.229814 -0.000492601
0.231716 -0.000807743
0.236716 -0.000846682
0.240687 -0.00349951
0.245687 -0.00354176
0.250471 0.00443633
0.255471 0.00440393
0.263605 -0.00123663
0.268605 -0.00128041
0.277164 0.00365229
0.282164 0.0036155
0.288484 0.00158639
0.293484 0.00153121
0.28937 0.00102809
0.29437 0.000961144
0.303689 0.00175531
0.308688 0.00170077
0.314978 -0.00133504
0.319978 -0.00137683
0.322898 0.00101804
0.327898 0.000972205
0.327565 0.00144051
0.332565 0.00138679
0.339404 -0.000589297
0.344404 -0.000576342
0.350776 -0.00641923
0.355775 -0.00632572
0.360772 -0.00614474
0.360708 -0.00589477
0.365701 -0.00563041
0.373673 -0.000281289
0.378651 0.000187167
0.382233 -0.00361253
0.387196 -0.0030049
0.389759 -0.00512935
0.394697 -0.00434574
0.401007 -0.00652232
0.405908 -0.0055355
0.409986 -0.00267579
0.414845 -0.00149609
0.41877 3.19692e-05
0.423572 0.00142524
0.428652 0.0013916
0.433395 0.00297596
0.43963 0.000811308
0.444311 0.00256767
0.444538 0.00808987
0.449139 0.0100476
0.460398 0.00793962
0.464917 0.0100784
0.463112 0.00946205
0.467552 0.0117626
0.476398 0.0113052
0.480738 0.0137883
0.484115 0.0150615
0.488354 0.0177133
0.496476 0.024085
0.500607 0.0269014
0.500073 0.029729
0.504084 0.0327149
0.513359 0.031705
0.517254 0.0348406
0.51733 0.0388927
0.521095 0.0421832
0.524751 0.0426493
0.5284 0.0460675
0.536278 0.0517067
0.540187 0.0542436
0.546946 0.0616134
0.542523 0.0630533
0.545882 0.0667575
0.552984 0.0681528
0.556333 0.0718654
0.565981 0.0751537
0.56934 0.0788574
0.570171 0.0803384
0.573526 0.0840461
0.573826 0.0892691
0.577181 0.0929768
0.581857 0.0936316
0.585207 0.0973433
0.586482 0.105108
0.589849 0.108805
0.597607 0.108407
0.600998 0.112081
0.596318 0.111366
0.599711 0.115038
0.603045 0.123547
0.606437 0.12722
0.613438 0.131944
0.616813 0.135633
0.622197 0.136239
0.625584 0.139918
0.625328 0.14383
0.628713 0.14751
0.637408 0.155454
0.640772 0.159152
0.636773 0.164034
0.640141 0.16773
0.648545 0.163355
0.651912 0.167052
0.650086 0.178662
0.653454 0.182358
0.663096 0.182615
0.666847 0.186638
0.669603 0.193863
0.678141 0.202994
0.679312 0.194639
0.684095 0.199749
0.682478 0.211712
0.687189 0.21689
0.698382 0.218311
0.703102 0.22348
0.697269 0.231826
0.702001 0.236984
0.71613 0.236832
0.720844 0.242008
0.724616 0.253204
0.72934 0.25837
0.733296 0.261223
0.738015 0.266393
0.747397 0.274446
0.752146 0.279588
0.753904 0.281004
0.758653 0.286147
0.766277 0.291366
0.771017 0.296517
0.771824 0.30584
0.776574 0.310981
0.781103 0.312635
0.785808 0.317817
0.787896 0.32147
0.792624 0.326631
0.797934 0.334615
0.802679 0.339761
0.807981 0.344197
0.812747 0.349324
0.814288 0.34984
0.819043 0.354977
0.826759 0.365827
0.831527 0.370952
0.833208 0.378063
0.837931 0.383229
0.848253 0.386144
0.852994 0.391295
0.859095 0.393096
0.863834 0.398248
0.863335 0.399867
0.868076 0.405017
0.876656 0.414186
0.881431 0.419304
0.878637 0.426317
0.883424 0.431425
0.891656 0.439101
0.896425 0.444225
0.901672 0.444561
0.906436 0.44969
0.916062 0.450813
0.920816 0.455951
0.924769 0.463925
0.929519 0.469066
0.935605 0.478461
0.94035 0.483607
0.935696 0.485779
0.94049 0.490879
0.953867 0.494535
0.958655 0.499641
0.95682 0.50626
0.961566 0.511405
0.972576 0.515054
0.977352 0.520172
0.969847 0.526123
0.974621 0.531242
0.988761 0.542178
0.993548 0.547285
0.993088 0.547257
0.997842 0.552395
1.00615 0.558544
1.01094 0.56365
1.01299 0.569556
1.01781 0.574634
1.02731 0.575391
1.03215 0.580448
1.04036 0.5925
1.04516 0.597594
1.04403 0.593257
1.04884 0.598346
1.05288 0.611017
1.05767 0.616119
1.05927 0.620089
1.06405 0.625203
1.07272 0.626729
1.07746 0.631876
1.08528 0.640086
1.09009 0.645172
1.08686 0.652683
1.09169 0.657747
1.09903 0.659674
1.10382 0.664773
1.11 0.6676
1.11481 0.672688
1.11991 0.67676
1.12471 0.681856
1.13072 0.689248
1.13553 0.694332
1.13743 0.697926
1.14222 0.703029
1.15025 0.704891
1.15508 0.709957
1.15669 0.71583
1.16154 0.720879
1.17085 0.730257
1.17569 0.735316
1.18052 0.738848
1.18533 0.743925
1.1897 0.748003
1.19449 0.753111
1.20007 0.763845
1.2049 0.768911
1.20954 0.772812
1.21434 0.777907
1.21861 0.781579
1.22343 0.786659
1.22123 0.789062
1.22608 0.794113
1.23402 0.797124
1.23887 0.802171
1.24239 0.816557
1.24723 0.82161
1.26115 0.819161
1.26597 0.82423
1.26088 0.831819
1.26572 0.836882
1.27483 0.836394
1.27967 0.841455
1.28734 0.852067
1.29218 0.857125
1.29173 0.856544
1.29659 0.861583
1.3036 0.868593
1.30847 0.873623
1.31438 0.881919
1.31923 0.886963
1.32162 0.891687
1.32644 0.896763
1.32777 0.902201
1.33259 0.907281
1.34209 0.905508
1.34693 0.910569
1.35175 0.915642
1.35375 0.926803
1.36287 0.934679
1.3675 0.93993
1.37016 0.936967
1.37465 0.942343
1.37723 0.944786
1.38145 0.950365
1.387 0.962024
1.39098 0.967779
1.40047 0.970208
1.40422 0.976118
1.40097 0.97722
1.40445 0.983293
1.40669 0.989284
1.40998 0.995462
1.41503 1.00013
1.41805 1.00645
1.42928 1.01811
1.43207 1.02453
1.43566 1.02695
1.43819 1.03348
1.43449 1.03786
1.43675 1.04449
1.44617 1.05086
1.4482 1.05756
1.4462 1.06209
1.44795 1.06887
1.45369 1.07592
1.45521 1.08276
1.45825 1.08459
1.45949 1.09148
1.46053 1.0984
1.46233 1.10422
1.46213 1.11109
1.46255 1.11808
1.46277 1.12507
1.4644 1.12624
1.46438 1.13324
1.46764 1.14421
1.46728 1.1512
1.47148 1.15627
1.46544 1.17069
1.46421 1.17759
1.47202 1.1857
1.47037 1.19251
1.46715 1.19698
1.46512 1.20368
1.46349 1.21165
1.46107 1.21821
1.45844 1.2247
1.46362 1.2246
1.46074 1.23098
1.45589 1.23604
1.45262 1.24222
1.45263 1.24704
1.44903 1.25304
1.4526 1.26026
1.44864 1.26603
1.44283 1.27214
1.43852 1.27766
1.4276 1.2856
1.42296 1.29085
1.42201 1.29946
1.41706 1.30441
1.42165 1.30585
1.4107 1.31679
1.40519 1.32111
1.39956 1.32526
1.40457 1.32103
1.39885 1.32507
1.39204 1.33317
1.37853 1.33977
1.37236 1.34308
1.37078 1.35205
1.36443 1.355
1.36482 1.35859
1.3583 1.36112
1.34649 1.35836
1.33982 1.36048
1.33409 1.36977
1.3273 1.37146
1.32398 1.37435
1.31711 1.3757
1.3102 1.37685
1.30873 1.3808
1.29801 1.3791
1.29103 1.37961
1.27975 1.37906
1.27275 1.37918
1.26782 1.38388
1.26083 1.3836
1.25563 1.39015
1.24865 1.38965
1.24247 1.38798
1.23551 1.38727
1.22511 1.38162
1.21815 1.38085
1.21119 1.38006
1.21144 1.38204
1.20449 1.38123
1.20906 1.38327
1.20211 1.38243
1.18918 1.37663
1.18222 1.37581
1.17846 1.38064
1.1715 1.37986
1.16335 1.38064
1.15639 1.37983
1.1499 1.37968
1.14295 1.37887
1.13568 1.37254
1.12873 1.3717
1.12122 1.37552
1.11427 1.37468
1.10875 1.37026
1.1018 1.36941
1.09044 1.37531
1.0835 1.37442
1.07369 1.37091
1.06674 1.37005
1.06211 1.37012
1.05517 1.36927
1.05144 1.36712
1.04449 1.36627
1.03518 1.36091
1.02823 1.36003
1.02384 1.36318
1.0169 1.36229
1.00506 1.36243
0.998111 1.36155
0.988602 1.35808
0.981656 1.3572
0.97262 1.35916
0.96568 1.35825
0.961133 1.35247
0.954189 1.35158
0.945973 1.3523
0.939029 1.35142
0.936996 1.34955
0.930049 1.34869
0.92163 1.34829
0.914696 1.34733
0.915773 1.34607
0.90883 1.34518
0.89434 1.34056
0.887401 1.33964
0.877824 1.34586
0.870889 1.3449
0.863591 1.34193
0.856669 1.34089
0.848942 1.33397
0.842053 1.33272
0.842902 1.3329
0.836029 1.33157
0.827195 1.34019
0.820347 1.33874
0.816016 1.33034
0.809206 1.32872
0.801946 1.33218
0.795175 1.3304
0.785898 1.32633
0.779169 1.3244
0.772865 1.32425
0.766175 1.32218
0.758509 1.32763
0.751869 1.32541
0.747115 1.31838
0.740514 1.31605
0.735286 1.31593
0.728721 1.3135
0.716665 1.30793
0.707157 1.30859
0.700671 1.30596
0.694164 1.30338
0.694358 1.29724
0.68784 1.29469
0.681573 1.29682
0.675016 1.29437
0.667114 1.28899
0.660495 1.28672
0.652927 1.28917
0.646264 1.28702
0.640124 1.28002
0.633411 1.27804
0.627316 1.2754
0.620562 1.27356
0.613786 1.26763
0.607002 1.2659
0.605419 1.26368
0.598607 1.26207
0.584704 1.26764
0.577862 1.26615
0.575037 1.26166
0.56817 1.2603
0.557722 1.25558
0.550827 1.25437
0.546265 1.25093
0.539346 1.24986
0.536532 1.24875
0.529596 1.24781
0.521514 1.2519
0.514562 1.25108
0.503734 1.24631
0.489787 1.24509
0.493513 1.2485
0.486527 1.24806
0.480398 1.24115
0.4734 1.24096
0.462588 1.2419
0.455589 1.24198
0.449188 1.23876
0.442197 1.23913
0.433126 1.24489
0.426152 1.24548
0.419979 1.24053
0.413039 1.24144
0.40709 1.24152
0.397333 1.24547
0.390458 1.24679
0.37765 1.24348
0.370808 1.24496
0.363689 1.24802
0.356884 1.24966
0.347797 1.24846
0.34102 1.25021
0.335711 1.24854
0.328969 1.25042
0.321297 1.25242
0.314586 1.25441
0.30788 1.25642
0.308967 1.26005
0.302264 1.26207
0.296411 1.26076
0.289743 1.26289
0.289256 1.26203
0.282581 1.26414
0.271709 1.27044
0.265032 1.27254
0.25605 1.28306
0.249373 1.28516
0.244105 1.27575
0.237435 1.27787
0.228548 1.28419
0.221871 1.28629
0.215792 1.28406
0.209109 1.28614
0.204676 1.29481
0.198006 1.29694
0.187714 1.29761
0.181053 1.29976
0.174018 1.30299
0.16735 1.30512
0.163067 1.30653
0.156412 1.3087
0.150546 1.30825
0.143887 1.31041
0.132745 1.31207
0.12608 1.31421
0.130322 1.31659
0.123653 1.31872
0.114074 1.32314
0.107411 1.32529
0.0990769 1.32569
0.0924304 1.32789
0.0857199 1.32781
0.0790744 1.33001
0.0708828 1.33496
0.0642582 1.33722
0.0627739 1.3396
0.0561307 1.34181
0.0447065 1.34671
0.0380567 1.3489
0.0315617 1.34679
0.0249111 1.34897
0.0183138 1.35412
0.00408557 1.35779
-0.00250869 1.36014
-0.0055477 1.36331
-0.0120977 1.36578
-0.023944 1.36581
-0.0304585 1.36837
-0.0368954 1.37174
-0.0433446 1.37446
-0.0502497 1.37793
-0.0566528 1.38076
-0.0633802 1.38111
-0.0697386 1.38404
-0.0746117 1.3879
-0.0809206 1.39093
-0.0899117 1.39612
-0.0961498 1.39929
-0.0998461 1.40065
-0.105983 1.40402
-0.112112 1.40407
-0.11818 1.40756
-0.124144 1.40712
-0.130149 1.41072
-0.135055 1.41927
-0.141051 1.42288
-0.147074 1.42645
-0.148007 1.42547
-0.154071 1.42897
-0.156714 1.43377
-0.162851 1.43714
-0.175304 1.43763
-0.181497 1.44089
-0.181564 1.44384
-0.18782 1.44698
-0.200857 1.45076
-0.2125 1.457
-0.218882 1.45988
-0.223501 1.46552
-0.229989 1.46814
-0.233368 1.46944
-0.239961 1.47179
-0.247908 1.47778
-0.254583 1.47989
-0.257401 1.48116
-0.264162 1.48298
-0.269141 1.48288
-0.275959 1.48446
-0.281898 1.49254
-0.288773 1.49386
-0.297824 1.49376
-0.304742 1.49483
-0.311836 1.4956
-0.318793 1.49637
-0.323264 1.49669
-0.330247 1.49718
-0.33616 1.50014
-0.350157 1.50043
-0.349882 1.49788
-0.35688 1.49804
-0.363879 1.49817
-0.363241 1.50247
-0.37024 1.50257
-0.378799 1.50996
-0.385799 1.51006
-0.393352 1.50818
-0.400352 1.50826
-0.405537 1.50447
-0.412536 1.50455
-0.420568 1.50244
-0.427568 1.50255
-0.435723 1.50636
-0.442722 1.50647
-0.441094 1.50218
-0.448092 1.50233
-0.461485 1.50415
-0.468484 1.50424
-0.477764 1.49759
-0.484763 1.49772
-0.49562 1.50778
-0.503618 1.50795
-0.503235 1.51043
-0.511234 1.51056
-0.52159 1.50252
-0.529588 1.50271
-0.536756 1.50941
-0.544755 1.50954
-0.550081 1.50102
-0.558079 1.50119
-0.573984 1.50808
-0.581982 1.50825
-0.583829 1.50715
-0.594718 1.50651
-0.603716 1.50671
-0.62133 1.50966
-0.630328 1.50985
-0.63895 1.51216
-0.647948 1.51235
-0.654336 1.50467
-0.663332 1.50494
-0.673065 1.50301
-0.682062 1.50325
-0.692799 1.50837
-0.701796 1.5086
-0.707637 1.51309
-0.716633 1.51336
-0.725659 1.51001
-0.734655 1.51026
-0.746796 1.50888
-0.755791 1.50916
-0.763495 1.51488
-0.772489 1.51521
-0.778904 1.51225
-0.787898 1.51257
-0.800169 1.51129
-0.809163 1.5116
-0.817575 1.51278
-0.826569 1.51308
-0.835491 1.51737
-0.844486 1.51767
-0.856313 1.51433
-0.865309 1.51461
-0.870558 1.51424
-0.879549 1.51464
-0.889807 1.51667
-0.898801 1.517
-0.909281 1.51157
-0.918276 1.51188
-0.920233 1.51529
-0.929225 1.51566
-0.942297 1.52396
-0.951288 1.52435
-0.959434 1.51886
-0.968425 1.51926
-0.974887 1.52017
-0.983877 1.5206
-0.992292 1.51674
-1.00128 1.51718
-1.01055 1.52499
-1.01954 1.52544
-1.02825 1.51713
-1.03724 1.51756
-1.0494 1.51892
-1.05839 1.51935
-1.06988 1.52775
-1.07886 1.5282
-1.08625 1.52645
-1.09524 1.52694
-1.10624 1.52882
-1.11523 1.52924
-1.11847 1.53113
-1.12745 1.53166
-1.13552 1.52758
-1.14451 1.52808
-1.16714 1.5291
-1.18512 1.52983
-1.17605 1.52857
-1.18505 1.52878
-1.19042 1.53108
-1.19942 1.531
-1.20482 1.53269
-1.21381 1.53228
-1.22674 1.52939
-1.23571 1.52857
-1.23627 1.52982
-1.24519 1.52863
-1.26054 1.52625
-1.26942 1.52476
-1.27869 1.52746
-1.28749 1.52558
-1.29525 1.52429
-1.30397 1.52208
-1.30988 1.52136
-1.3185 1.51877
-1.32926 1.51625
-1.33775 1.51327
-1.34617 1.50947
-1.35456 1.5062
-1.36336 1.50413
-1.37161 1.50052
-1.37996 1.50362
-1.38809 1.49974
-1.39878 1.49827
-1.40671 1.494
-1.4131 1.4875
-1.42085 1.48292
-1.42753 1.47073
-1.43506 1.46581
-1.44489 1.46955
-1.45223 1.46434
-1.45739 1.4557
-1.46452 1.45021
-1.47506 1.4489
-1.48196 1.44311
-1.48611 1.43802
-1.49279 1.43199
-1.50575 1.44143
-1.51222 1.43518
-1.51774 1.42355
-1.52392 1.41701
-1.52563 1.41018
-1.53154 1.40339
-1.54137 1.39372
-1.54696 1.38666
-1.55255 1.37896
-1.5577 1.37158
-1.5585 1.36225
-1.56328 1.35463
-1.57027 1.35157
-1.57462 1.34369
-1.58217 1.34127
-1.58605 1.33315
-1.58952 1.32905
-1.59288 1.3207
-1.60009 1.309
-1.60294 1.30046
-1.60664 1.29018
-1.60905 1.28151
-1.61205 1.27678
-1.61389 1.26797
-1.61932 1.26218
-1.62066 1.25328
-1.62106 1.24416
-1.62186 1.23519
-1.61869 1.2264
-1.619 1.21741
-1.62499 1.20586
-1.62475 1.19686
-1.62559 1.18466
-1.62478 1.1757
-1.62969 1.17283
-1.62677 1.15508
-1.62331 1.15971
-1.62163 1.15087
-1.62272 1.13884
-1.62084 1.13004
-1.61707 1.11244
-1.62308 1.11772
-1.62134 1.10889
-1.62055 1.10704
-1.61894 1.09819
-1.60969 1.08604
-1.60823 1.07716
-1.61187 1.07275
-1.61056 1.06384
-1.6068 1.0552
-1.60569 1.04627
-1.60327 1.03241
-1.60235 1.02346
-1.59629 1.00711
-1.59552 0.998147
-1.59681 0.999693
-1.59625 0.99071
-1.59641 0.98366
-1.59592 0.974674
-1.59892 0.959393
-1.59867 0.950397
-1.59572 0.945126
-1.59566 0.936126
-1.59537 0.924408
-1.59547 0.915408
-1.59439 0.896166
-1.59255 0.889764
-1.59279 0.880767
-1.59211 0.869006
-1.59246 0.860013
-1.58963 0.849356
-1.58998 0.840363
-1.58998 0.840363
-1.59023 0.834052
-1.5906 0.82506
-1.59222 0.810615
-1.59643 0.797668
-1.59679 0.788675
-1.59828 0.781651
-1.59866 0.772659
-1.59985 0.761201
-1.60018 0.752207
-1.60018 0.752207
-1.60204 0.738086
-1.59843 0.727558
-1.59843 0.727558
-1.59884 0.718567
-1.60021 0.694151
-1.60021 0.694151
-1.60004 0.686071
-1.60046 0.677081
-1.6011 0.673337
-1.60057 0.661664
-1.60097 0.652673
-1.60177 0.641482
-1.60177 0.641482
-1.60216 0.63249
-1.60031 0.611631
-1.60233 0.607389
-1.60281 0.598402
-1.60613 0.588309
-1.60613 0.588309
-1.60662 0.579322
-1.60662 0.556929
-1.60662 0.556929
-1.61406 0.537996
-1.61406 0.537996
-1.61092 0.5274
-1.61137 0.518411
-1.61366 0.514485
-1.61417 0.5055
-1.61055 0.49685
-1.6111 0.487866
-1.61253 0.480084
-1.61308 0.471101
-1.61324 0.458547
-1.61379 0.449563
-1.6184 0.441061
-1.61894 0.432077
-1.61606 0.421694
-1.61897 0.40423
-1.61897 0.40423
-1.61953 0.395247
-1.61566 0.390287
-1.61626 0.381307
-1.62049 0.374568
-1.62106 0.365586
-1.61745 0.350954
-1.61806 0.341974
-1.61741 0.335188
-1.61798 0.326206
-1.62352 0.316788
-1.62413 0.307809
-1.62268 0.297259
-1.62334 0.288283
-1.62113 0.283439
-1.62178 0.274462
-1.62583 0.265533
-1.62651 0.256559
-1.62767 0.247548
-1.62901 0.229096
-1.62817 0.219409
-1.62886 0.209432
-1.63323 0.206978
-1.63406 0.197013
-1.62645 0.188443
-1.62731 0.178479
-1.62773 0.167891
-1.62861 0.15793
-1.63271 0.148252
-1.63355 0.138287
-1.63453 0.127042
-1.63554 0.108785
-1.63654 0.0978305
-1.63758 0.0863781
-1.64161 0.0813162
-1.64273 0.0693688
-1.65039 0.066754
-1.65145 0.0548012
-1.64267 0.0387214
-1.64373 0.0267686
-1.64551 0.0124387
-1.64665 0.000492571
-1.65039 -0.0095009
-1.65152 -0.0214474
-1.65204 -0.0358037
-1.65317 -0.0477509
-1.65185 -0.057112
-1.65291 -0.0690651
-1.65248 -0.0833182
-1.6639 -0.10602
-1.6639 -0.10602
-1.66505 -0.117965
-1.65905 -0.131984
-1.66022 -0.143926
-1.66 -0.155052
-1.66117 -0.166994
-1.66319 -0.178662
-1.66437 -0.190604
-1.66706 -0.200109
-1.66825 -0.21205
-1.66924 -0.229974
-1.6704 -0.241917
-1.67225 -0.247108
-1.67345 -0.259048
-1.67266 -0.270193
-1.67386 -0.282133
-1.67527 -0.295683
-1.67654 -0.307616
-1.6778 -0.319178
-1.67903 -0.331115
-1.67784 -0.345431
-1.67909 -0.357365
-1.68173 -0.364146
-1.68296 -0.376083
-1.68465 -0.392433
-1.68593 -0.404364
-1.68761 -0.413183
-1.68894 -0.425109
-1.68928 -0.438905
-1.6906 -0.450831
-1.6928 -0.463438
-1.69413 -0.475365
-1.69426 -0.483168
-1.69553 -0.495101
-1.69773 -0.515409
-1.69904 -0.527337
-1.704 -0.537475
-1.70529 -0.549406
-1.70072 -0.551802
-1.70053 -0.565035
-1.70053 -0.565035
-1.70959 -0.574458
-1.70959 -0.574458
-1.70538 -0.572604
-1.70538 -0.572604
-1.70543 -0.573102
-1.70924 -0.573425
-1.70797 -0.574614
-1.70816 -0.576604
-1.70398 -0.576609
-1.70423 -0.579096
-1.70538 -0.582154
-1.70577 -0.586135
-1.70854 -0.589714
-1.70893 -0.593695
-1.70791 -0.597267
-1.70829 -0.601249
-1.709 -0.60728
-1.70941 -0.611259
-1.71119 -0.616856
-1.71163 -0.620831
-1.71133 -0.626126
-1.71206 -0.634092
-1.71231 -0.627541
-1.71257 -0.631533
-1.71294 -0.631843
-1.71304 -0.635841
-1.71276 -0.646634
-1.71273 -0.650634
-1.71577 -0.65317
-1.71559 -0.657166
-1.71699 -0.659262
-1.71663 -0.663245
-1.718 -0.665923
-1.71749 -0.669891
-1.71693 -0.671265
-1.71625 -0.675208
-1.71701 -0.681647
-1.71609 -0.686053
-1.71664 -0.69323
-1.71408 -0.703413
-1.71685 -0.697196
-1.71523 -0.702973
-1.71776 -0.708144
-1.71589 -0.713845
-1.71624 -0.72422
-1.71414 -0.729842
-1.70346 -0.730385
-1.70115 -0.735922
-1.70156 -0.748142
-1.69901 -0.753573
-1.6978 -0.753779
-1.69506 -0.759112
-1.69568 -0.76683
-1.69271 -0.77204
-1.68964 -0.777198
-1.68814 -0.781856
-1.68448 -0.784211
-1.68137 -0.789345
-1.68248 -0.79489
-1.67942 -0.800049
-1.66914 -0.807252
-1.66609 -0.812419
-1.66823 -0.819953
-1.66529 -0.825183
-1.66218 -0.830353
-1.65938 -0.835661
-1.6547 -0.837328
-1.65197 -0.842668
-1.64924 -0.848015
-1.64609 -0.847164
-1.64339 -0.852517
-1.64543 -0.855925
-1.64272 -0.861278
-1.637 -0.871371
-1.63436 -0.876755
-1.63443 -0.879258
-1.63172 -0.884609
-1.62753 -0.886475
-1.62484 -0.891835
-1.62252 -0.900231
-1.6198 -0.90558
-1.6124 -0.909178
-1.6097 -0.914535
-1.61044 -0.919635
-1.60769 -0.924966
-1.60642 -0.937045
-1.6037 -0.942392
-1.59928 -0.943855
-1.59661 -0.949227
-1.59357 -0.959049
-1.59087 -0.964407
-1.59068 -0.967759
-1.58797 -0.973113
-1.58249 -0.974158
-1.57977 -0.979504
-1.58084 -0.987994
-1.57811 -0.993335
-1.57357 -0.996355
-1.57082 -1.00168
-1.56556 -1.00591
-1.56278 -1.01122
-1.56436 -1.02029
-1.56156 -1.0256
-1.55393 -1.02804
-1.55119 -1.03337
-1.55653 -1.04301
-1.55382 -1.04836
-1.54776 -1.05187
-1.54503 -1.05721
-1.53759 -1.06247
-1.53487 -1.06782
-1.5358 -1.06988
-1.53306 -1.07522
-1.53358 -1.08464
-1.53083 -1.08998
-1.52454 -1.09388
-1.52179 -1.09921
-1.51543 -1.10512
-1.51265 -1.11044
-1.51133 -1.11122
-1.50858 -1.11655
-1.50906 -1.12598
-1.50632 -1.13132
-1.5031 -1.136
-1.50037 -1.14135
-1.49415 -1.14071
-1.49143 -1.14606
-1.49105 -1.16366
-1.48829 -1.16899
-1.48913 -1.16435
-1.48633 -1.16965
-1.48437 -1.17727
-1.48158 -1.18259
-1.47994 -1.18862
-1.47718 -1.19394
-1.46625 -1.20564
-1.46352 -1.21098
-1.46588 -1.21205
-1.4631 -1.21737
-1.45965 -1.22328
-1.45689 -1.22861
-1.456 -1.2281
-1.45325 -1.23344
-1.44473 -1.23759
-1.44199 -1.24293
-1.44173 -1.25109
-1.43896 -1.25641
-1.43566 -1.26674
-1.43289 -1.27206
-1.42686 -1.27086
-1.42406 -1.27616
-1.42391 -1.28562
-1.42112 -1.29093
-1.4209 -1.29113
-1.41811 -1.29644
-1.41421 -1.30231
-1.41141 -1.30762
-1.40656 -1.30958
-1.40379 -1.3149
-1.40629 -1.32163
-1.39435 -1.33638
-1.39154 -1.34168
-1.39319 -1.3418
-1.38713 -1.35216
-1.38824 -1.36048
-1.38496 -1.36551
-1.38014 -1.36665
-1.37659 -1.37149
-1.37646 -1.37788
-1.37263 -1.38249
-1.37352 -1.3794
-1.36943 -1.38379
-1.37185 -1.39564
-1.36751 -1.39978
-1.36494 -1.40723
-1.36034 -1.41109
-1.35179 -1.41014
-1.34697 -1.41372
-1.34256 -1.41994
-1.33755 -1.42324
-1.33075 -1.4252
-1.32555 -1.4282
-1.32374 -1.43702
-1.31837 -1.43969
-1.31656 -1.44109
-1.31106 -1.44348
-1.30471 -1.44858
-1.29907 -1.45063
-1.29873 -1.45215
-1.29297 -1.45385
-1.28735 -1.45591
-1.2815 -1.45724
-1.27405 -1.46445
-1.26813 -1.46542
-1.26264 -1.47069
-1.25667 -1.47129
-1.25648 -1.46922
-1.25049 -1.46951
-1.24226 -1.47853
-1.23626 -1.47852
-1.22901 -1.47318
-1.21703 -1.4725
-1.21694 -1.47232
-1.21094 -1.47207
-1.20918 -1.47125
-1.20318 -1.471
-1.19919 -1.47387
-1.19319 -1.4736
-1.18801 -1.47287
-1.18202 -1.47261
-1.1729 -1.4682
-1.16691 -1.46794
-1.16175 -1.47296
-1.15575 -1.47266
-1.14557 -1.47486
-1.13958 -1.47456
-1.13667 -1.47351
-1.13068 -1.47323
-1.13067 -1.4702
-1.12467 -1.46994
-1.1138 -1.46714
-1.1078 -1.46686
-1.10105 -1.46935
-1.09506 -1.46902
-1.08366 -1.47073
-1.07766 -1.47044
-1.07195 -1.46718
-1.05996 -1.46663
-1.05911 -1.46983
-1.05911 -1.46983
-1.05311 -1.46961
-1.05463 -1.46444
-1.04863 -1.46433
-1.04176 -1.46379
-1.03576 -1.46377
-1.02941 -1.45979
-1.02341 -1.45987
-1.01919 -1.45982
-1.00468 -1.4626
-1.00468 -1.4626
-0.998678 -1.46275
-0.992586 -1.46461
-0.977425 -1.46015
-0.977425 -1.46015
-0.964928 -1.46043
-0.964398 -1.46391
-0.951649 -1.46666
-0.935155 -1.46713
-0.936826 -1.4606
-0.92783 -1.46086
-0.917173 -1.46304
-0.908178 -1.46334
-0.904019 -1.4658
-0.895022 -1.46603
-0.888256 -1.46061
-0.879262 -1.46093
-0.872224 -1.46848
-0.86323 -1.46879
-0.851305 -1.46627
-0.842311 -1.46661
-0.832454 -1.46699
-0.82346 -1.46734
-0.809915 -1.47344
-0.800919 -1.47372
-0.792255 -1.46985
-0.783261 -1.47018
-0.779444 -1.47193
-0.770451 -1.47229
-0.764442 -1.47163
-0.75545 -1.47199
-0.742605 -1.47152
-0.733614 -1.47192
-0.719979 -1.47285
-0.710987 -1.47323
-0.708128 -1.47385
-0.699138 -1.47426
-0.687806 -1.47739
-0.678815 -1.47779
-0.666201 -1.47562
-0.657212 -1.47606
-0.650348 -1.47421
-0.64136 -1.47467
-0.636308 -1.48438
-0.627318 -1.4848
-0.616265 -1.47683
-0.607277 -1.47729
-0.598743 -1.48455
-0.589754 -1.48499
-0.576985 -1.48099
-0.567996 -1.48145
-0.561836 -1.48233
-0.552849 -1.4828
-0.54381 -1.48157
-0.534824 -1.48206
-0.53326 -1.48158
-0.524274 -1.48208
-0.509253 -1.48499
-0.500265 -1.48547
-0.492445 -1.48688
-0.48346 -1.4874
-0.474207 -1.48516
-0.465223 -1.48568
-0.45411 -1.48564
-0.445128 -1.4862
-0.438263 -1.49129
-0.429278 -1.49182
-0.419061 -1.48666
-0.410078 -1.4872
-0.40402 -1.48945
-0.395038 -1.49001
-0.382922 -1.48912
-0.373942 -1.48973
-0.360415 -1.48946
-0.351432 -1.49
-0.347267 -1.49334
-0.338286 -1.49393
-0.329342 -1.49388
-0.320367 -1.49455
-0.311821 -1.49526
-0.30284 -1.49585
-0.298895 -1.50039
-0.289919 -1.50105
-0.276133 -1.49847
-0.267154 -1.49908
-0.25679 -1.49201
-0.247813 -1.49266
-0.241745 -1.49946
-0.232769 -1.50012
-0.227182 -1.50129
-0.21821 -1.50201
-0.206633 -1.49801
-0.197655 -1.49864
-0.191363 -1.50514
-0.182391 -1.50585
-0.168413 -1.50316
-0.159438 -1.50383
-0.151386 -1.50508
-0.142412 -1.50576
-0.131773 -1.50802
-0.122802 -1.50874
-0.118154 -1.50916
-0.109183 -1.50989
-0.0986767 -1.50944
-0.0897086 -1.51019
-0.0821342 -1.51351
-0.0731655 -1.51427
-0.0637023 -1.51475
-0.054734 -1.5155
-0.0446702 -1.52068
-0.0357032 -1.52145
-0.0296006 -1.51418
-0.0206392 -1.51501
-0.0102022 -1.51614
-0.00123727 -1.51694
0.00621992 -1.51757
0.015184 -1.51837
0.0245938 -1.51928
0.0335565 -1.5201
0.0413579 -1.52054
0.0503217 -1.52135
0.0595792 -1.51953
0.0685407 -1.52036
0.074425 -1.52216
0.0833806 -1.52305
0.0920724 -1.53154
0.101027 -1.53245
0.116706 -1.52671
0.125667 -1.52755
0.132349 -1.53451
0.141307 -1.53537
0.149469 -1.53384
0.158428 -1.5347
0.165607 -1.53526
0.174564 -1.53614
0.190253 -1.53691
0.199207 -1.53782
0.207545 -1.53477
0.216503 -1.53564
0.219638 -1.54178
0.228587 -1.54274
0.238227 -1.54259
0.24718 -1.54351
0.257339 -1.54967
0.266294 -1.55057
0.274481 -1.54797
0.283429 -1.54893
0.287877 -1.54765
0.296824 -1.54863
0.317706 -1.54759
0.326654 -1.54856
0.328542 -1.55078
0.337488 -1.55177
0.347797 -1.55118
0.356744 -1.55215
0.361581 -1.55337
0.370522 -1.55439
0.379165 -1.55593
0.388103 -1.55699
0.400944 -1.56128
0.409885 -1.56231
0.417861 -1.55909
0.426804 -1.56011
0.442584 -1.5629
0.451527 -1.56392
0.452608 -1.56975
0.461548 -1.5708
0.470667 -1.56482
0.479607 -1.56585
0.487524 -1.57006
0.496458 -1.57115
0.504389 -1.5685
0.513326 -1.56956
0.525737 -1.57748
0.534667 -1.5786
0.542561 -1.58031
0.551492 -1.58143
0.559778 -1.57936
0.568707 -1.58049
0.573701 -1.5847
0.582629 -1.58583
0.591148 -1.57794
0.600064 -1.57916
0.615182 -1.58681
0.624106 -1.58798
0.632147 -1.58657
0.641075 -1.58771
0.650047 -1.58816
0.658968 -1.58936
0.663919 -1.58716
0.672844 -1.58832
0.688766 -1.5956
0.697685 -1.5968
0.704172 -1.59419
0.713094 -1.59537
0.71804 -1.59554
0.726955 -1.59677
0.737746 -1.60004
0.74666 -1.60129
0.750499 -1.60312
0.759413 -1.60436
0.77434 -1.60156
0.783256 -1.60279
0.793265 -1.60874
0.802172 -1.61003
0.805611 -1.60666
0.814521 -1.60793
0.827958 -1.61057
0.836868 -1.61183
0.847271 -1.6142
0.856191 -1.6154
0.865119 -1.61653
0.870423 -1.61464
0.881765 -1.61961
0.890733 -1.62037
0.900402 -1.61841
0.909393 -1.61882
0.916032 -1.62553
0.925032 -1.62561
0.933128 -1.62775
0.942125 -1.62751
0.951206 -1.62865
0.960185 -1.62803
0.96936 -1.62719
0.978311 -1.62625
0.986588 -1.62507
0.995494 -1.62377
1.00989 -1.62046
1.01872 -1.61874
1.02599 -1.62347
1.03476 -1.62144
1.04087 -1.62121
1.04954 -1.6188
1.05349 -1.61395
1.06207 -1.61124
1.0729 -1.61181
1.08138 -1.60881
1.08734 -1.60404
1.09569 -1.60067
1.10607 -1.59381
1.11426 -1.59008
1.12248 -1.59298
1.13052 -1.58893
1.14046 -1.58597
1.14833 -1.5816
1.15713 -1.57841
1.16484 -1.57376
1.17136 -1.57349
1.17884 -1.56848
1.17943 -1.55838
1.18669 -1.55306
1.19865 -1.55519
1.20574 -1.54965
1.21569 -1.53978
1.22253 -1.53393
1.22901 -1.52785
1.23563 -1.52175
1.24114 -1.52445
1.24752 -1.5181
1.25314 -1.50695
1.25922 -1.50032
1.26844 -1.49704
1.27425 -1.49017
1.28102 -1.4848
1.28661 -1.47775
1.29551 -1.47312
1.3008 -1.46584
1.29809 -1.45836
1.30309 -1.45088
1.30766 -1.44567
1.31235 -1.43799
1.31744 -1.42704
1.32179 -1.41917
1.33061 -1.41825
1.33465 -1.4102
1.34312 -1.40281
1.34687 -1.39463
1.34983 -1.38296
1.35324 -1.37463
1.35469 -1.3664
1.35777 -1.35794
1.35772 -1.34883
1.36045 -1.34026
1.36795 -1.33586
1.37036 -1.32719
1.37996 -1.32123
1.38201 -1.31247
1.38307 -1.29966
1.38482 -1.29083
1.38344 -1.28619
1.38481 -1.2773
1.38593 -1.26524
1.38691 -1.2563
1.3889 -1.25232
1.38959 -1.24334
1.38695 -1.23491
1.38734 -1.22592
1.39232 -1.21297
1.39252 -1.20397
1.39269 -1.19497
1.39003 -1.19721
1.39015 -1.18821
1.39358 -1.18281
1.39368 -1.17382
1.39795 -1.16225
1.39804 -1.15325
1.3983 -1.14079
1.39845 -1.13179
1.39982 -1.12291
1.3999 -1.11391
1.39763 -1.10721
1.39776 -1.09821
1.40122 -1.09375
1.40138 -1.08475
1.396 -1.07292
1.39612 -1.06392
1.39798 -1.05685
1.39815 -1.04785
1.40123 -1.03737
1.39426 -1.01547
1.39436 -1.00647
1.39434 -0.997475
1.39674 -1.00224
1.39651 -0.993247
1.39941 -0.985692
1.3989 -0.976706
1.39891 -0.965654
1.39805 -0.956694
1.39918 -0.948638
1.39799 -0.939717
1.39398 -0.930739
1.39243 -0.921874
1.39215 -0.913541
1.39028 -0.904739
1.38719 -0.896519
1.38497 -0.887798
1.39078 -0.878125
1.38819 -0.869503
1.38496 -0.861871
1.382 -0.853372
1.37763 -0.84504
1.37429 -0.836682
1.37162 -0.832032
1.36798 -0.823801
1.36668 -0.813501
1.3627 -0.805428
1.36448 -0.791432
1.36024 -0.783499
1.35658 -0.781109
1.35203 -0.773347
1.34069 -0.762616
1.33577 -0.755076
1.33954 -0.743152
1.33431 -0.735825
1.32795 -0.732873
1.32241 -0.725782
1.3217 -0.71669
1.31592 -0.709794
1.31083 -0.704404
1.30479 -0.697733
1.29979 -0.688632
1.29347 -0.682223
1.2821 -0.67593
1.27555 -0.669752
1.2704 -0.663482
1.26358 -0.657613
1.26008 -0.647511
1.25304 -0.641907
1.24692 -0.641017
1.23966 -0.63569
1.23155 -0.633124
1.22409 -0.628081
1.21818 -0.622425
1.2054 -0.612681
1.19762 -0.608154
1.18672 -0.598709
1.17884 -0.594361
1.1748 -0.593633
1.16693 -0.589279
1.16315 -0.580737
1.15528 -0.576363
1.14481 -0.570108
1.13694 -0.565741
1.13224 -0.560381
1.12435 -0.556057
1.11559 -0.556683
1.10774 -0.552281
1.09407 -0.544062
1.08624 -0.539623
1.08154 -0.535428
1.07369 -0.531029
1.06512 -0.524318
1.05728 -0.519888
1.05281 -0.525575
1.04495 -0.521197
1.03226 -0.510477
1.0244 -0.506091
1.01931 -0.502378
1.01151 -0.497901
1.00705 -0.490474
0.999236 -0.486003
0.984409 -0.488211
0.97658 -0.483772
0.973407 -0.472666
0.965568 -0.468245
0.961399 -0.469429
0.95358 -0.464971
0.938253 -0.455327
0.930438 -0.450863
0.927257 -0.44708
0.919461 -0.442583
0.908344 -0.442327
0.900545 -0.437836
0.895116 -0.431283
0.887304 -0.426814
0.878952 -0.423243
0.871144 -0.418767
0.863023 -0.412663
0.855225 -0.408169
0.85097 -0.404584
0.843164 -0.400104
0.834072 -0.397776
0.826283 -0.393267
0.818448 -0.384769
0.810658 -0.380262
0.805242 -0.375836
0.797465 -0.371305
0.787529 -0.372699
0.779738 -0.368194
0.768181 -0.365486
0.760382 -0.360994
0.752799 -0.353258
0.745022 -0.348728
0.744917 -0.342568
0.737155 -0.338014
0.726968 -0.333488
0.719196 -0.32895
0.709011 -0.326654
0.701239 -0.322115
0.692464 -0.31396
0.684677 -0.309448
0.679827 -0.304956
0.672075 -0.300383
0.661647 -0.295905
0.653919 -0.291293
0.644191 -0.289692
0.636462 -0.285081
0.635808 -0.279614
0.628055 -0.275044
0.615889 -0.272452
0.608141 -0.267873
0.595134 -0.265976
0.587362 -0.261439
0.585233 -0.251177
0.57746 -0.246639
0.571271 -0.243611
0.563541 -0.239
0.556271 -0.23315
0.548546 -0.228534
0.540655 -0.223803
0.532921 -0.2192
0.525024 -0.21392
0.517283 -0.209329
0.513043 -0.203395
0.505298 -0.19881
0.49528 -0.197189
0.487573 -0.192542
0.476582 -0.189517
0.468883 -0.184855
0.465921 -0.177876
0.45821 -0.173235
0.445854 -0.172531
0.438151 -0.167877
0.435052 -0.157513
0.427306 -0.152931
0.414573 -0.15197
0.406837 -0.147371
0.404215 -0.141087
0.396511 -0.136434
0.386534 -0.134174
0.37886 -0.129471
0.371652 -0.125292
0.363952 -0.120633
0.356711 -0.114893
0.349005 -0.110243
0.341264 -0.105652
0.343704 -0.105108
0.335903 -0.10062
0.32275 -0.0956775
0.31489 -0.091293
0.30956 -0.0851782
0.301611 -0.0809573
0.294917 -0.0814336
0.286892 -0.0773593
0.278171 -0.0646104
0.270058 -0.0607135
0.260629 -0.062268
0.25244 -0.0585331
0.246746 -0.0544375
0.238488 -0.0508587
0.229635 -0.0436393
0.221324 -0.0401858
0.216576 -0.0377398
0.208202 -0.0344429
0.199771 -0.0315157
0.191331 -0.0283896
0.183276 -0.0271493
0.174768 -0.0242154
0.170322 -0.0199694
0.16176 -0.0171954
0.150872 -0.0128479
0.14225 -0.010267
0.131552 -0.00604773
0.12291 -0.0035367
0.114479 -0.000324416
0.10578 0.0019818
0.0998084 0.00542217
0.0910626 0.00754617
0.0772347 0.00720648
0.0772347 0.00720648
0.0724206 0.0104446
0.0724206 0.0104446
0.0626267 0.0151428
0.0626267 0.0151428
0.0608435 0.0191895
0.0608435 0.0191895
0.0608181 0.0115021
0.056418 0.0178876
0.056418 0.0178876
0.056418 0.0178876
0.0563587 0.0152381
0.0563587 0.0152381
0.0587555 0.0172074
0.0587555 0.0172074
0.0573962 0.0173299
0.0573962 0.0173299
0.0561207 0.0131401
0.0561207 0.0131401
0.0599532 0.0191661
0.0599532 0.0191661
0.0580662 0.0168196
0.0580662 0.0168196
0.0592083 0.0197839
0.0592083 0.0197839
0.0605747 0.0186245
0.0605747 0.0186245
0.0615039 0.0151426
0.0615039 0.0151426
0.0579249 0.0173529
0.0579249 0.0173529
0.0617301 0.0154716
0.0617301 0.0154716
0.0616062 0.0181091
0.0616062 0.0181091
0.0623066 0.0209079
0.0623066 0.0209079
0.0623066 0.0209079
0.0623066 0.0209079
0.0623066 0.0209079
0.0623066 0.0209079
0.0623066 0.0209079
0.0623066 0.0209079
0.0623066 0.0209079
0.0623066 0.0209079
0.0623066 0.0209079
0.0623066 0.0209079
0.0623066 0.0209079
0.0623066 0.0209079
0.0623066 0.0209079
0.0623066 0.0209079
