0
0
0
0
0
0
0
0
0
0
0
0
0
0
0
0
0
0
0
0
0
0
0
0
0
0
0
0
0
0
0
0
0
0
0
0
0
0
0
0
0
0
0
0
0
0
0
0
0
0
0
0
0
0
0
0
0
0
0
0
0
0
0
0
0
0
0
0
0
0
0
0
0
0
0
0
0
0
0
0
0
0
0
0
0
0
0
0.00190171
0.0296733
0.0296751
0.0289538
0.0289556
0.0309665
0.0309683
0.0309098
0.030911
0.0315343
0.031536
0.0304189
0.0304211
0.0277273
0.0277295
0.030326
0.0303276
0.0257188
0.0257198
0.026707
0.026709
0.0243951
0.0243966
0.0275208
0.0275223
0.0287668
0.0282742
0.0271791
0.0252615
0.028235
0.0262411
0.0265321
0.02534
0.0199296
0.0192107
0.0252476
0.0238077
0.0220666
0.0283219
0.0269473
0.0294877
0.0215577
0.020844
0.0265887
0.0265773
0.0265897
0.0266059
0.0203026
0.0186459
0.0233382
0.0233981
0.0282271
0.0265794
0.0228598
0.0212128
0.0300184
0.0280421
0.0248687
0.0231314
0.0173575
0.0189163
0.0241638
0.0224412
0.029824
0.028116
0.0263452
0.0263544
0.0304622
0.0288217
0.025498
0.0272707
0.0290559
0.0291202
0.0245353
0.0245859
0.0220242
0.0235374
0.0283886
0.0282673
0.0247758
0.0263634
0.025357
0.0236736
0.0240692
0.025697
0.021931
0.0236262
0.0250213
0.0267512
0.0261714
0.026216
0.0287737
0.0271555
0.0234133
0.023474
0.0190773
0.0207086
0.0203576
0.0184508
0.0290115
0.0289452
0.0230502
0.0229913
0.0213423
0.0213035
0.0235755
0.0219311
0.0289147
0.0306203
0.0269208
0.0286287
0.0274122
0.027363
0.0272741
0.0305187
0.0303976
0.027048
0.0264688
0.0275531
0.0290551
0.0300615
0.0315573
0.0290947
0.0305021
0.0306103
0.030402
0.0310259
0.0291975
0.0290681
0.0305135
0.0301574
0.0283311
0.0326377
0.0307734
0.0256804
0.0254703
0.0337945
0.0336076
0.029388
0.0308633
0.0322073
0.0320698
0.0249727
0.0265107
0.0286908
0.028584
0.0281896
0.0280249
0.0299571
0.0296729
0.0296688
0.029303
0.0239726
0.0223015
0.0185778
0.0275009
0.02579
0.0244298
0.0260981
0.020851
0.0208521
0.0240938
0.0241155
0.0247907
0.0265287
0.0264462
0.0280128
0.0242317
0.0256672
0.0262539
0.0262537
0.034475
0.0327637
0.0289965
0.0286644
0.0270743
0.025345
0.0265876
0.0282269
0.0301795
0.0301745
0.0218741
0.0218866
0.0260662
0.0260928
0.0290065
0.029033
0.0262695
0.0258829
0.0240281
0.0252234
0.0214068
0.0167136
0.0269561
0.0260073
0.0241357
0.0264521
0.0229218
0.0252299
0.0275465
0.0275574
0.0277183
0.0277462
0.0232995
0.0207187
0.0229137
0.0229132
0.0156074
0.0177723
0.024624
0.0222451
0.0229973
0.020686
0.0218191
0.0218276
0.0222995
0.0247025
0.0251701
0.0274372
0.0223604
0.0247015
0.0224778
0.0224641
0.0301944
0.0300837
0.0214315
0.0213919
0.0223219
0.0200465
0.0199312
0.0223322
0.0220257
0.0220522
0.0300374
0.0275077
0.0220074
0.0220046
0.0256414
0.0254428
0.0187263
0.0209602
0.0263692
0.0239776
0.0270155
0.0247435
0.0249587
0.0226481
0.0183519
0.0204682
0.0263805
0.028764
0.0222035
0.0221761
0.0246736
0.024574
0.0219333
0.0218974
0.0294037
0.0293993
0.018493
0.0208971
0.0258804
0.0259063
0.022485
0.024699
0.0237535
0.0261091
0.0238177
0.0258711
0.0181955
0.0181556
0.0268822
0.029223
0.0216894
0.0217033
0.0272631
0.024925
0.0270472
0.024474
0.020042
0.0200444
0.0243978
0.0243234
0.0239954
0.0239513
0.0245608
0.0269019
0.0274661
0.0250936
0.0249631
0.0226045
0.028083
0.0256892
0.0282343
0.0258872
0.0271637
0.0271519
0.0231163
0.0206313
0.0241605
0.0217754
0.022825
0.0228069
0.0179356
0.0203446
0.0189774
0.0190054
0.0203859
0.0201135
0.0268998
0.0269003
0.0262007
0.0282966
0.0207663
0.0207179
0.0199795
0.0222286
0.0265688
0.0265805
0.0254507
0.0254814
0.0217156
0.0192547
0.0267056
0.0290783
0.0261872
0.0261344
0.0226694
0.0202514
0.0198178
0.0220775
0.0267792
0.0244214
0.0287081
0.0263806
0.0287424
0.0235489
0.0201912
0.0175308
0.0272512
0.0247641
0.0280907
0.0302079
0.024178
0.023883
0.0211231
0.0231983
0.0283523
0.0304387
0.0285407
0.0304335
0.0281901
0.0280026
0.0193315
0.021474
0.0248747
0.0224081
0.0289011
0.0264862
0.0264749
0.0240035
0.0268918
0.026437
0.0247499
0.024507
0.0289514
0.0310197
0.030762
0.0314852
0.0314131
0.0311627
0.028639
0.0361753
0.0334
0.028953
0.0286792
0.0307664
0.0226113
0.0246988
0.022702
0.0247444
0.0239424
0.0260241
0.0223543
0.0238332
0.0210137
0.029675
0.0316099
0.0293826
0.0290773
0.0314142
0.0311334
0.0338566
0.033597
0.0319062
0.0292968
0.0254043
0.0273726
0.0242779
0.0240315
0.0354246
0.0245071
0.0242903
0.0240872
0.0351898
0.0371753
0.0355077
0.0248935
0.0267942
0.0253436
0.025011
0.0331207
0.0328164
0.0297804
0.0273126
0.0250187
0.024739
0.0272523
0.026866
0.0265933
0.031222
0.0299411
0.0274487
0.0212043
0.0232319
0.0240692
0.023896
0.0279117
0.0253298
0.0256617
0.0278497
0.0242364
0.0241222
0.0217537
0.028776
0.0287657
0.0404153
0.0404428
0.0321543
0.0345015
0.0378755
0.0403247
0.0369273
0.0392518
0.0371928
0.036907
0.036051
0.0359953
0.0357513
0.0381012
0.0368173
0.0345213
0.033448
0.0358711
0.0301751
0.0302346
0.0351251
0.0327316
0.0356483
0.0353068
0.0346985
0.0322904
0.0374478
0.0350435
0.0327195
0.0327223
0.0274375
0.0274702
0.0259342
0.0259908
0.0301849
0.0302117
0.0266629
0.0243307
0.0310389
0.0332261
0.0293679
0.0293195
0.0396317
0.0372477
0.0320666
0.0297438
0.029936
0.0275643
0.0268722
0.026848
0.0259221
0.0258514
0.0356201
0.0330316
0.0340078
0.0315399
0.0350523
0.0326242
0.0350689
0.0326304
0.0296618
0.031936
0.030269
0.0301949
0.0316142
0.0292692
0.0314506
0.0313786
0.0356417
0.0331823
0.0287622
0.024577
0.0268978
0.0245448
0.0320228
0.0297189
0.033993
0.0316759
0.0317398
0.0318267
0.0328544
0.0305661
0.0269301
0.0293127
0.0317834
0.0294172
0.0285716
0.0310243
0.0338119
0.0339068
0.0288378
0.0289641
0.0319902
0.0297779
0.0280798
0.0281316
0.0302588
0.0300556
0.0340047
0.0340189
0.0359555
0.0336189
0.0292555
0.0223456
0.0361085
0.0338891
0.0343925
0.0370976
0.0335214
0.0312543
0.034207
0.0343521
0.0323667
0.0300721
0.0334777
0.0311996
0.0348833
0.0295106
0.0296423
0.0269564
0.027075
0.0265782
0.024226
0.0251463
0.0252131
0.0278772
0.0255716
0.0271529
0.0248512
0.0248086
0.0310367
0.0307233
0.032612
0.0303165
0.0394906
0.0394993
0.0363929
0.0339985
0.0323314
0.0299922
0.0342051
0.0342001
0.028318
0.0306347
0.0349461
0.032307
0.0345346
0.0321675
0.0290676
0.0314641
0.0284212
0.028334
0.0331599
0.0331303
0.0322963
0.0322833
0.0283113
0.0306879
0.038467
0.0383282
0.0344867
0.036801
0.0333443
0.035747
0.0341237
0.0318267
0.0316015
0.033943
0.036405
0.0387553
0.0310503
0.0334263
0.0325167
0.0348784
0.0313962
0.0257024
0.0233381
0.0290105
0.0291209
0.0249506
0.0225676
0.0223506
0.0247935
0.0217757
0.024258
0.0225733
0.0226785
0.0262146
0.0263429
0.0207948
0.0231156
0.0235383
0.0258421
0.0248601
0.0247866
0.0269207
0.0269509
0.0254901
0.0231934
0.0254178
0.0319076
0.0342032
0.0343194
0.0366345
0.0323634
0.0321005
0.034904
0.0347769
0.0308628
0.0243904
0.0219465
0.02416
0.0216497
0.0271227
0.0246416
0.0240967
0.021604
0.0276082
0.0248966
0.0291698
0.0267091
0.0256443
0.027804
0.0234615
0.0233388
0.0231111
0.025321
0.0254172
0.0252817
0.025608
0.0182726
0.0256313
0.0277464
0.0276639
0.0345039
0.0344911
0.0331479
0.0331681
0.0300564
0.0301028
0.0318947
0.0343617
0.0311576
0.0311868
0.0296652
0.0318451
0.0382912
0.0359482
0.03165
0.0316194
0.032979
0.0329859
0.0279263
0.0249057
0.0334435
0.0335069
0.031552
0.0315843
0.0318556
0.0316378
0.0350485
0.0376506
0.0289387
0.0289232
0.0324135
0.0296199
0.028977
0.0200775
0.0201443
0.0176819
0.0206481
0.023714
0.0235944
0.0235079
0.0263747
0.0235107
0.0235243
0.0233758
0.0264985
0.0236226
0.0207127
0.0209018
0.0207689
0.0243237
0.0212316
0.0268952
0.0238213
0.0207933
0.020807
0.0212744
0.0213309
0.0243447
0.0213233
0.0216642
0.0183697
0.0220036
0.0249669
0.0204389
0.0234749
0.020338
0.0232927
0.0263686
0.026432
0.0222447
0.0222867
0.0229162
0.0196776
0.0249443
0.0279383
0.0261333
0.0261198
0.0281536
0.0251323
0.0265721
0.0266379
0.0205082
0.0234059
0.0225489
0.0194195
0.0209525
0.0239606
0.0188528
0.0219084
0.0277246
0.0277814
0.0257973
0.0289329
0.0153617
0.00623247
0.0236527
0.023448
0.0235821
0.0204924
0.0266926
0.0295289
0.0226196
0.0225275
0.0306049
0.0332968
0.0238132
0.0265765
0.022936
0.0252901
0.0231915
0.0259528
0.0257439
0.0285483
0.0232926
0.0203044
0.0229216
0.0227949
0.0252232
0.022232
0.0266219
0.0234785
0.0220177
0.021526
0.0245992
0.0213222
0.0232275
0.020532
0.0199707
0.0198175
0.0206284
0.0205732
0.0216214
0.0185822
0.0212218
0.0209488
0.029756
0.0264966
0.0251671
0.0219672
0.0274748
0.0243066
0.022324
0.0221688
0.0212459
0.02084
0.020136
0.0200601
0.0206604
0.0205368
0.0223162
0.0192443
0.0253132
0.0221978
0.0196609
0.0222948
0.0171214
0.0197792
0.0199191
0.0226497
0.0243178
0.0240972
0.0237338
0.0233274
0.0244861
0.0243051
0.0198934
0.0167844
0.0159923
0.01577
0.0214153
0.00919083
0.0223027
0.0220915
0.0186502
0.0185601
0.00980686
0.0279143
0.0280585
0.0320884
0.0291745
0.0277382
0.0308231
0.0326722
0.0357857
0.0327388
0.0298217
0.0279216
0.0280409
0.0240959
0.0211932
0.0312723
0.0312678
0.0332427
0.0333272
0.030282
0.0272569
0.0309695
0.0310693
0.025462
0.0285736
0.0214159
0.0241974
0.0211755
0.021678
0.0186849
0.0210933
0.0182468
0.0293619
0.0289867
0.0319683
0.0234335
0.0216915
0.0186322
0.0234285
0.0203583
0.014848
0.0178185
0.0298802
0.0215517
0.0232064
0.0291034
0.0321681
0.0168369
0.0227061
0.0266923
0.0236444
0.0317916
0.0262744
0.0262824
0.0240479
0.0327096
0.0325646
0.0188612
0.0257653
0.0287913
0.0271698
0.0361206
0.0360975
0.0198705
0.0287927
0.0186169
0.0245679
0.0255247
0.0285788
0.0305238
0.0305354
0.0341969
0.0311273
0.0321838
0.0321628
0.0256913
0.0286597
0.0319457
0.0316226
0.0272667
0.0186476
0.0276605
0.0246981
0.0321449
0.0351488
0.0338874
0.0338748
0.0318769
0.0318793
0.0341141
0.0308943
0.0296339
0.02965
0.0254037
0.028369
0.0329435
0.0359313
0.0323366
0.0353883
0.0322424
0.0258614
0.022301
0.0218331
0.0289221
0.0256366
0.031738
0.0350208
0.0345196
0.0311877
0.0306052
0.0306139
0.0292566
0.02094
0.0237645
0.0197435
0.0294103
0.0252879
0.0385879
0.0345686
0.0349908
0.0348557
0.0282189
0.028228
0.029781
0.0297736
0.0274191
0.0234453
0.030349
0.0303622
0.0322833
0.0206297
0.0324793
0.0284454
0.0269158
0.0268848
0.0279871
0.0279902
0.0320584
0.02783
0.0340041
0.0299409
0.0281458
0.0240736
0.034652
0.0305736
0.0317105
0.0316545
0.0259293
0.0298615
0.0343053
0.0302265
0.0325225
0.028508
0.0371731
0.0331274
0.028572
0.032541
0.0314497
0.0355207
0.0298418
0.029811
0.0289246
0.032984
0.0332083
0.032984
0.0286993
0.0287199
0.0297379
0.0256429
0.0401992
0.0336522
0.0363705
0.0254542
0.0254523
0.02794
0.0279385
0.0275893
0.0272995
0.0272597
0.0262294
0.0282774
0.0284321
0.028607
0.0267581
0.0276224
0.0276287
0.0269644
0.0269111
0.0245054
0.024159
0.0221367
0.0235007
0.021017
0.0183655
0.0272553
0.0271448
0.0319036
0.0317632
0.0250191
0.0236124
0.0231308
0.0243375
0.0260528
0.0271686
0.0269916
0.0281013
0.0292099
0.0290049
0.0260759
0.0237806
0.0215837
0.0157304
0.0271276
0.0285077
0.0279302
0.0296963
0.0240221
0.0219216
0.0264077
0.0281974
0.0199118
0.0217531
0.0269483
0.0267107
0.0252669
0.023154
0.0230179
0.0239486
0.0262533
0.0260877
0.0251145
0.0264961
0.0239333
0.0220039
0.0239119
0.0219332
0.0240786
0.0221115
0.0267651
0.0247291
0.0263381
0.0320022
0.0320155
0.0354992
0.0334598
0.0298486
0.0275303
0.0330216
0.0309544
0.0336062
0.0335757
0.0328865
0.0328907
0.0331143
0.0311386
0.0343819
0.0323785
0.0266019
0.0265113
0.0294195
0.0314526
0.0271825
0.0271324
0.0296309
0.0294152
0.0303055
0.0322679
0.0287744
0.0287563
0.0301168
0.0281521
0.0303644
0.0284418
0.0285756
0.0285239
0.0292614
0.0312856
0.0288007
0.0308267
0.0287031
0.0304541
0.0264743
0.0283712
0.0306565
0.0286613
0.0283914
0.0264104
0.0280357
0.0300955
0.0262806
0.0263085
0.0330306
0.0308963
0.0282243
0.0282351
0.0286366
0.0286306
0.0311947
0.0326941
0.0238781
0.0218096
0.0343228
0.0322699
0.0305765
0.0326223
0.0305402
0.0326079
0.0212399
0.0232633
0.0271184
0.0270509
0.0262261
0.0262334
0.0322874
0.0322586
0.0310754
0.0307751
0.0287915
0.0267975
0.0238951
0.0259128
0.0290444
0.0290607
0.0279112
0.0279352
0.0336515
0.0315338
0.0304852
0.030501
0.0311626
0.0331006
0.0355328
0.0232863
0.0231124
0.0292025
0.0232116
0.0216134
0.0193989
0.0220808
0.0218654
0.0196668
0.0211377
0.0316608
0.0313935
0.0273368
0.0270492
0.0261126
0.0258399
0.0258427
0.0256584
0.0237982
0.0236263
0.0232115
0.0212602
0.0209603
0.018834
0.0241196
0.0238787
0.0214805
0.0210877
0.0275604
0.0253631
0.0269662
0.0248006
0.0230246
0.0207696
0.0218596
0.0195638
0.0252076
0.0249091
0.0228054
0.0225221
0.0224321
0.014344
0.022211
0.0201892
0.0244914
0.0266069
0.0287253
0.0267202
0.0295455
0.0294812
0.0260674
0.0258729
0.0266639
0.026604
0.0228375
0.0228032
0.0236384
0.0236322
0.0292484
0.0313227
0.0243846
0.0244352
0.0238117
0.0259329
0.0188707
0.0209003
0.0187499
0.0144632
0.0196812
0.023565
0.0256123
0.0306817
0.0307286
0.0299252
0.0300049
0.0301204
0.0322682
0.0320756
0.0233414
0.0314507
0.0294582
0.0293286
0.0208869
0.0286294
0.022055
0.0252219
0.0193248
0.012617
0.0186645
0.0199448
0.0148449
0.0148525
0.0192654
0.0163406
0.0228215
0.0258127
0.0235527
0.0262127
0.020407
0.0233707
0.0194399
0.022454
0.0148851
0.0179073
0.0150983
0.018239
0.0203262
0.0234264
0.0261602
0.0229133
0.0221039
0.0190135
0.0143052
0.0142936
0.0174261
0.0204344
0.021244
0.0182509
0.0146483
0.0176562
0.0167252
0.0165575
0.0210402
0.0209865
0.0181469
0.0151836
0.0190071
0.0220157
0.0147956
0.0148607
0.0207899
0.0176193
0.0172527
0.0171861
0.0246094
0.024574
0.018423
0.0214937
0.0227139
0.022773
0.0226373
0.0226836
0.0175756
0.020189
0.0191804
0.019111
0.0180265
0.0210393
0.0237311
0.0206884
0.0208803
0.0178773
0.0137256
0.0137741
0.0208196
0.0175438
0.0206059
0.0175116
0.0209468
0.0178834
0.0229111
0.0259882
0.0181395
0.0212878
0.0219021
0.0218538
0.0196426
0.0165014
0.0226868
0.0256873
0.0210596
0.0240464
0.0226257
0.0257462
0.0182603
0.0213675
0.0191429
0.0219464
0.0167679
0.0166917
0.0240017
0.0209236
0.0195914
0.0195982
0.0206685
0.0207203
0.0233949
0.0203701
0.0223838
0.0191453
0.019294
0.0221399
0.0236038
0.0235867
0.0220625
0.0220818
0.0216644
0.0187651
0.0230049
0.0201035
0.0234401
0.0203096
0.0256284
0.0285688
0.0248466
0.0248364
0.0220427
0.0190726
0.0204665
0.0235989
0.0245736
0.021524
0.0230445
0.0228137
0.0160978
0.0160506
0.0206627
0.0177211
0.0253571
0.0223292
0.0248851
0.0218685
0.0207262
0.0235177
0.0208884
0.0238292
0.0254111
0.0253722
0.0141877
0.0113493
0.0206921
0.0207421
0.0228909
0.0199075
0.0238579
0.0264933
0.0265502
0.0234576
0.0190929
0.0190644
0.0178285
0.020777
0.0108277
0.0138195
0.0242259
0.0212232
0.0247636
0.0214967
0.0247604
0.0216644
0.0264293
0.0264255
0.0189167
0.0220023
0.0200446
0.0201113
0.020963
0.0209902
0.0245357
0.0272777
0.026005
0.0230521
0.0184383
0.0214946
0.022795
0.0228424
0.0230186
0.0200198
0.0278663
0.0248215
0.0161191
0.0160075
0.0192125
0.0221826
0.0232591
0.0262849
0.0209181
0.017996
0.0258718
0.0290034
0.0242667
0.0239126
0.0213643
0.018267
0.0218626
0.0247218
0.0229938
0.0200074
0.0182727
0.0213511
0.0183663
0.0228261
0.019047
0.0185157
0.0186294
0.018504
0.0187661
0.0185821
0.0191631
0.022013
0.0187958
0.015732
0.0181476
0.0178369
0.0213348
0.018213
0.0155936
0.0154106
0.0171915
0.0169891
0.0198455
0.0166526
0.0205379
0.0203697
0.0157072
0.0184463
0.0233303
0.0232283
0.0179005
0.0178834
0.0186113
0.0153808
0.0163026
0.0190358
0.0154737
0.0182452
0.0183948
0.0212048
0.0221248
0.0220841
0.0239535
0.0207743
0.0156885
0.0155452
0.0155429
0.0151316
0.0211382
0.023905
0.0211014
0.0209482
0.0206736
0.0203187
0.0176306
0.0204383
0.0176938
0.0175092
0.0217469
0.0246072
0.0234389
0.0260785
0.0203071
0.0173563
0.0224732
0.0193463
0.0209701
0.0237295
0.0175574
0.0174101
0.0212175
0.0181268
0.0220212
0.0188852
0.0169722
0.0196072
0.023591
0.020426
0.0162092
0.0189798
0.0234422
0.0232834
0.0170959
0.0166888
0.0210878
0.023938
0.0251315
0.0250113
0.0199457
0.0167857
0.0167167
0.028258
0.0282275
0.0341913
0.0341679
0.0284856
0.0284892
0.0281335
0.0281724
0.0253728
0.0224465
0.0275105
0.0305452
0.0322126
0.0350976
0.0289893
0.0289714
0.0339001
0.0339249
0.0325838
0.0171486
0.0171772
0.0171816
0.0273246
0.0300384
0.0339899
0.030634
0.0283619
0.0311525
0.0320423
0.0318903
0.0284783
0.0283637
0.0288262
0.0287055
0.0290203
0.0313325
0.0285986
0.0283569
0.0318626
0.0316602
0.0312372
0.0280973
0.0346656
0.0315503
0.0329529
0.0298027
0.0299803
0.0298125
0.0316108
0.034044
0.0251335
0.0249343
0.0257648
0.0255602
0.0278294
0.0276119
0.0291351
0.0289588
0.0303652
0.0302305
0.0292908
0.0262553
0.0253555
0.0249184
0.0253559
0.0251074
0.027931
0.0247537
0.0279845
0.0308113
0.0317526
0.0286362
0.0322219
0.0218834
0.0246153
0.0161221
0.0189174
0.0208835
0.0238743
0.0224629
0.0254747
0.0193659
0.0224096
0.0221917
0.0221562
0.0227461
0.0197688
0.0158371
0.0157209
0.0186712
0.0186262
0.0201872
0.0172281
0.02767
0.0246465
0.0172408
0.0170717
0.0227653
0.0197109
0.0247351
0.024661
0.0184687
0.018436
0.0193412
0.0193393
0.0248404
0.024871
0.0158853
0.0156189
0.0201846
0.0172799
0.0189492
0.0219254
0.0229333
0.0198648
0.022839
0.0197914
0.0218761
0.0188479
0.0252496
0.022152
0.0219305
0.0219072
0.0171874
0.0200344
0.0252619
0.0252554
0.0259308
0.0259571
0.0210734
0.0210741
0.0189137
0.0159354
0.0248222
0.0218471
0.02244
0.022396
0.0243916
0.021332
0.0186944
0.0187196
0.0244727
0.0213109
0.0187266
0.0187287
0.0185373
0.0183963
0.0270748
0.0240059
0.0241642
0.0211137
0.0219494
0.0190757
0.0199484
0.0196867
0.0248099
0.0217445
0.0244847
0.0214105
0.0242055
0.0211402
0.0237431
0.0207118
0.0235477
0.0265618
0.0253947
0.0253131
0.0202463
0.0172742
0.0231342
0.0261076
0.0210354
0.0180727
0.0223684
0.0253874
0.0195335
0.0195466
0.0259593
0.0229222
0.025071
0.021923
0.0255557
0.0224684
0.0253305
0.0222671
0.022232
0.0330545
0.0329851
0.0307648
0.0276318
0.0319969
0.0288829
0.03213
0.0349452
0.0305337
0.0274321
0.0282342
0.0281429
0.0300702
0.0327018
0.0306751
0.0306017
0.0342446
0.0311506
0.0342125
0.0310381
0.0349709
0.0318416
0.0381216
0.0348289
0.0348514
0.0317164
0.0291944
0.0321598
0.0321657
0.0321303
0.0315308
0.0315129
0.0269494
0.0328854
0.037329
0.0412228
0.0344219
0.0355713
0.0346527
0.0346257
0.0353538
0.0301185
0.0300712
0.030023
0.0301467
0.0300986
0.0322453
0.0322136
0.0308015
0.0307533
0.0299422
0.0299106
0.0331225
0.033058
0.0311953
0.031147
0.0321951
0.0321306
0.0334557
0.0334074
0.0344959
0.0344475
0.0306519
0.0306195
0.0344929
0.034428
0.0341092
0.0340445
0.0347615
0.0347615
0.0347615
0.0347615
0.0347615
0.0347615
0.0347615
0.0347615
0.0347615
0.0347615
0.0347615
0.0347615
0.0347615
0.0347615
0.0347615
0.0347615
