0 0
0 0
0 0
0 0
0 0
0 0
0 0
0 0
0 0
0 0
0 0
0 0
0 0
0 0
0 0
0 0
0 0
0 0
0 0
0 0
0 0
0 0
0 0
0 0
0 0
0 0
0 0
0 0
0 0
0 0
0 0
0 0
0 0
0 0
0 0
0 0
0 0
0 0
0.00190106 0.00190106
0.00190297 0.0244128
0.00190486 0.0244147
0.00190673 0.0262704
0.00190857 0.0262722
0.0019104 0.0256315
0.00191161 0.0256327
0.001914 0.0228884
0.00191518 0.0228895
0.00191636 0.0272008
0.00191868 0.0272032
0.00192039 0.0267895
0.00192265 0.0267917
0.00192378 0.0237162
0.00192544 0.0237179
0.00192709 0.0250511
0.00192925 0.0250532
0.00193033 0.0247124
0.00193192 0.024714
0.0019335 0.0253314
0.00193507 0.025333
0.00193712 0.0221722
0.00193814 0.0221732
0.00194015 0.0235893
0.00194164 0.0235908
0.00194311 0.0258505
0.00144469 0.0253551
0.000463501 0.0248651
0.0010477 0.0233703
0.003037 0.02598
0.00503579 0.0240108
0.00686198 0.0245438
0.00841896 0.0230068
0.00957082 0.0223717
0.00840376 0.0234843
0.0116041 0.0239945
0.0125491 0.0231021
0.0134872 0.02338
0.0131157 0.0237464
0.0145024 0.0277595
0.0145587 0.0277033
0.0191063 0.0233928
0.0214531 0.0210551
0.0203738 0.025602
0.0203895 0.0255874
0.0187411 0.0247781
0.0203835 0.023142
0.0187022 0.0227502
0.0203281 0.0211243
0.0219487 0.0191779
0.0202264 0.0208979
0.0184905 0.0253875
0.0200961 0.0237831
0.0183728 0.0253049
0.0199963 0.0236835
0.018346 0.0260211
0.0186928 0.0256749
0.0205532 0.0259528
0.0139804 0.0325163
0.015674 0.0235412
0.0141104 0.0250915
0.0157985 0.0272437
0.0158485 0.0271946
0.014248 0.0324797
0.0159127 0.0308146
0.0192755 0.027609
0.0192721 0.0276134
0.0159155 0.0295206
0.0158916 0.0295453
0.0158557 0.0294638
0.0141425 0.03118
0.0157507 0.0297877
0.0156865 0.0298533
0.0156227 0.0271992
0.0172332 0.0255891
0.0155342 0.029181
0.0139421 0.0307797
0.015864 0.0284831
0.017735 0.0266161
0.0161674 0.0307757
0.016236 0.0307097
0.0163019 0.0297343
0.0163615 0.0296776
0.0164106 0.0303284
0.0148131 0.0319355
0.0164726 0.0281787
0.0164849 0.0281696
0.0148389 0.0314832
0.0164722 0.0298459
0.0147944 0.0298397
0.0164108 0.0282186
0.0163629 0.0289261
0.0163059 0.0289878
0.0145834 0.02944
0.0161852 0.0278323
0.01614 0.0299145
0.0144724 0.031594
0.0161613 0.0302034
0.0150186 0.0313569
0.0150876 0.0315749
0.0151595 0.0315102
0.0168443 0.025913
0.018529 0.024229
0.0169741 0.0276192
0.018646 0.0259437
0.0170625 0.0289085
0.0154621 0.0305361
0.0171021 0.0301166
0.0154705 0.0317785
0.0220516 0.0232218
0.0204125 0.0248889
0.0204539 0.026277
0.022129 0.0246047
0.022204 0.0285868
0.02232 0.0284888
0.024057 0.0274585
0.0226171 0.0289247
0.0216719 0.0282176
0.0220833 0.0278193
0.0238546 0.0322161
0.0223617 0.0337241
0.0240704 0.0290413
0.0227227 0.0303978
0.0245209 0.0300678
0.0231562 0.0314361
0.0249461 0.0290817
0.0251505 0.0288815
0.0253498 0.0324492
0.0271253 0.0306736
0.0257193 0.0311405
0.0243074 0.03254
0.0260713 0.0309796
0.0278375 0.0291965
0.0265981 0.0300339
0.0267955 0.029816
0.0269822 0.028956
0.0255783 0.0303336
0.0257383 0.0310469
0.0258839 0.030869
0.0260151 0.031309
0.0277215 0.0295541
0.0278263 0.0279281
0.027917 0.0277934
0.0279946 0.0303532
0.0264653 0.0318448
0.0265234 0.0324287
0.0281727 0.0307021
0.026666 0.0325805
0.0269458 0.0322379
0.0272559 0.033442
0.0289413 0.0316555
0.0276856 0.0355915
0.034519 0.0284881
0.0351274 0.0270302
0.0353951 0.0266981
0.0338912 0.0334205
0.035521 0.0317124
0.0339027 0.0336594
0.0338825 0.0336345
0.0354763 0.030677
0.0338128 0.032322
0.0353975 0.0337014
0.0353439 0.0337187
0.0336425 0.034461
0.0352226 0.0328355
0.0351623 0.0373879
0.0335153 0.0390154
0.0353391 0.0333918
0.0340693 0.0346344
0.0340278 0.0338257
0.0356366 0.0321868
0.0339661 0.0362173
0.0355952 0.0345658
0.0356513 0.0323489
0.0344211 0.0335585
0.0360933 0.0343892
0.0344893 0.0359756
0.0361503 0.035319
0.0361717 0.0352846
0.0361856 0.0353931
0.0345418 0.037027
0.0361833 0.0349465
0.0345116 0.0366022
0.036142 0.0348613
0.037771 0.0332293
0.0360815 0.0359906
0.0343959 0.0376702
0.036069 0.0355683
0.0379182 0.0337255
0.0367041 0.0371927
0.0405616 0.0333568
0.0430842 0.0317922
0.0434931 0.0313996
0.0440401 0.0372774
0.0430794 0.0382672
0.0456512 0.0360215
0.0457199 0.0359763
0.0434964 0.0412332
0.0458357 0.0389111
0.0435793 0.0413968
0.0458967 0.0390973
0.045909 0.0372228
0.0459188 0.0372504
0.0436604 0.0415391
0.0461454 0.0390691
0.0441107 0.0447633
0.046439 0.0424566
0.0465046 0.0410738
0.0466005 0.0410393
0.0447016 0.0456332
0.0470577 0.0432986
0.0471694 0.0428457
0.0450302 0.0451087
0.0451199 0.044144
0.045195 0.0441419
0.0452573 0.0470564
0.0453131 0.0470808
0.0453707 0.0465724
0.0454786 0.0465493
0.0458437 0.0447871
0.045989 0.0447451
0.0483041 0.0423754
0.0462284 0.0446679
0.0485895 0.0430642
0.0467881 0.0450663
0.049123 0.0402197
0.0471079 0.0424603
0.0494231 0.0438079
0.0495559 0.0437902
0.0496742 0.0411056
0.0476129 0.0434292
0.047715 0.0444632
0.0478195 0.0444904
0.0480174 0.0449311
0.0504814 0.0424302
0.0485775 0.0449758
0.0508544 0.0426726
0.0489255 0.0458104
0.0512811 0.0434269
0.0516567 0.0445497
0.0518569 0.0445034
0.0499806 0.0471274
0.052243 0.0448072
0.0503475 0.0458992
0.0525787 0.0435999
0.0506625 0.0488647
0.0508116 0.0488923
0.0509638 0.0462382
0.0512554 0.046111
0.0536423 0.0426094
0.0538699 0.0425741
0.0540743 0.0431666
0.0563103 0.0408628
0.0546442 0.0482433
0.057004 0.0457838
0.0552545 0.0466462
0.0535319 0.0488958
0.0557244 0.0447839
0.0539837 0.0470658
0.0561437 0.0448838
0.0543866 0.047211
0.0565225 0.0449485
0.0567117 0.0449735
0.0569935 0.0465114
0.0574437 0.0462525
0.0576936 0.0442965
0.0560682 0.0465863
0.0582202 0.0440061
0.0568492 0.0460042
0.0571587 0.046565
0.0574518 0.0465208
0.0577359 0.0520696
0.0598482 0.0497458
0.0601041 0.0459144
0.060347 0.045923
0.0587539 0.049809
0.0589925 0.0498375
0.0592424 0.0552493
0.0614089 0.0528093
0.0600779 0.0513388
0.0621461 0.0490389
0.0606933 0.0507892
0.0627694 0.0484929
0.0615625 0.0523629
0.0636261 0.0500384
0.065711 0.0493738
0.0642693 0.0516201
0.062858 0.0521142
0.0648691 0.0498278
0.0634405 0.0528852
0.0654226 0.050608
0.0639995 0.0533618
0.0659691 0.0510768
0.0664129 0.0516796
0.0668516 0.0515236
0.0655377 0.0570759
0.0675279 0.0547767
0.0679027 0.0508416
0.0684381 0.0505616
0.0688131 0.0528035
0.0675678 0.0550574
0.0679236 0.0567699
0.0682676 0.0567566
0.0701945 0.0561053
0.070511 0.0561196
0.0708204 0.0516405
0.0727436 0.0493583
0.0714489 0.057065
0.0704575 0.0590445
0.0723874 0.0569225
0.0727582 0.0569254
0.0731442 0.0559447
0.0735781 0.0558601
0.0741221 0.0594594
0.0730212 0.0617037
0.0734184 0.0598598
0.0752945 0.0575325
0.0756671 0.0590155
0.0760276 0.0590176
0.0763776 0.0622009
0.0767216 0.062228
0.0756038 0.0610905
0.0760354 0.0609956
0.0765825 0.0620118
0.0784199 0.0597039
0.0788285 0.0595409
0.0792514 0.0595277
0.0811358 0.0602478
0.0802831 0.0622539
0.0807115 0.0626038
0.0797484 0.0648632
0.0815473 0.0594876
0.0819493 0.0594756
0.0809636 0.0617197
0.0813495 0.0617443
0.086367 0.0644138
0.0933713 0.0550915
0.0926569 0.0558379
0.095064 0.0531374
0.095802 0.05607
0.0949131 0.058161
0.0955918 0.0609721
0.0962692 0.0608013
0.0986386 0.0541427
0.0978681 0.0558878
0.10022 0.0560315
0.100881 0.0558438
0.101529 0.0535997
0.10217 0.0534115
0.10287 0.0560433
0.101952 0.0577686
0.102577 0.0573859
0.105027 0.0549814
0.103771 0.0589882
0.106222 0.0566277
0.104878 0.0601333
0.107326 0.0577861
0.107846 0.0519426
0.108346 0.0518603
0.106856 0.0583702
0.109325 0.0560776
0.111841 0.0533695
0.110699 0.0550712
0.111397 0.0591665
0.109954 0.0611204
0.110498 0.0587814
0.111028 0.0586065
0.113618 0.0581435
0.114194 0.05789
0.114767 0.0571595
0.113212 0.0591018
0.115818 0.0629194
0.116317 0.0626816
0.117 0.0637717
0.115503 0.0653959
0.118102 0.0610784
0.120693 0.0588343
0.118908 0.0515761
0.117054 0.0534891
0.117355 0.0576172
0.11985 0.0555675
0.117874 0.0550333
0.11811 0.0549434
0.120594 0.0526706
0.119016 0.0541397
0.121797 0.0580387
0.120019 0.0595223
0.120266 0.059774
0.122684 0.057622
0.120663 0.0614086
0.123014 0.0592761
0.12092 0.0583878
0.123199 0.0563414
0.125442 0.05247
0.123268 0.0541064
0.125504 0.0531436
0.121311 0.0561902
0.123444 0.0501873
0.121231 0.0516614
0.121134 0.0525716
0.121 0.0523783
0.122951 0.0470963
0.120628 0.048467
0.122492 0.0540304
0.122229 0.0539174
0.121964 0.0469784
0.12184 0.046709
0.120001 0.0441862
0.121778 0.0430431
0.119582 0.041184
0.121229 0.0400647
0.119016 0.0453327
0.12056 0.0441946
0.11833 0.0446938
0.119766 0.0437461
0.117534 0.0396563
0.118876 0.0387061
0.120215 0.036358
0.118207 0.0373486
0.116 0.0395073
0.11712 0.0381637
0.116525 0.0365349
0.115896 0.0367175
0.116831 0.0340181
0.11454 0.0349078
0.112327 0.0368528
0.113092 0.0365571
0.110958 0.0358312
0.111705 0.0348565
0.111143 0.0328146
0.109102 0.0337714
0.109806 0.0367554
0.111318 0.0356599
0.112099 0.0318228
0.112914 0.0310971
0.110657 0.0338541
0.111481 0.033
0.109183 0.0361131
0.108433 0.0360953
0.106108 0.0334715
0.106914 0.032314
0.104573 0.0353894
0.105418 0.034512
0.103133 0.0370203
0.104108 0.0358284
0.102106 0.0382791
0.103068 0.0373142
0.104078 0.03155
0.101803 0.0324352
0.101162 0.0344247
0.100514 0.0343913
0.0998572 0.034713
0.0975079 0.0358566
0.098517 0.0320313
0.0961265 0.0332161
0.0971515 0.0348303
0.0964725 0.0348341
0.0958313 0.0330365
0.0969645 0.0318159
0.0947537 0.0342126
0.0944191 0.0340032
0.0938761 0.0338827
0.0915719 0.0349797
0.0927865 0.0352845
0.0904433 0.0364976
0.0898667 0.0358002
0.0910995 0.0345058
0.0886862 0.036323
0.0899293 0.03481
0.0912126 0.0311646
0.0887372 0.0322165
0.0900457 0.0370529
0.0876158 0.0380196
0.087094 0.0395565
0.0868055 0.0393781
0.0846439 0.0365989
0.0841872 0.0365274
0.0856381 0.03523
0.0832633 0.0366213
0.0847292 0.0345928
0.0842617 0.0345535
0.0837845 0.0371506
0.0889312 0.0336009
0.0884561 0.0380069
0.0859689 0.0391936
0.0875386 0.0397157
0.0870793 0.0396866
0.0866896 0.0368848
0.0862947 0.036822
0.0859942 0.0345975
0.084091 0.0355717
0.0857595 0.035764
0.0834366 0.0369002
0.0850776 0.032296
0.0827295 0.0336183
0.0823565 0.0353933
0.0839686 0.0340083
0.0835736 0.0301282
0.0831742 0.030078
0.0807882 0.0320926
0.0824489 0.0304213
0.0820571 0.0327858
0.0796627 0.0340166
0.081254 0.0327952
0.0808504 0.0327297
0.0804603 0.0307005
0.0840874 0.0281165
0.0860395 0.0300613
0.0857852 0.0299876
0.0854495 0.0325402
0.0829606 0.033821
0.0825628 0.0327503
0.082171 0.0327604
0.0839597 0.0316997
0.0836679 0.0316611
0.0833999 0.037432
0.0808361 0.0389076
0.0827103 0.0349627
0.0823802 0.0349574
0.0820828 0.0336241
0.0798918 0.035008
0.0819702 0.0370035
0.0817555 0.0369671
0.0815316 0.0394778
0.0813038 0.039469
0.0833782 0.0327249
0.0808305 0.0343512
0.0829167 0.0367094
0.0803403 0.0384315
0.0801002 0.0360309
0.0798728 0.03609
0.0774008 0.0399732
0.0772834 0.0399894
0.079627 0.0365286
0.0798521 0.0362629
0.079816 0.0373841
0.0797659 0.0373585
0.0797118 0.036787
0.079651 0.0367861
0.0865825 0.0385564
0.0841263 0.0405584
0.0863177 0.0405952
0.0861366 0.0406929
0.085955 0.0385187
0.0834508 0.0405744
0.0856564 0.0419797
0.0835869 0.0436906
0.0858763 0.0411715
0.083579 0.0431884
0.0858475 0.0418973
0.0858443 0.0419503
0.0858374 0.0451954
0.0902554 0.0411709
0.0924252 0.0377215
0.0902932 0.0398575
0.0903493 0.0423881
0.0904128 0.0424149
0.0904932 0.0394715
0.0862867 0.0435913
0.0864814 0.0466593
0.0846529 0.04866
0.0910493 0.0415813
0.0869794 0.0456453
0.0851791 0.0480956
0.0934211 0.0396046
0.0917055 0.053561
0.094191 0.0512366
0.0967245 0.0468924
0.0951972 0.0487801
0.0954932 0.051765
0.0938906 0.0538676
0.0942091 0.0537859
0.094582 0.0537108
0.0949498 0.0527331
0.0953037 0.0526744
0.0975137 0.0510704
0.0959929 0.0530907
0.0981781 0.0523331
0.100367 0.0502444
0.0988152 0.0492243
0.0991493 0.0491825
0.09975 0.0555089
0.0985058 0.0573631
0.100688 0.0488747
0.0992568 0.0510465
0.0996411 0.0544275
0.101815 0.0522993
0.102234 0.0530633
0.102683 0.0529748
0.10135 0.0547877
0.103516 0.052583
0.105687 0.0510885
0.104319 0.0532206
0.102975 0.0561906
0.1051 0.0539963
0.107239 0.0523016
0.106224 0.0540771
0.105103 0.0570496
0.107242 0.0548461
0.106009 0.0577572
0.108141 0.0555556
0.106946 0.0574895
0.107493 0.0573704
0.109625 0.0542849
0.110118 0.054233
0.108979 0.0548811
0.111085 0.0526144
0.109936 0.059672
0.11202 0.057454
0.110882 0.0596278
0.113015 0.057352
0.113793 0.0520509
0.112799 0.0541775
0.113267 0.0574092
0.113718 0.0574942
0.114188 0.0562368
0.114707 0.0562441
0.116691 0.0530626
0.115761 0.0553483
0.117681 0.0551282
0.11678 0.0574567
0.118646 0.0573126
0.117782 0.0597001
0.11828 0.0599955
0.11878 0.0601034
0.119289 0.0531919
0.119851 0.0532248
0.121736 0.0556333
0.121316 0.0577383
0.123077 0.0564921
0.122669 0.0586864
0.124399 0.0587611
0.130164 0.0496084
0.129609 0.0508072
0.131412 0.0485123
0.12995 0.057897
0.130726 0.0578127
0.131491 0.0614921
0.133373 0.0591628
0.134134 0.0588213
0.133738 0.0610519
0.134533 0.0638667
0.135488 0.0634581
0.136318 0.0615902
0.137124 0.0614933
0.14255 0.0537633
0.144763 0.0513713
0.144452 0.0531496
0.146735 0.0507427
0.146352 0.0554559
0.148661 0.0530959
0.148174 0.0563478
0.150508 0.0540205
0.151413 0.0522435
0.152397 0.0519689
0.153508 0.0562306
0.15288 0.058234
0.155318 0.0532847
0.156194 0.053167
0.15705 0.0533838
0.157887 0.0532918
0.158708 0.0511482
0.157827 0.0532034
0.160315 0.0561251
0.159383 0.0581553
0.161934 0.0528311
0.169065 0.046455
0.170156 0.0535231
0.169122 0.0554242
0.169811 0.0604249
0.172294 0.0581866
0.172914 0.0568162
0.173525 0.0567784
0.172288 0.0630808
0.174723 0.0609438
0.173479 0.0626922
0.175895 0.060546
0.178309 0.0571582
0.177077 0.0593972
0.179502 0.0584571
0.178384 0.0605214
0.17923 0.0618169
0.179978 0.0616971
0.178971 0.0611015
0.179702 0.0610214
0.182153 0.0599502
0.182864 0.059901
0.183567 0.0605849
0.19064 0.0535665
0.191918 0.061212
0.19281 0.0610585
0.193564 0.0622055
0.196312 0.0597187
0.19316 0.0656504
0.195943 0.0630985
0.196968 0.0646156
0.195996 0.066965
0.196904 0.0674681
0.19969 0.0649609
0.198698 0.0662987
0.201457 0.0637523
0.211276 0.0540009
0.210908 0.0556907
0.212097 0.0537673
0.213032 0.0537902
0.216114 0.0514132
0.212871 0.0569084
0.216103 0.0541467
0.21522 0.056679
0.21835 0.0537959
0.219431 0.0537095
0.220503 0.0582532
0.219549 0.061021
0.222621 0.0545482
0.221666 0.0574412
0.224711 0.0543209
0.225758 0.05435
0.224867 0.057724
0.22794 0.0548501
0.229278 0.0555683
0.23049 0.0554322
0.229787 0.0581001
0.232859 0.0552137
0.232155 0.0611051
0.235197 0.058242
0.236355 0.0586488
0.237506 0.058657
0.238656 0.0565706
0.237992 0.0594878
0.241001 0.0596412
0.240617 0.0621224
0.243749 0.060681
0.24504 0.0605932
0.244582 0.0612028
0.245872 0.0611556
0.247154 0.0628254
0.248428 0.0628128
0.251417 0.0585706
0.250964 0.061518
0.253935 0.0630741
0.253533 0.0659771
0.256527 0.0586159
0.258062 0.0582269
0.259501 0.0641283
0.260895 0.0640457
0.260675 0.0632344
0.262064 0.0632005
0.263446 0.0643644
0.266411 0.0614442
0.266194 0.0668181
0.269137 0.0639153
0.270509 0.0644838
0.271899 0.064489
0.271952 0.0659367
0.273524 0.0657129
0.276514 0.0661703
0.276522 0.0690193
0.279489 0.0672235
0.280967 0.0671945
0.282438 0.06496
0.283904 0.0649749
0.285367 0.0635933
0.286833 0.0636481
0.288314 0.0673356
0.288484 0.0701191
0.297674 0.0739843
0.298184 0.0763611
0.301491 0.0754936
0.30486 0.0724056
0.30513 0.0770607
0.305284 0.0797212
0.30864 0.0773945
0.308646 0.0800783
0.31029 0.0854013
0.311981 0.0851419
0.31369 0.0804868
0.317158 0.0774927
0.318831 0.078222
0.320644 0.0777564
0.320444 0.0800862
0.32198 0.0798514
0.325485 0.0775882
0.324939 0.0801281
0.326371 0.0808115
0.329897 0.0778709
0.329221 0.0776932
0.332756 0.0747455
0.334124 0.0769345
0.333227 0.0794736
0.334496 0.0768123
0.338027 0.0739623
0.339289 0.0762728
0.34071 0.0758799
0.342053 0.076695
0.340988 0.0789461
0.342169 0.0767654
0.345732 0.0739223
0.344408 0.0758026
0.347941 0.073029
0.346467 0.0744394
0.349965 0.0718075
0.350908 0.0710964
0.351811 0.0709675
0.355288 0.0670131
0.353706 0.0691888
0.352056 0.071795
0.355711 0.0689453
0.35403 0.0728458
0.357508 0.0702232
0.358301 0.0718074
0.35634 0.0739679
0.359744 0.0695949
0.357656 0.0717312
0.361083 0.0716211
0.36467 0.069114
0.362777 0.0722843
0.360588 0.0742396
0.363906 0.0677304
0.367195 0.0654441
0.364792 0.0687914
0.368007 0.066587
0.365658 0.0698684
0.363169 0.0715534
0.363691 0.0667003
0.363936 0.0663818
0.366977 0.0643997
0.364219 0.0659868
0.364249 0.0672614
0.364206 0.0670166
0.364091 0.0676514
0.366802 0.0657157
0.366573 0.0655535
0.366502 0.0652903
0.363407 0.0600087
0.365894 0.0582718
0.365465 0.0586983
0.364961 0.058553
0.364481 0.0556574
0.363924 0.0554916
0.360548 0.0542377
0.362659 0.0527991
0.372269 0.0545207
0.376204 0.0528385
0.372462 0.0542021
0.374209 0.0535513
0.383404 0.0521113
0.379505 0.0528496
0.375516 0.0566377
0.377327 0.0552462
0.376328 0.0537066
0.375628 0.0534646
0.371844 0.0561597
0.373917 0.0546663
0.373144 0.0529666
0.372361 0.0528332
0.368636 0.0557779
0.370838 0.0542162
0.367112 0.0570389
0.36639 0.0569964
0.36871 0.0517587
0.368238 0.0515954
0.367848 0.0571222
0.36435 0.0588295
0.366854 0.0569285
0.3664 0.0568347
0.366006 0.0590797
0.362637 0.0609015
0.36528 0.0573043
0.364948 0.0572415
0.364651 0.056831
0.367404 0.0549864
0.361533 0.0633487
0.364394 0.061411
0.36434 0.057296
0.36133 0.0592676
0.361276 0.063001
0.361245 0.0628936
0.361455 0.0643101
0.364483 0.0622526
0.367435 0.0589421
0.364509 0.0606404
0.364548 0.0598515
0.364622 0.0597282
0.361822 0.0613625
0.364865 0.0592512
0.364995 0.0584267
0.365123 0.0583386
0.362344 0.0610084
0.36543 0.0589395
0.36304 0.0618299
0.363246 0.061737
0.363454 0.0583428
0.363683 0.0582583
0.366812 0.0579516
0.369985 0.0558631
0.367429 0.0606637
0.36489 0.0626503
0.368076 0.0600999
0.371263 0.057899
0.368739 0.0575946
0.36923 0.0574022
0.369882 0.0600657
0.370286 0.0599915
0.367875 0.0652178
0.368316 0.0651273
0.368813 0.0626041
0.372121 0.0603883
0.369855 0.0642164
0.373172 0.062026
0.370911 0.0630739
0.37423 0.0609581
0.377556 0.0556082
0.375645 0.0575045
0.376342 0.0608876
0.374212 0.0629755
0.374856 0.06591
0.375521 0.0658267
0.378952 0.0643308
0.376976 0.0663638
0.380409 0.0619517
0.38384 0.0596552
0.379185 0.0653913
0.38262 0.0630558
0.383495 0.0607503
0.384554 0.0604486
0.382728 0.0634851
0.386208 0.0610947
0.387062 0.0620721
0.387947 0.0619969
0.386276 0.0623405
0.387218 0.0622388
0.388161 0.061647
0.389103 0.0615643
0.39263 0.0633706
0.391075 0.065645
0.394828 0.058677
0.395949 0.0585102
0.396981 0.0590562
0.398031 0.0589987
0.396598 0.0613187
0.397736 0.0612158
0.398879 0.0614274
0.402497 0.0588745
0.403638 0.0595876
0.404778 0.0595259
0.415008 0.0608722
0.417084 0.0600273
0.41644 0.0635677
0.420517 0.0608365
0.421925 0.06196
0.423355 0.0618738
0.422217 0.0663368
0.423729 0.0662267
0.427849 0.056303
0.42676 0.0589544
0.43087 0.0604587
0.43241 0.0603769
0.443998 0.0561691
0.446447 0.0553697
0.44894 0.0598362
0.448327 0.0625788
0.453415 0.060775
0.452423 0.0640952
0.454443 0.0664573
0.456468 0.0663891
0.458544 0.067061
0.463685 0.0635283
0.462915 0.0663477
0.467942 0.0629343
0.470096 0.0637724
0.472309 0.0636315
0.474533 0.0624514
0.473953 0.0658049
0.476201 0.0696985
0.478573 0.0694905
0.480973 0.0658391
0.483319 0.0657868
0.488392 0.0659672
0.488106 0.0692013
0.4932 0.0648009
0.495629 0.0646953
0.498058 0.0657736
0.500495 0.0656919
0.503056 0.0647593
0.505635 0.0645793
0.508168 0.0664441
0.510722 0.0663782
0.510822 0.0707164
0.513452 0.0706178
0.518557 0.0649409
0.518713 0.0684772
0.523806 0.0664652
0.526612 0.066182
0.529325 0.0709614
0.53205 0.0708779
0.534795 0.0690012
0.53525 0.0724218
0.540377 0.0693939
0.540857 0.072859
0.543665 0.0694344
0.548806 0.0657651
0.551766 0.0671946
0.554646 0.0671288
0.555331 0.0696158
0.560478 0.0660024
0.565621 0.0607515
0.566383 0.0639874
0.569333 0.0668736
0.572289 0.0668067
0.573287 0.0733375
0.576336 0.0732593
0.58147 0.0688441
0.582478 0.072389
0.587627 0.0688063
0.590732 0.0687117
0.584878 0.070865
0.582626 0.0750136
0.582073 0.0695849
0.582073 0.0695824
0.582072 0.0720376
0.582072 0.072035
0.582449 0.0700829
0.583047 0.0694371
0.584363 0.0732527
0.585464 0.0721403
0.586145 0.0718679
0.586687 0.0719969
0.587697 0.0759559
0.588758 0.0755919
0.590591 0.0743255
0.590928 0.0754956
0.592589 0.0743849
0.594252 0.0731482
0.594729 0.0727545
0.596522 0.0712885
0.59709 0.0734664
0.597501 0.0747021
0.598569 0.0758428
0.600299 0.0745944
0.603862 0.0732968
0.605028 0.0731676
0.606202 0.0749294
0.608047 0.0736286
0.608504 0.0734737
0.610355 0.0721796
0.612221 0.0710401
0.611777 0.0732556
0.613599 0.0741826
0.614655 0.0740735
0.615754 0.0690584
0.61682 0.068885
0.617867 0.0731989
0.619755 0.0719132
0.620014 0.0699203
0.621387 0.0692806
0.623014 0.0687766
0.623376 0.0695375
0.630902 0.0704715
0.631271 0.0713519
0.634062 0.067003
0.633888 0.0684191
0.636636 0.0678323
0.637854 0.0676644
0.637469 0.0657225
0.640147 0.0640329
0.639627 0.0685617
0.642263 0.0669113
0.643269 0.0663551
0.644342 0.0661302
0.643684 0.0673152
0.646266 0.0657234
0.653134 0.0626256
0.65397 0.0624909
0.66246 0.0633332
0.661501 0.0646257
0.662533 0.0677792
0.663664 0.067307
0.662604 0.0664762
0.665007 0.0649724
0.663926 0.0668571
0.666347 0.065377
0.665323 0.0671569
0.666056 0.0671749
0.666817 0.0693253
0.673554 0.0646892
0.676237 0.0681439
0.677411 0.067859
0.678344 0.0683345
0.679289 0.0682799
0.68025 0.0685191
0.681236 0.0684468
0.682403 0.0700312
0.683668 0.0696773
0.684677 0.068588
0.685682 0.0684936
0.686683 0.0678921
0.687678 0.0678224
0.688668 0.0693461
0.691252 0.0677981
0.690631 0.0681528
0.691613 0.068116
0.691009 0.068826
0.693646 0.0671861
0.694808 0.0704503
0.695843 0.0703998
0.696889 0.0675163
0.697951 0.0674631
0.699032 0.0698491
0.70021 0.0696904
0.701606 0.0704627
0.702757 0.0703236
0.703862 0.0664925
0.704963 0.0664145
0.704519 0.071649
0.707149 0.0699358
0.706691 0.0727134
0.707771 0.0726778
0.708853 0.0719569
0.711473 0.0702571
0.712576 0.0699231
0.713835 0.069717
0.713474 0.0712757
0.716126 0.0696143
0.715778 0.0732371
0.718447 0.0715829
0.718237 0.073138
0.719709 0.0727442
0.72094 0.0730001
0.723618 0.0712913
0.723329 0.0692456
0.725997 0.0675208
0.727178 0.0688322
0.726868 0.0704476
0.728037 0.073096
0.730684 0.0714559
0.730377 0.0756349
0.731572 0.0755818
0.734333 0.068633
0.734151 0.0701888
0.736828 0.0719528
0.739508 0.0702935
0.739309 0.0745467
0.740582 0.0744688
0.742046 0.072212
0.742084 0.0735469
0.74336 0.0735816
0.744633 0.073506
0.745902 0.0776586
0.747163 0.0776031
0.748417 0.0732649
0.749665 0.0732321
0.750911 0.0758268
0.753579 0.0741426
0.754829 0.0703565
0.756155 0.0702492
0.758936 0.0734644
0.758842 0.0750837
0.75876 0.0736989
0.761467 0.071966
0.761438 0.0761409
0.764259 0.0742615
0.764508 0.0750847
0.767221 0.0733085
0.768565 0.0717209
0.769905 0.0716524
0.771238 0.0723293
0.771196 0.0739546
0.773883 0.0731296
0.775197 0.073095
0.776511 0.0722216
0.779192 0.0704619
0.779175 0.0749227
0.780653 0.0747202
0.782021 0.0750949
0.784728 0.0733214
0.783445 0.0773696
0.784851 0.0773173
0.786377 0.0778851
0.789258 0.0758989
0.794882 0.073995
0.803267 0.0672905
0.803547 0.0717386
0.800833 0.0749577
0.803741 0.0746473
0.803835 0.0759682
0.805251 0.0715801
0.805238 0.0727593
0.806613 0.0759096
0.807854 0.0756101
0.810602 0.0715989
0.810135 0.0728323
0.812804 0.0693995
0.812131 0.0706286
0.814712 0.0721065
0.813835 0.0733075
0.816319 0.0722973
0.818771 0.0707399
0.817642 0.0688901
0.82001 0.0674602
0.819039 0.0708391
0.819615 0.0705835
0.818225 0.0664168
0.818579 0.0661791
0.818871 0.0620173
0.821014 0.0607112
0.821399 0.0626894
0.821516 0.0624989
0.819681 0.0655271
0.821526 0.0643883
0.819549 0.0613676
0.826758 0.0577287
0.821281 0.0608676
0.821279 0.0605911
0.819072 0.0588621
0.820533 0.057803
0.821913 0.0528546
0.824507 0.0514441
0.818778 0.0538494
0.821022 0.0523684
0.826925 0.0555632
0.823954 0.056237
0.824867 0.053867
0.82381 0.0538153
0.820784 0.0532003
0.819748 0.0531408
0.818768 0.0559693
0.817821 0.0558838
0.817134 0.058723
0.816484 0.0585002
0.817543 0.0534673
0.814734 0.0541513
0.815802 0.0536189
0.812978 0.0542907
0.814046 0.05215
0.811195 0.0528419
0.812259 0.054711
0.811353 0.0546323
0.810439 0.0543578
0.811501 0.0535464
0.808594 0.0529815
0.805685 0.0538776
0.806761 0.0466987
0.803902 0.0476824
0.805046 0.0544769
0.80243 0.0552241
0.80722 0.0548811
0.806567 0.0547157
0.805809 0.0545357
0.807053 0.0535529
0.804339 0.0543187
0.80563 0.0532129
0.806947 0.0543333
0.804268 0.0551511
0.801599 0.0546907
0.802981 0.0535825
0.800398 0.0586772
0.799807 0.0586308
0.799219 0.055824
0.79865 0.0557894
0.798109 0.0585575
0.797648 0.0584572
0.803455 0.0578144
0.803574 0.0573405
0.810034 0.0510403
0.818077 0.0471073
0.821913 0.0505777
0.824527 0.0491388
0.823967 0.0492957
0.823386 0.0491765
0.8228 0.0515375
0.822212 0.0514635
0.818644 0.0531832
0.82106 0.0517667
0.817596 0.047553
0.820282 0.0459161
0.808628 0.0578599
0.816771 0.0527599
0.807879 0.0542453
0.81605 0.0489685
0.815684 0.0522242
0.809694 0.0558075
0.806356 0.0549334
0.817534 0.0477477
0.808565 0.0539637
0.805288 0.0557263
0.805152 0.0565456
0.808102 0.0543288
0.807994 0.0526833
0.807855 0.0525413
0.807718 0.0526471
0.80758 0.0525129
0.80744 0.0533493
0.807297 0.0532627
0.804226 0.0564898
0.807014 0.0545468
0.803981 0.056409
0.803937 0.0563265
0.807005 0.0530546
0.804426 0.054708
0.807392 0.0514284
0.810366 0.0493761
0.807607 0.0542018
0.807713 0.0540977
0.807818 0.0535351
0.807922 0.0534503
0.805146 0.0530637
0.808146 0.0509934
0.805439 0.056855
0.808532 0.0547278
0.806365 0.0551628
0.809528 0.0529959
0.809885 0.0561225
0.810247 0.0559983
0.813427 0.0535602
0.808148 0.0576359
0.81133 0.0565218
0.808867 0.0585438
0.812059 0.0546096
0.815264 0.0524761
0.812888 0.052346
0.81621 0.0502637
0.814351 0.0510726
0.812209 0.0531368
0.812829 0.0555674
0.816203 0.0532256
0.814071 0.0580388
0.817447 0.0557175
0.818071 0.0534382
0.818697 0.0533872
0.822086 0.0511844
0.82001 0.0530716
0.820754 0.052267
0.821846 0.0518934
0.820097 0.0569756
0.823655 0.0546127
0.824541 0.0513728
0.825427 0.0512829
0.826314 0.0555791
0.827202 0.0555183
0.828092 0.0558506
0.826318 0.0580824
0.829907 0.0504321
0.828237 0.0525917
0.832027 0.0547109
0.833365 0.0543811
0.834501 0.0566226
0.83306 0.0587715
0.836801 0.0530019
0.835364 0.0552278
0.836518 0.056968
0.837674 0.0569432
0.841418 0.0537882
0.840015 0.0562664
0.843794 0.0544017
0.842575 0.0565957
0.844204 0.0575587
0.848113 0.0550084
0.84952 0.0561053
0.850933 0.0559986
0.849855 0.0565567
0.853763 0.0540521
0.852691 0.0572369
0.856599 0.0547129
0.860508 0.0545042
0.859472 0.0568902
0.860963 0.0572589
0.862612 0.0570475
0.862063 0.0554911
0.866124 0.0528939
0.8654 0.0589089
0.867074 0.0588147
0.871138 0.0567621
0.870426 0.0592111
0.874488 0.0556333
0.878549 0.0532044
0.87786 0.0531744
0.879583 0.0531612
0.879067 0.0608199
0.881191 0.0604376
0.883117 0.0610447
0.88504 0.060923
0.886966 0.0578139
0.891173 0.0550775
0.893098 0.0596745
0.895024 0.0596217
0.894684 0.0606772
0.898889 0.05803
0.898595 0.0623968
0.902838 0.0597407
0.907113 0.0520141
0.907299 0.0541731
0.907279 0.0629929
0.911619 0.0602627
0.913786 0.0584256
0.913788 0.0610489
0.918122 0.0594531
0.918134 0.0620497
0.920314 0.0638625
0.922508 0.0638706
0.924738 0.0586314
0.927043 0.0585128
0.931636 0.0595119
0.93203 0.0619596
0.93649 0.0638668
0.936834 0.0664182
0.94129 0.0594661
0.943691 0.0594055
0.94405 0.0655879
0.948498 0.0628979
0.950909 0.0619146
0.953335 0.0619216
0.955798 0.0608437
0.958365 0.0606741
0.961148 0.058416
0.963765 0.0583022
0.964445 0.0601602
0.96901 0.0573185
0.971634 0.0584917
0.974258 0.0584528
0.976884 0.059245
0.979513 0.0592387
0.982152 0.0627344
0.982921 0.0654509
0.987517 0.0637414
0.988652 0.0659841
0.993337 0.0637241
0.994339 0.0663496
0.999003 0.0642561
1.00184 0.0641917
1.00468 0.0613717
1.00751 0.0613514
1.01035 0.0624118
1.015 0.0597063
1.01605 0.0614035
1.01717 0.0641987
1.02191 0.0607792
1.02337 0.0631246
1.02641 0.0666612
1.02945 0.0665747
1.03249 0.0680624
1.03553 0.0680132
1.03857 0.0691302
1.04331 0.0663679
1.04466 0.0695994
1.0494 0.0668026
1.05247 0.0644526
1.05394 0.0671698
1.0573 0.0676021
1.06055 0.0674629
1.06538 0.0671024
1.0686 0.0670289
1.07183 0.0668826
1.07665 0.0640945
1.07829 0.0692774
1.07994 0.0721025
1.08318 0.0659025
1.08644 0.0659325
1.08972 0.0711124
1.0946 0.0681884
1.09664 0.070278
1.10155 0.0673833
1.10495 0.0678987
1.10836 0.0678305
1.11177 0.0676835
1.11518 0.0676531
1.11858 0.0694137
1.12987 0.0609684
1.13332 0.0720677
1.13828 0.0692115
1.14029 0.066504
1.14256 0.0686401
1.14761 0.0699233
1.14955 0.0723825
1.15455 0.0698123
1.15625 0.0722994
1.16119 0.0679526
1.16265 0.0705111
1.16752 0.0669688
1.17057 0.0668219
1.1718 0.0713893
1.17671 0.0684232
1.17961 0.0700781
1.18245 0.0699102
1.18521 0.0701315
1.18798 0.0698778
1.1886 0.070632
1.19322 0.0678758
1.19359 0.072321
1.19812 0.0695413
1.20264 0.0656788
1.20277 0.0679328
1.20273 0.0680557
1.20708 0.065376
1.20679 0.0687051
1.20869 0.0685414
1.21289 0.0684693
1.21705 0.0660264
1.21637 0.0657608
1.21822 0.0654305
1.22003 0.0648784
1.2216 0.0646303
1.22056 0.0691032
1.22444 0.0665764
1.22571 0.0644927
1.2243 0.0666184
1.22535 0.0672098
1.2263 0.0670539
1.22716 0.0673701
1.23064 0.0650975
1.22885 0.0664365
1.23224 0.0640343
1.23289 0.064857
1.231 0.0665768
1.23424 0.0587541
1.23465 0.0585759
1.23496 0.0577011
1.23239 0.0594967
1.23531 0.0576962
1.23538 0.0575414
1.23555 0.0617971
1.23829 0.059883
1.23526 0.0579094
1.23497 0.0577897
1.23458 0.0602121
1.23123 0.0619231
1.23357 0.0586919
1.23026 0.0602488
1.23249 0.0608331
1.23185 0.060635
1.23128 0.0571248
1.23042 0.0569452
1.22657 0.0559811
1.22842 0.0540871
1.22435 0.0534214
1.22308 0.0532789
1.22172 0.0553748
1.2232 0.0536719
1.22168 0.0546336
1.22025 0.0544609
1.2188 0.0490442
1.21719 0.0489008
1.21546 0.0497477
1.21077 0.0509982
1.20888 0.051215
1.20688 0.0510534
1.20767 0.0495662
1.20263 0.0507136
1.20325 0.0496306
1.20114 0.0494693
1.19601 0.0488784
1.19354 0.048733
1.19098 0.0486179
1.18834 0.0484778
1.18563 0.0461009
1.19145 0.0425271
1.18583 0.046512
1.18583 0.0453753
1.1802 0.0446359
1.18033 0.0433533
1.17478 0.0476201
1.17485 0.0464793
1.17494 0.0428394
1.1693 0.0437614
1.16364 0.0466385
1.16375 0.0454176
1.16101 0.0440468
1.15833 0.0439605
1.15279 0.0464657
1.15016 0.0463767
1.14759 0.0502123
1.14512 0.0500619
1.14541 0.039595
1.14283 0.0395238
1.14024 0.0467135
1.13474 0.0480756
1.14133 0.0398484
1.14165 0.0391495
1.13611 0.0459842
1.13356 0.0459123
1.12814 0.042754
1.12557 0.0425409
1.12586 0.0447847
1.12033 0.0458892
1.11746 0.0439972
1.11726 0.042667
1.11696 0.0424915
1.11103 0.0433973
1.10778 0.0441697
1.10444 0.0441334
1.09833 0.0418319
1.09759 0.0407223
1.09434 0.0401512
1.09103 0.0400111
1.0849 0.0384131
1.08131 0.0382719
1.08019 0.0353799
1.07387 0.0361845
1.07256 0.0387441
1.06862 0.0386696
1.06214 0.0351005
1.0606 0.0344509
1.05411 0.0318926
1.04997 0.031792
1.04576 0.0297378
1.04385 0.0286477
1.03748 0.0288727
1.03548 0.0282332
1.02886 0.0326919
1.02664 0.0319847
1.01998 0.0255865
1.01767 0.024929
1.01103 0.0303092
1.00847 0.0296081
1.00581 0.0270843
0.998973 0.0271844
0.994133 0.0245106
0.989237 0.0245055
0.986213 0.0245714
0.977483 0.0242943
0.974446 0.0207643
0.969656 0.0208094
0.964676 0.0182991
0.959625 0.0182844
0.954531 0.0195408
0.947804 0.01963
0.942667 0.0185755
0.937493 0.0184538
0.932284 0.012028
0.927049 0.011944
0.922008 0.0147507
0.916684 0.0150311
0.909957 0.0216402
0.903229 0.0195816
0.899299 0.0177882
0.892628 0.0164778
0.888623 0.0147731
0.881922 0.0134111
0.877918 0.0158362
0.872556 0.0157795
0.867193 0.015533
0.860488 0.0141338
0.85658 0.0146045
0.849839 0.0125893
0.844438 0.013899
0.840451 0.0149644
0.833722 0.0132174
0.82835 0.0131564
0.822976 0.0112317
0.817597 0.0111654
0.812213 0.0103667
0.808234 0.0114718
0.80144 0.0102088
0.797511 0.0106112
0.793646 0.0134221
0.786811 0.0119445
0.781086 0.0113094
0.775718 0.011161
0.770661 0.0132818
0.763834 0.0128634
0.75989 0.00727498
0.753043 0.00498949
0.749101 0.013611
0.742236 0.0131902
0.738307 0.0091768
0.733021 0.00923811
0.727645 0.00856947
0.723718 0.00956298
0.715345 0.00906823
0.712357 0.0100909
0.706049 0.00791952
0.701535 0.0100252
0.696121 0.00983987
0.6907 0.00980002
0.683785 0.0153815
0.679851 0.0138117
0.674466 0.00937283
0.669161 0.00917407
0.665241 0.00737206
0.65826 0.00939835
0.65439 0.00811789
0.645934 0.012498
0.640512 0.0141466
0.635087 0.0140944
0.631206 0.00853045
0.624222 0.0110194
0.620348 0.0134916
0.616499 0.0118729
0.609612 0.0129267
0.604225 0.0128082
0.598772 0.0122072
0.593344 0.0121362
0.586368 0.0178981
0.58095 0.0178335
0.575531 0.0152386
0.570108 0.0152094
0.564681 0.0165111
0.56089 0.0138237
0.553824 0.0160532
0.550087 0.0137686
0.546455 0.010447
0.539376 0.0129915
0.535638 0.0114909
0.528587 0.0142196
0.521506 0.019416
0.517807 0.0166277
0.512418 0.0160516
0.507025 0.0160263
0.499897 0.0177548
0.496232 0.0152917
0.489107 0.0172248
0.483866 0.0169689
0.48025 0.018548
0.474848 0.0185303
0.467721 0.0202612
0.46417 0.0173128
0.45702 0.0178481
0.451668 0.0177921
0.446314 0.019884
0.4428 0.0169425
0.435601 0.0240778
0.430254 0.0241117
0.426821 0.0184994
0.419779 0.0211901
0.41634 0.0189504
0.41295 0.0161044
0.40579 0.0190335
0.398596 0.0218807
0.395275 0.0201494
0.390027 0.0200999
0.3828 0.0203734
0.377539 0.0203885
0.372287 0.021679
0.369076 0.0187569
0.363994 0.0184625
0.358884 0.0183116
0.353686 0.0241934
0.348528 0.0241478
0.341369 0.0212654
0.338363 0.0183488
0.331145 0.0257257
0.329769 0.0140714
0.324719 0.0231081
0.317461 0.025969
0.312414 0.0216551
0.307508 0.0213829
0.304721 0.0189765
0.297437 0.0217926
0.294562 0.0225489
0.291708 0.0197741
0.284503 0.0211822
0.277265 0.0239755
0.274423 0.0231059
0.26938 0.0229981
0.264335 0.0241007
0.261527 0.0211167
0.254445 0.018913
0.251715 0.0158026
0.244414 0.025299
0.241617 0.0223232
0.234279 0.0261434
0.226953 0.0289944
0.224177 0.0254053
0.216946 0.0281966
0.211963 0.0325002
0.207006 0.0323776
0.204399 0.0243532
0.19741 0.0268593
0.192483 0.0253936
0.189903 0.0223571
0.185007 0.0228609
0.18012 0.0228003
0.172842 0.0264818
0.170401 0.0235187
0.163137 0.0307781
0.160864 0.0277211
0.153547 0.0277975
0.147165 0.0357851
0.142795 0.030319
0.140792 0.0331657
0.139863 0.0348506
0.139033 0.0361152
0.138819 0.03347
0.138867 0.0333962
0.138901 0.0324554
0.138932 0.0324078
0.138964 0.0327235
0.138996 0.0326758
0.139017 0.0332669
0.139049 0.0332189
0.139081 0.0332574
0.139102 0.0332252
0.139145 0.0317822
0.139176 0.0317342
0.139219 0.0349204
0.13924 0.0348881
0.139272 0.0338619
0.139315 0.0337979
0.139347 0.0338863
0.139379 0.0338379
0.139411 0.0349286
0.139432 0.0348963
0.139475 0.0340121
0.139496 0.0339799
0.139528 0.0348597
0.13956 0.0348114
0.139592 0.036813
0.139624 0.0367646
0.139667 0.0341288
0.139688 0.0340964
0.139731 0.0341662
0.139763 0.0341179
0.139763 0.0341179
0.139763 0.0341179
0.139763 0.0341179
0.139763 0.0341179
0.139763 0.0341179
0.139763 0.0341179
0.139763 0.0341179
0.139763 0.0341179
0.139763 0.0341179
0.139763 0.0341179
0.139763 0.0341179
0.139763 0.0341179
0.139763 0.0341179
0.139763 0.0341179
0.139763 0.0341179
0.139763 0.0341179
0.139763 0.0341179
0.139763 0.0341179
0.139763 0.0341179
0.139763 0.0341179
0.139763 0.0341179
0.139763 0.0341179
0.139763 0.0341179
0.139763 0.0341179
0.139763 0.0341179
0.139763 0.0341179
0.139763 0.0341179
0.139763 0.0341179
0.139763 0.0341179
0.139763 0.0341179
0.139763 0.0341179
0.139763 0.0341179
0.139763 0.0341179
0.139763 0.0341179
0.139763 0.0341179
0.139763 0.0341179
0.139763 0.0341179
0.139763 0.0341179
0.139763 0.0341179
0.139763 0.0341179
0.139763 0.0341179
0.139763 0.0341179
0.139763 0.0341179
0.139763 0.0341179
0.139763 0.0341179
