0 0
0 0
0 0
0 0
0 0
0 0
0 0
0 0
0.00113337 -1.404e-06
0.00113337 -1.404e-06
0.00119743 -1.48277e-06
0.00119743 -1.48277e-06
0.000564161 -7.09879e-07
0.000564161 -7.09879e-07
0.00175639 -2.15402e-06
0.00175639 -2.15402e-06
0.0016218 -1.99223e-06
0.0016218 -1.99223e-06
0.00294369 -3.56912e-06
0.00294369 -3.56912e-06
9.76849e-05 -2.00356e-07
9.76849e-05 -2.00356e-07
0.00660454 -7.84232e-06
0.00660454 -7.84232e-06
0.00599658 -7.13393e-06
0.00599658 -7.13393e-06
0.00827643 -9.76935e-06
0.00827643 -9.76935e-06
0.00625105 -7.44683e-06
0.00625105 -7.44683e-06
0.00537856 -6.45441e-06
0.00537856 -6.45441e-06
0.00539774 -6.47783e-06
0.00539774 -6.47783e-06
0.00357225 -1.89924e-06
0.00357225 -1.89924e-06
0.00650768 -8.09921e-06
0.00650768 -8.09921e-06
0.0179106 -3.22465e-05
0.0179106 -3.22465e-05
0.0169902 -3.02278e-05
0.0169902 -3.02278e-05
0.0208019 -3.88985e-05
0.0208019 -3.88985e-05
0.0271242 -5.35515e-05
0.0271242 -5.35515e-05
0.0370271 -7.6406e-05
0.0370271 -7.6406e-05
0.0390461 -8.13321e-05
0.0390461 -8.13321e-05
0.0466093 -0.000101467
0.0466093 -0.000101467
0.0633527 -0.000151658
0.0633527 -0.000151658
0.0650775 -0.000157551
0.0650775 -0.000157551
0.0726747 -0.000186954
0.0726747 -0.000186954
0.0854855 -0.00024146
0.0854855 -0.00024146
0.0873316 -0.000250336
0.0873316 -0.000250336
0.10061 -0.000323631
0.10061 -0.000323631
0.108908 -0.000369214
0.108908 -0.000369214
0.118699 -0.000421951
0.118699 -0.000421951
0.122251 -0.000440921
0.122251 -0.000440921
0.13501 -0.000510106
0.13501 -0.000510106
0.138469 -0.000529608
0.138469 -0.000529608
0.149195 -0.000593674
0.149195 -0.000593674
0.153845 -0.00062333
0.153845 -0.00062333
0.164751 -0.000696851
0.164751 -0.000696851
0.17558 -0.000773869
0.17558 -0.000773869
0.179404 -0.00080529
0.179404 -0.00080529
0.191541 -0.000908827
0.191541 -0.000908827
0.201043 -0.000988868
0.201043 -0.000988868
0.21106 -0.00107215
0.21106 -0.00107215
0.216199 -0.00111483
0.216199 -0.00111483
0.225657 -0.00119448
0.225657 -0.00119448
0.231015 -0.00124087
0.231015 -0.00124087
0.24043 -0.00132564
0.24043 -0.00132564
0.254014 -0.00145276
0.254014 -0.00145276
0.268279 -0.00159092
0.268279 -0.00159092
0.279177 -0.00170837
0.279177 -0.00170837
0.280906 -0.00172857
0.280906 -0.00172857
0.296177 -0.00190591
0.296177 -0.00190591
0.305806 -0.00201651
0.305806 -0.00201651
0.31111 -0.00207713
0.31111 -0.00207713
0.31908 -0.00216869
0.31908 -0.00216869
0.330056 -0.00229672
0.330056 -0.00229672
0.338223 -0.0022997
0.338223 -0.0022997
0.348468 -0.00205057
0.348468 -0.00205057
0.359801 -0.00132864
0.359801 -0.00132864
0.365376 -0.000795892
0.365376 -0.000795892
0.371775 4.42134e-05
0.371775 4.42134e-05
0.382675 0.00188999
0.382675 0.00188999
0.393603 0.00419998
0.393603 0.00419998
0.402086 0.00635784
0.402086 0.00635784
0.411035 0.00903267
0.411035 0.00903267
0.41741 0.0112305
0.41741 0.0112305
0.42585 0.0145349
0.42585 0.0145349
0.437014 0.0194007
0.437014 0.0194007
0.441571 0.0216045
0.441571 0.0216045
0.451064 0.0266662
0.451064 0.0266662
0.457335 0.0303348
0.457335 0.0303348
0.467825 0.0370418
0.467825 0.0370418
0.473977 0.0413287
0.473977 0.0413287
0.48367 0.0486712
0.48367 0.0486712
0.487629 0.0519236
0.487629 0.0519236
0.492899 0.0565582
0.492899 0.0565582
0.500893 0.0641952
0.500893 0.0641952
0.505902 0.0694489
0.505902 0.0694489
0.510799 0.0748116
0.510799 0.0748116
0.518541 0.0833646
0.518541 0.0833646
0.528784 0.0947029
0.528784 0.0947029
0.533796 0.10026
0.533796 0.10026
0.540692 0.107915
0.540692 0.107915
0.546693 0.114575
0.546693 0.114575
0.551611 0.119954
0.551611 0.119954
0.559768 0.12878
0.559768 0.12878
0.564166 0.133526
0.564166 0.133526
0.57159 0.141557
0.57159 0.141557
0.578418 0.149001
0.578418 0.149001
0.586424 0.157745
0.586424 0.157745
0.592135 0.163996
0.592135 0.163996
0.603347 0.176289
0.603347 0.176289
0.606787 0.180067
0.606787 0.180067
0.610288 0.183912
0.610288 0.183912
0.615922 0.19007
0.615922 0.19007
0.625417 0.20025
0.625417 0.20025
0.634963 0.210452
0.634963 0.210452
0.63642 0.212012
0.63642 0.212012
0.649045 0.225804
0.649045 0.225804
0.65849 0.236143
0.65849 0.236143
0.66432 0.242536
0.66432 0.242536
0.675581 0.254901
0.675581 0.254901
0.68623 0.266577
0.68623 0.266577
0.695262 0.276347
0.695262 0.276347
0.706061 0.287998
0.706061 0.287998
0.712112 0.294565
0.712112 0.294565
0.721309 0.304564
0.721309 0.304564
0.734082 0.318477
0.734082 0.318477
0.741902 0.32701
0.741902 0.32701
0.748858 0.334601
0.748858 0.334601
0.762171 0.348956
0.762171 0.348956
0.774615 0.362315
0.774615 0.362315
0.77637 0.364202
0.77637 0.364202
0.79085 0.379844
0.79085 0.379844
0.800521 0.390313
0.800521 0.390313
0.806102 0.396365
0.806102 0.396365
0.818363 0.409674
0.818363 0.409674
0.821963 0.413566
0.821963 0.413566
0.835521 0.428058
0.835521 0.428058
0.844808 0.437961
0.844808 0.437961
0.855065 0.448972
0.855065 0.448972
0.864029 0.458613
0.864029 0.458613
0.871019 0.466145
0.871019 0.466145
0.881977 0.477971
0.881977 0.477971
0.894132 0.491086
0.894132 0.491086
0.89921 0.49649
0.89921 0.49649
0.911259 0.509277
0.911259 0.509277
0.918582 0.517081
0.918582 0.517081
0.929323 0.528559
0.929323 0.528559
0.935501 0.535175
0.935501 0.535175
0.949402 0.550086
0.949402 0.550086
0.955202 0.556311
0.955202 0.556311
0.964872 0.566612
0.964872 0.566612
0.975653 0.578002
0.975653 0.578002
0.982713 0.585451
0.982713 0.585451
0.996796 0.600409
0.996796 0.600409
1.00012 0.603947
1.00012 0.603947
1.0127 0.617358
1.0127 0.617358
1.01849 0.623542
1.01849 0.623542
1.03028 0.636116
1.03028 0.636116
1.0408 0.64718
1.0408 0.64718
1.04988 0.656709
1.04988 0.656709
1.05667 0.663884
1.05667 0.663884
1.06897 0.676892
1.06897 0.676892
1.07646 0.684834
1.07646 0.684834
1.08974 0.698931
1.08974 0.698931
1.09595 0.705521
1.09595 0.705521
1.10794 0.718109
1.10794 0.718109
1.11515 0.725648
1.11515 0.725648
1.12906 0.740188
1.12906 0.740188
1.13735 0.748907
1.13735 0.748907
1.14717 0.759257
1.14717 0.759257
1.15442 0.766899
1.15442 0.766899
1.16697 0.780163
1.16697 0.780163
1.17401 0.787578
1.17401 0.787578
1.18161 0.795489
1.18161 0.795489
1.19071 0.804939
1.19071 0.804939
1.19966 0.814288
1.19966 0.814288
1.2158 0.831187
1.2158 0.831187
1.22148 0.837149
1.22148 0.837149
1.22978 0.845876
1.22978 0.845876
1.24361 0.860407
1.24361 0.860407
1.24787 0.864817
1.24787 0.864817
1.2601 0.877465
1.2601 0.877465
1.26849 0.886174
1.26849 0.886174
1.27655 0.894559
1.27655 0.894559
1.28784 0.906344
1.28784 0.906344
1.29801 0.916964
1.29801 0.916964
1.30679 0.926146
1.30679 0.926146
1.32148 0.94188
1.32148 0.94188
1.32566 0.946648
1.32566 0.946648
1.33397 0.956913
1.33397 0.956913
1.3447 0.971367
1.3447 0.971367
1.35205 0.982221
1.35205 0.982221
1.35692 0.990096
1.35692 0.990096
1.36248 0.999895
1.36248 0.999895
1.36857 1.01163
1.36857 1.01163
1.37824 1.0322
1.37824 1.0322
1.38205 1.04122
1.38205 1.04122
1.38433 1.04726
1.38433 1.04726
1.39008 1.06459
1.39008 1.06459
1.39437 1.07924
1.39437 1.07924
1.39805 1.09382
1.39805 1.09382
1.40055 1.10578
1.40055 1.10578
1.4026 1.11826
1.4026 1.11826
1.40353 1.12718
1.40353 1.12718
1.40429 1.14479
1.40429 1.14479
1.40408 1.16145
1.40408 1.16145
1.40335 1.17183
1.40335 1.17183
1.40129 1.18764
1.40129 1.18764
1.39832 1.20322
1.39832 1.20322
1.39467 1.21762
1.39467 1.21762
1.39098 1.2292
1.39098 1.2292
1.38505 1.24421
1.38505 1.24421
1.37784 1.25964
1.37784 1.25964
1.37369 1.26726
1.37369 1.26726
1.36709 1.27781
1.36709 1.27781
1.35748 1.29127
1.35748 1.29127
1.34534 1.30636
1.34534 1.30636
1.33593 1.31675
1.33593 1.31675
1.33342 1.31921
1.33342 1.31921
1.32211 1.32905
1.32211 1.32905
1.31769 1.33246
1.31769 1.33246
1.30219 1.34298
1.30219 1.34298
1.29052 1.34994
1.29052 1.34994
1.2822 1.35424
1.2822 1.35424
1.27103 1.35917
1.27103 1.35917
1.24956 1.36713
1.24956 1.36713
1.23721 1.37087
1.23721 1.37087
1.22599 1.37359
1.22599 1.37359
1.21192 1.37615
1.21192 1.37615
1.20184 1.37737
1.20184 1.37737
1.18678 1.37831
1.18678 1.37831
1.17529 1.37833
1.17529 1.37833
1.16198 1.37764
1.16198 1.37764
1.14781 1.37647
1.14781 1.37647
1.13116 1.37475
1.13116 1.37475
1.12097 1.37357
1.12097 1.37357
1.11774 1.3732
1.11774 1.3732
1.09535 1.37059
1.09535 1.37059
1.08097 1.36892
1.08097 1.36892
1.06243 1.36677
1.06243 1.36677
1.0566 1.36609
1.0566 1.36609
1.04092 1.36421
1.04092 1.36421
1.02951 1.36283
1.02951 1.36283
1.014 1.36095
1.014 1.36095
0.996669 1.35884
0.996669 1.35884
0.97885 1.35667
0.97885 1.35667
0.969666 1.35555
0.969666 1.35555
0.959821 1.35437
0.959821 1.35437
0.943494 1.35234
0.943494 1.35234
0.937926 1.35164
0.937926 1.35164
0.917643 1.34908
0.917643 1.34908
0.901315 1.347
0.901315 1.347
0.886193 1.34507
0.886193 1.34507
0.874111 1.34353
0.874111 1.34353
0.86007 1.34175
0.86007 1.34175
0.850617 1.34056
0.850617 1.34056
0.833207 1.33827
0.833207 1.33827
0.82574 1.33729
0.82574 1.33729
0.804528 1.33448
0.804528 1.33448
0.795318 1.33326
0.795318 1.33326
0.776296 1.33063
0.776296 1.33063
0.761535 1.3283
0.761535 1.3283
0.755265 1.32718
0.755265 1.32718
0.741712 1.32447
0.741712 1.32447
0.728371 1.32146
0.728371 1.32146
0.718907 1.31912
0.718907 1.31912
0.699899 1.31398
0.699899 1.31398
0.690361 1.31118
0.690361 1.31118
0.680511 1.30808
0.680511 1.30808
0.666886 1.30353
0.666886 1.30353
0.652899 1.29857
0.652899 1.29857
0.6419 1.29442
0.6419 1.29442
0.62591 1.28793
0.62591 1.28793
0.615038 1.28354
0.615038 1.28354
0.602111 1.27859
0.602111 1.27859
0.588117 1.27356
0.588117 1.27356
0.577386 1.26997
0.577386 1.26997
0.564707 1.26604
0.564707 1.26604
0.547708 1.26115
0.547708 1.26115
0.538007 1.25851
0.538007 1.25851
0.52613 1.25553
0.52613 1.25553
0.50908 1.25159
0.50908 1.25159
0.496324 1.2489
0.496324 1.2489
0.481773 1.24614
0.481773 1.24614
0.46577 1.24347
0.46577 1.24347
0.459217 1.24249
0.459217 1.24249
0.444382 1.24056
0.444382 1.24056
0.429067 1.23886
0.429067 1.23886
0.418795 1.23793
0.418795 1.23793
0.407412 1.23729
0.407412 1.23729
0.388598 1.237
0.388598 1.237
0.379127 1.23723
0.379127 1.23723
0.362262 1.23821
0.362262 1.23821
0.349146 1.2395
0.349146 1.2395
0.344991 1.24008
0.344991 1.24008
0.329895 1.24276
0.329895 1.24276
0.310067 1.24675
0.310067 1.24675
0.298533 1.24933
0.298533 1.24933
0.280303 1.25376
0.280303 1.25376
0.268135 1.25695
0.268135 1.25695
0.255495 1.26053
0.255495 1.26053
0.242311 1.26449
0.242311 1.26449
0.231855 1.26778
0.231855 1.26778
0.221237 1.27114
0.221237 1.27114
0.209807 1.27478
0.209807 1.27478
0.192422 1.28028
0.192422 1.28028
0.181301 1.28379
0.181301 1.28379
0.165231 1.28883
0.165231 1.28883
0.152894 1.2927
0.152894 1.2927
0.13924 1.2971
0.13924 1.2971
0.126107 1.30137
0.126107 1.30137
0.113232 1.30558
0.113232 1.30558
0.100823 1.30963
0.100823 1.30963
0.0903446 1.31304
0.0903446 1.31304
0.0773728 1.31724
0.0773728 1.31724
0.0710135 1.3193
0.0710135 1.3193
0.050994 1.32581
0.050994 1.32581
0.0415609 1.32897
0.0415609 1.32897
0.026433 1.33405
0.026433 1.33405
0.012041 1.33889
0.012041 1.33889
0.00151772 1.34242
0.00151772 1.34242
-0.0156329 1.34815
-0.0156329 1.34815
-0.0255862 1.35146
-0.0255862 1.35146
-0.0428852 1.35721
-0.0428852 1.35721
-0.0552218 1.36144
-0.0552218 1.36144
-0.063033 1.3642
-0.063033 1.3642
-0.0827815 1.37167
-0.0827815 1.37167
-0.0929925 1.37575
-0.0929925 1.37575
-0.109492 1.38271
-0.109492 1.38271
-0.118359 1.38665
-0.118359 1.38665
-0.131744 1.39291
-0.131744 1.39291
-0.145787 1.39983
-0.145787 1.39983
-0.154786 1.40459
-0.154786 1.40459
-0.162609 1.40896
-0.162609 1.40896
-0.174114 1.41566
-0.174114 1.41566
-0.185451 1.42252
-0.185451 1.42252
-0.198296 1.43023
-0.198296 1.43023
-0.209145 1.43644
-0.209145 1.43644
-0.223412 1.44424
-0.223412 1.44424
-0.234221 1.44989
-0.234221 1.44989
-0.24967 1.45772
-0.24967 1.45772
-0.263169 1.46423
-0.263169 1.46423
-0.272798 1.46849
-0.272798 1.46849
-0.283727 1.47279
-0.283727 1.47279
-0.297512 1.47758
-0.297512 1.47758
-0.307494 1.4806
-0.307494 1.4806
-0.319379 1.48377
-0.319379 1.48377
-0.334174 1.4871
-0.334174 1.4871
-0.347598 1.48958
-0.347598 1.48958
-0.360034 1.49138
-0.360034 1.49138
-0.371107 1.49253
-0.371107 1.49253
-0.385181 1.49342
-0.385181 1.49342
-0.394846 1.49373
-0.394846 1.49373
-0.411315 1.49397
-0.411315 1.49397
-0.422265 1.49414
-0.422265 1.49414
-0.438154 1.49439
-0.438154 1.49439
-0.453117 1.49462
-0.453117 1.49462
-0.463969 1.4948
-0.463969 1.4948
-0.481225 1.49508
-0.481225 1.49508
-0.487326 1.4952
-0.487326 1.4952
-0.510725 1.49565
-0.510725 1.49565
-0.52494 1.49592
-0.52494 1.49592
-0.537844 1.49618
-0.537844 1.49618
-0.550018 1.49642
-0.550018 1.49642
-0.569053 1.4968
-0.569053 1.4968
-0.586133 1.49715
-0.586133 1.49715
-0.600297 1.49749
-0.600297 1.49749
-0.622552 1.49802
-0.622552 1.49802
-0.631774 1.49823
-0.631774 1.49823
-0.644896 1.49855
-0.644896 1.49855
-0.6677 1.49911
-0.6677 1.49911
-0.687205 1.49959
-0.687205 1.49959
-0.699791 1.49994
-0.699791 1.49994
-0.716162 1.50041
-0.716162 1.50041
-0.739642 1.50109
-0.739642 1.50109
-0.753625 1.5015
-0.753625 1.5015
-0.77453 1.50211
-0.77453 1.50211
-0.795989 1.50275
-0.795989 1.50275
-0.81024 1.50324
-0.81024 1.50324
-0.824559 1.50373
-0.824559 1.50373
-0.845628 1.50446
-0.845628 1.50446
-0.865534 1.50515
-0.865534 1.50515
-0.880963 1.50569
-0.880963 1.50569
-0.903518 1.50649
-0.903518 1.50649
-0.916152 1.507
-0.916152 1.507
-0.936213 1.50782
-0.936213 1.50782
-0.955463 1.50861
-0.955463 1.50861
-0.971144 1.50926
-0.971144 1.50926
-0.990267 1.51005
-0.990267 1.51005
-1.00967 1.51089
-1.00967 1.51089
-1.01826 1.5113
-1.01826 1.5113
-1.03874 1.51227
-1.03874 1.51227
-1.05155 1.51288
-1.05155 1.51288
-1.07196 1.51386
-1.07196 1.51386
-1.092 1.51483
-1.092 1.51483
-1.11346 1.51595
-1.11346 1.51595
-1.13273 1.517
-1.13273 1.517
-1.151 1.51799
-1.151 1.51799
-1.1664 1.51883
-1.1664 1.51883
-1.18465 1.51983
-1.18465 1.51983
-1.20453 1.52093
-1.20453 1.52093
-1.2187 1.5217
-1.2187 1.5217
-1.23655 1.52203
-1.23655 1.52203
-1.24616 1.52183
-1.24616 1.52183
-1.26979 1.52038
-1.26979 1.52038
-1.27749 1.51959
-1.27749 1.51959
-1.30311 1.51606
-1.30311 1.51606
-1.321 1.51287
-1.321 1.51287
-1.33713 1.50923
-1.33713 1.50923
-1.35229 1.50514
-1.35229 1.50514
-1.3725 1.49878
-1.3725 1.49878
-1.3888 1.49296
-1.3888 1.49296
-1.40615 1.48599
-1.40615 1.48599
-1.42106 1.47931
-1.42106 1.47931
-1.43581 1.47197
-1.43581 1.47197
-1.45644 1.4605
-1.45644 1.4605
-1.47114 1.45157
-1.47114 1.45157
-1.48848 1.44007
-1.48848 1.44007
-1.50017 1.43163
-1.50017 1.43163
-1.51576 1.41939
-1.51576 1.41939
-1.52574 1.4109
-1.52574 1.4109
-1.53707 1.40052
-1.53707 1.40052
-1.55271 1.38489
-1.55271 1.38489
-1.56183 1.37501
-1.56183 1.37501
-1.57641 1.35783
-1.57641 1.35783
-1.59082 1.33935
-1.59082 1.33935
-1.59957 1.32681
-1.59957 1.32681
-1.60814 1.31286
-1.60814 1.31286
-1.61388 1.30212
-1.61388 1.30212
-1.62046 1.28772
-1.62046 1.28772
-1.62884 1.2662
-1.62884 1.2662
-1.63529 1.24615
-1.63529 1.24615
-1.63939 1.23018
-1.63939 1.23018
-1.64285 1.2123
-1.64285 1.2123
-1.64521 1.19446
-1.64521 1.19446
-1.64632 1.18007
-1.64632 1.18007
-1.6467 1.15961
-1.6467 1.15961
-1.64564 1.13457
-1.64564 1.13457
-1.64383 1.11717
-1.64383 1.11717
-1.64228 1.10756
-1.64228 1.10756
-1.63874 1.09004
-1.63874 1.09004
-1.63313 1.06396
-1.63313 1.06396
-1.6318 1.05727
-1.6318 1.05727
-1.62807 1.0366
-1.62807 1.0366
-1.62516 1.01878
-1.62516 1.01878
-1.62302 1.00378
-1.62302 1.00378
-1.62061 0.98397
-1.62061 0.98397
-1.61775 0.955415
-1.61775 0.955415
-1.61713 0.947717
-1.61713 0.947717
-1.61635 0.935625
-1.61635 0.935625
-1.61515 0.90952
-1.61515 0.90952
-1.61483 0.896812
-1.61483 0.896812
-1.61474 0.877583
-1.61474 0.877583
-1.61514 0.854055
-1.61514 0.854055
-1.61542 0.845209
-1.61542 0.845209
-1.61638 0.816741
-1.61638 0.816741
-1.61683 0.803091
-1.61683 0.803091
-1.61748 0.785526
-1.61748 0.785526
-1.61803 0.771746
-1.61803 0.771746
-1.61894 0.749223
-1.61894 0.749223
-1.61952 0.734965
-1.61952 0.734965
-1.62035 0.713502
-1.62035 0.713502
-1.62099 0.696802
-1.62099 0.696802
-1.62188 0.67677
-1.62188 0.67677
-1.62281 0.656406
-1.62281 0.656406
-1.62381 0.63514
-1.62381 0.63514
-1.62441 0.62211
-1.62441 0.62211
-1.62499 0.609046
-1.62499 0.609046
-1.62595 0.587325
-1.62595 0.587325
-1.62703 0.566415
-1.62703 0.566415
-1.62767 0.554272
-1.62767 0.554272
-1.62863 0.536242
-1.62863 0.536242
-1.62982 0.513483
-1.62982 0.513483
-1.63094 0.491407
-1.63094 0.491407
-1.63181 0.474784
-1.63181 0.474784
-1.63257 0.46175
-1.63257 0.46175
-1.63371 0.442717
-1.63371 0.442717
-1.63472 0.425686
-1.63472 0.425686
-1.63605 0.403035
-1.63605 0.403035
-1.63704 0.385719
-1.63704 0.385719
-1.63825 0.36609
-1.63825 0.36609
-1.63945 0.347658
-1.63945 0.347658
-1.64022 0.336029
-1.64022 0.336029
-1.64147 0.317103
-1.64147 0.317103
-1.64273 0.297606
-1.64273 0.297606
-1.64386 0.279925
-1.64386 0.279925
-1.64498 0.264072
-1.64498 0.264072
-1.64639 0.244504
-1.64639 0.244504
-1.64736 0.231323
-1.64736 0.231323
-1.64875 0.211993
-1.64875 0.211993
-1.65035 0.189417
-1.65035 0.189417
-1.65199 0.166299
-1.65199 0.166299
-1.65312 0.152986
-1.65312 0.152986
-1.65459 0.13602
-1.65459 0.13602
-1.65636 0.115657
-1.65636 0.115657
-1.65822 0.0937927
-1.65822 0.0937927
-1.65994 0.0735793
-1.65994 0.0735793
-1.66168 0.0543405
-1.66168 0.0543405
-1.66414 0.0277083
-1.66414 0.0277083
-1.66546 0.0130788
-1.66546 0.0130788
-1.66759 -0.0108602
-1.66759 -0.0108602
-1.66994 -0.0370776
-1.66994 -0.0370776
-1.67244 -0.063663
-1.67244 -0.063663
-1.67493 -0.0900303
-1.67493 -0.0900303
-1.67658 -0.107697
-1.67658 -0.107697
-1.67889 -0.132536
-1.67889 -0.132536
-1.68133 -0.15748
-1.68133 -0.15748
-1.68338 -0.178272
-1.68338 -0.178272
-1.68596 -0.204521
-1.68596 -0.204521
-1.68844 -0.230115
-1.68844 -0.230115
-1.69 -0.245514
-1.69 -0.245514
-1.69323 -0.276966
-1.69323 -0.276966
-1.69519 -0.296046
-1.69519 -0.296046
-1.69773 -0.321053
-1.69773 -0.321053
-1.7003 -0.346175
-1.7003 -0.346175
-1.70248 -0.366661
-1.70248 -0.366661
-1.7053 -0.392941
-1.7053 -0.392941
-1.70761 -0.414718
-1.70761 -0.414718
-1.71084 -0.445409
-1.71084 -0.445409
-1.71304 -0.465393
-1.71304 -0.465393
-1.71589 -0.490959
-1.71589 -0.490959
-1.71874 -0.516742
-1.71874 -0.516742
-1.72095 -0.536906
-1.72095 -0.536906
-1.72432 -0.566537
-1.72432 -0.566537
-1.72711 -0.590694
-1.72711 -0.590694
-1.72884 -0.605732
-1.72884 -0.605732
-1.73158 -0.630184
-1.73158 -0.630184
-1.7326 -0.639948
-1.7326 -0.639948
-1.73218 -0.635934
-1.73218 -0.635934
-1.73245 -0.638562
-1.73245 -0.638562
-1.73231 -0.63713
-1.73231 -0.63713
-1.73245 -0.638536
-1.73245 -0.638536
-1.7328 -0.642104
-1.7328 -0.642104
-1.73357 -0.649902
-1.73357 -0.649902
-1.73439 -0.658219
-1.73439 -0.658219
-1.73539 -0.667766
-1.73539 -0.667766
-1.73652 -0.677815
-1.73652 -0.677815
-1.7373 -0.684649
-1.7373 -0.684649
-1.73735 -0.685138
-1.73735 -0.685138
-1.73782 -0.692939
-1.73782 -0.692939
-1.73811 -0.705892
-1.73811 -0.705892
-1.73799 -0.712507
-1.73799 -0.712507
-1.73785 -0.715024
-1.73785 -0.715024
-1.7371 -0.722725
-1.7371 -0.722725
-1.73661 -0.726257
-1.73661 -0.726257
-1.73409 -0.740509
-1.73409 -0.740509
-1.73172 -0.751942
-1.73172 -0.751942
-1.73222 -0.749932
-1.73222 -0.749932
-1.72915 -0.760428
-1.72915 -0.760428
-1.72356 -0.776989
-1.72356 -0.776989
-1.72199 -0.781094
-1.72199 -0.781094
-1.71288 -0.802258
-1.71288 -0.802258
-1.71055 -0.807152
-1.71055 -0.807152
-1.70394 -0.819761
-1.70394 -0.819761
-1.69471 -0.835841
-1.69471 -0.835841
-1.69284 -0.838937
-1.69284 -0.838937
-1.68786 -0.846957
-1.68786 -0.846957
-1.67821 -0.862919
-1.67821 -0.862919
-1.67277 -0.872312
-1.67277 -0.872312
-1.6696 -0.878027
-1.6696 -0.878027
-1.66342 -0.889708
-1.66342 -0.889708
-1.65812 -0.900194
-1.65812 -0.900194
-1.65304 -0.910352
-1.65304 -0.910352
-1.64679 -0.922871
-1.64679 -0.922871
-1.644 -0.928411
-1.644 -0.928411
-1.63672 -0.942747
-1.63672 -0.942747
-1.62956 -0.956804
-1.62956 -0.956804
-1.62596 -0.963858
-1.62596 -0.963858
-1.62175 -0.972087
-1.62175 -0.972087
-1.61159 -0.991959
-1.61159 -0.991959
-1.6081 -0.998848
-1.6081 -0.998848
-1.60124 -1.01247
-1.60124 -1.01247
-1.5965 -1.02189
-1.5965 -1.02189
-1.59265 -1.02944
-1.59265 -1.02944
-1.5851 -1.04419
-1.5851 -1.04419
-1.58087 -1.05243
-1.58087 -1.05243
-1.57491 -1.06401
-1.57491 -1.06401
-1.56895 -1.07558
-1.56895 -1.07558
-1.56335 -1.08649
-1.56335 -1.08649
-1.5595 -1.09406
-1.5595 -1.09406
-1.55319 -1.1065
-1.55319 -1.1065
-1.54748 -1.11774
-1.54748 -1.11774
-1.54327 -1.12593
-1.54327 -1.12593
-1.53667 -1.13872
-1.53667 -1.13872
-1.53121 -1.14927
-1.53121 -1.14927
-1.52599 -1.15935
-1.52599 -1.15935
-1.52077 -1.16941
-1.52077 -1.16941
-1.51393 -1.18272
-1.51393 -1.18272
-1.51015 -1.19011
-1.51015 -1.19011
-1.50756 -1.1952
-1.50756 -1.1952
-1.49684 -1.21599
-1.49684 -1.21599
-1.4956 -1.21838
-1.4956 -1.21838
-1.49005 -1.22905
-1.49005 -1.22905
-1.48502 -1.23871
-1.48502 -1.23871
-1.4753 -1.25731
-1.4753 -1.25731
-1.47221 -1.26324
-1.47221 -1.26324
-1.46519 -1.27685
-1.46519 -1.27685
-1.46113 -1.28474
-1.46113 -1.28474
-1.4556 -1.29552
-1.4556 -1.29552
-1.4495 -1.30721
-1.4495 -1.30721
-1.44206 -1.32146
-1.44206 -1.32146
-1.43814 -1.32893
-1.43814 -1.32893
-1.43251 -1.33966
-1.43251 -1.33966
-1.42909 -1.34616
-1.42909 -1.34616
-1.42144 -1.36077
-1.42144 -1.36077
-1.41756 -1.36826
-1.41756 -1.36826
-1.41192 -1.37917
-1.41192 -1.37917
-1.40415 -1.39414
-1.40415 -1.39414
-1.40159 -1.3989
-1.40159 -1.3989
-1.38993 -1.41881
-1.38993 -1.41881
-1.38661 -1.42379
-1.38661 -1.42379
-1.38197 -1.42989
-1.38197 -1.42989
-1.37726 -1.4354
-1.37726 -1.4354
-1.36877 -1.44422
-1.36877 -1.44422
-1.35849 -1.4537
-1.35849 -1.4537
-1.34787 -1.46238
-1.34787 -1.46238
-1.33545 -1.47135
-1.33545 -1.47135
-1.32569 -1.47755
-1.32569 -1.47755
-1.31608 -1.48296
-1.31608 -1.48296
-1.30579 -1.48798
-1.30579 -1.48798
-1.29195 -1.49375
-1.29195 -1.49375
-1.28084 -1.49757
-1.28084 -1.49757
-1.26943 -1.50073
-1.26943 -1.50073
-1.25094 -1.50464
-1.25094 -1.50464
-1.24098 -1.50618
-1.24098 -1.50618
-1.23231 -1.507
-1.23231 -1.507
-1.21667 -1.50755
-1.21667 -1.50755
-1.20973 -1.50745
-1.20973 -1.50745
-1.19204 -1.50674
-1.19204 -1.50674
-1.18198 -1.5063
-1.18198 -1.5063
-1.17001 -1.50577
-1.17001 -1.50577
-1.1599 -1.50534
-1.1599 -1.50534
-1.1494 -1.50487
-1.1494 -1.50487
-1.13781 -1.50431
-1.13781 -1.50431
-1.11969 -1.50343
-1.11969 -1.50343
-1.11461 -1.50318
-1.11461 -1.50318
-1.10368 -1.50264
-1.10368 -1.50264
-1.08795 -1.50186
-1.08795 -1.50186
-1.08033 -1.50148
-1.08033 -1.50148
-1.06443 -1.50069
-1.06443 -1.50069
-1.05053 -1.50002
-1.05053 -1.50002
-1.03613 -1.49925
-1.03613 -1.49925
-1.03178 -1.49909
-1.03178 -1.49909
-1.01783 -1.49884
-1.01783 -1.49884
-1.00204 -1.49886
-1.00204 -1.49886
-0.998176 -1.49894
-0.998176 -1.49894
-0.983264 -1.49929
-0.983264 -1.49929
-0.969888 -1.4996
-0.969888 -1.4996
-0.955024 -1.49996
-0.955024 -1.49996
-0.946257 -1.5002
-0.946257 -1.5002
-0.931273 -1.50064
-0.931273 -1.50064
-0.917189 -1.50106
-0.917189 -1.50106
-0.898265 -1.50165
-0.898265 -1.50165
-0.884535 -1.50209
-0.884535 -1.50209
-0.869262 -1.50258
-0.869262 -1.50258
-0.852506 -1.50313
-0.852506 -1.50313
-0.831376 -1.50392
-0.831376 -1.50392
-0.812967 -1.50461
-0.812967 -1.50461
-0.793978 -1.50532
-0.793978 -1.50532
-0.77382 -1.50608
-0.77382 -1.50608
-0.759056 -1.50664
-0.759056 -1.50664
-0.746638 -1.50714
-0.746638 -1.50714
-0.726002 -1.50805
-0.726002 -1.50805
-0.70072 -1.50916
-0.70072 -1.50916
-0.689672 -1.50965
-0.689672 -1.50965
-0.670526 -1.51049
-0.670526 -1.51049
-0.645364 -1.51161
-0.645364 -1.51161
-0.631696 -1.51229
-0.631696 -1.51229
-0.61823 -1.51297
-0.61823 -1.51297
-0.595361 -1.51412
-0.595361 -1.51412
-0.578737 -1.51496
-0.578737 -1.51496
-0.557084 -1.51607
-0.557084 -1.51607
-0.540631 -1.51691
-0.540631 -1.51691
-0.522102 -1.51797
-0.522102 -1.51797
-0.514029 -1.51843
-0.514029 -1.51843
-0.487208 -1.51996
-0.487208 -1.51996
-0.473799 -1.52073
-0.473799 -1.52073
-0.453258 -1.52191
-0.453258 -1.52191
-0.434872 -1.52298
-0.434872 -1.52298
-0.419491 -1.52397
-0.419491 -1.52397
-0.397489 -1.52537
-0.397489 -1.52537
-0.383542 -1.52626
-0.383542 -1.52626
-0.362085 -1.52763
-0.362085 -1.52763
-0.338991 -1.52912
-0.338991 -1.52912
-0.326837 -1.52992
-0.326837 -1.52992
-0.308889 -1.53118
-0.308889 -1.53118
-0.293327 -1.53228
-0.293327 -1.53228
-0.282868 -1.53301
-0.282868 -1.53301
-0.259441 -1.53467
-0.259441 -1.53467
-0.24063 -1.536
-0.24063 -1.536
-0.224351 -1.53723
-0.224351 -1.53723
-0.209699 -1.53835
-0.209699 -1.53835
-0.187862 -1.54003
-0.187862 -1.54003
-0.175119 -1.54102
-0.175119 -1.54102
-0.147411 -1.54316
-0.147411 -1.54316
-0.131932 -1.54436
-0.131932 -1.54436
-0.114226 -1.54584
-0.114226 -1.54584
-0.0997715 -1.54705
-0.0997715 -1.54705
-0.0779175 -1.54887
-0.0779175 -1.54887
-0.0666469 -1.54982
-0.0666469 -1.54982
-0.0415922 -1.55192
-0.0415922 -1.55192
-0.0219754 -1.55358
-0.0219754 -1.55358
-0.00694209 -1.55493
-0.00694209 -1.55493
0.00895948 -1.55637
0.00895948 -1.55637
0.0241776 -1.55774
0.0241776 -1.55774
0.0452282 -1.55964
0.0452282 -1.55964
0.0626285 -1.56122
0.0626285 -1.56122
0.0795916 -1.56278
0.0795916 -1.56278
0.0944458 -1.56422
0.0944458 -1.56422
0.112946 -1.56601
0.112946 -1.56601
0.130776 -1.56774
0.130776 -1.56774
0.151549 -1.56976
0.151549 -1.56976
0.166331 -1.5712
0.166331 -1.5712
0.185134 -1.5731
0.185134 -1.5731
0.211389 -1.57581
0.211389 -1.57581
0.223995 -1.57711
0.223995 -1.57711
0.237648 -1.57852
0.237648 -1.57852
0.256211 -1.58045
0.256211 -1.58045
0.274845 -1.58239
0.274845 -1.58239
0.293081 -1.58439
0.293081 -1.58439
0.303717 -1.58555
0.303717 -1.58555
0.331061 -1.58856
0.331061 -1.58856
0.346237 -1.59023
0.346237 -1.59023
0.36572 -1.59238
0.36572 -1.59238
0.381589 -1.59414
0.381589 -1.59414
0.397261 -1.59596
0.397261 -1.59596
0.414945 -1.59802
0.414945 -1.59802
0.434675 -1.60032
0.434675 -1.60032
0.459445 -1.60321
0.459445 -1.60321
0.47004 -1.60445
0.47004 -1.60445
0.487864 -1.60656
0.487864 -1.60656
0.505194 -1.60869
0.505194 -1.60869
0.521331 -1.61068
0.521331 -1.61068
0.544765 -1.61356
0.544765 -1.61356
0.558845 -1.6153
0.558845 -1.6153
0.579065 -1.6178
0.579065 -1.6178
0.594829 -1.6198
0.594829 -1.6198
0.611065 -1.62191
0.611065 -1.62191
0.634649 -1.62496
0.634649 -1.62496
0.653573 -1.62742
0.653573 -1.62742
0.668998 -1.62942
0.668998 -1.62942
0.686564 -1.63171
0.686564 -1.63171
0.707729 -1.63458
0.707729 -1.63458
0.72201 -1.63652
0.72201 -1.63652
0.737281 -1.6386
0.737281 -1.6386
0.760642 -1.64179
0.760642 -1.64179
0.774011 -1.64362
0.774011 -1.64362
0.792434 -1.64614
0.792434 -1.64614
0.814496 -1.64929
0.814496 -1.64929
0.825775 -1.6509
0.825775 -1.6509
0.848558 -1.65416
0.848558 -1.65416
0.868081 -1.65695
0.868081 -1.65695
0.87829 -1.65833
0.87829 -1.65833
0.900682 -1.6609
0.900682 -1.6609
0.915059 -1.66209
0.915059 -1.66209
0.932832 -1.66284
0.932832 -1.66284
0.947499 -1.66287
0.947499 -1.66287
0.966345 -1.66214
0.966345 -1.66214
0.979851 -1.66111
0.979851 -1.66111
0.994796 -1.65943
0.994796 -1.65943
1.01954 -1.65566
1.01954 -1.65566
1.03362 -1.6529
1.03362 -1.6529
1.0456 -1.65004
1.0456 -1.65004
1.062 -1.64541
1.062 -1.64541
1.07899 -1.6399
1.07899 -1.6399
1.09541 -1.63385
1.09541 -1.63385
1.11776 -1.62459
1.11776 -1.62459
1.1279 -1.6199
1.1279 -1.6199
1.14304 -1.61209
1.14304 -1.61209
1.15985 -1.60255
1.15985 -1.60255
1.17372 -1.59391
1.17372 -1.59391
1.18478 -1.5864
1.18478 -1.5864
1.20067 -1.57465
1.20067 -1.57465
1.21838 -1.56052
1.21838 -1.56052
1.2317 -1.54901
1.2317 -1.54901
1.24052 -1.54069
1.24052 -1.54069
1.25722 -1.52358
1.25722 -1.52358
1.26871 -1.5108
1.26871 -1.5108
1.27609 -1.50196
1.27609 -1.50196
1.28927 -1.48487
1.28927 -1.48487
1.29704 -1.47393
1.29704 -1.47393
1.3059 -1.46034
1.3059 -1.46034
1.31614 -1.44306
1.31614 -1.44306
1.32339 -1.42972
1.32339 -1.42972
1.3313 -1.41368
1.3313 -1.41368
1.33944 -1.39539
1.33944 -1.39539
1.34614 -1.37855
1.34614 -1.37855
1.35176 -1.36261
1.35176 -1.36261
1.35671 -1.34686
1.35671 -1.34686
1.36162 -1.3287
1.36162 -1.3287
1.36581 -1.31023
1.36581 -1.31023
1.36879 -1.29404
1.36879 -1.29404
1.37095 -1.27901
1.37095 -1.27901
1.3728 -1.26191
1.3728 -1.26191
1.37398 -1.24476
1.37398 -1.24476
1.37469 -1.22334
1.37469 -1.22334
1.37489 -1.20899
1.37489 -1.20899
1.37512 -1.19169
1.37512 -1.19169
1.37544 -1.17145
1.37544 -1.17145
1.37582 -1.14897
1.37582 -1.14897
1.37611 -1.13298
1.37611 -1.13298
1.3764 -1.11716
1.3764 -1.11716
1.37663 -1.10348
1.37663 -1.10348
1.37693 -1.08581
1.37693 -1.08581
1.37729 -1.06688
1.37729 -1.06688
1.37769 -1.04734
1.37769 -1.04734
1.3781 -1.02857
1.3781 -1.02857
1.37826 -1.01216
1.37826 -1.01216
1.37784 -0.995838
1.37784 -0.995838
1.37689 -0.980617
1.37689 -0.980617
1.37505 -0.962495
1.37505 -0.962495
1.37257 -0.945047
1.37257 -0.945047
1.36959 -0.928699
1.36959 -0.928699
1.36654 -0.915118
1.36654 -0.915118
1.36262 -0.900595
1.36262 -0.900595
1.35699 -0.882721
1.35699 -0.882721
1.35047 -0.864594
1.35047 -0.864594
1.34568 -0.852834
1.34568 -0.852834
1.33644 -0.832502
1.33644 -0.832502
1.32745 -0.814527
1.32745 -0.814527
1.32156 -0.803827
1.32156 -0.803827
1.313 -0.789758
1.313 -0.789758
1.3053 -0.778223
1.3053 -0.778223
1.29773 -0.767835
1.29773 -0.767835
1.28606 -0.753018
1.28606 -0.753018
1.27575 -0.740943
1.27575 -0.740943
1.26367 -0.727867
1.26367 -0.727867
1.25197 -0.716167
1.25197 -0.716167
1.23827 -0.703596
1.23827 -0.703596
1.2236 -0.691103
1.2236 -0.691103
1.21383 -0.683432
1.21383 -0.683432
1.20005 -0.673492
1.20005 -0.673492
1.18849 -0.665837
1.18849 -0.665837
1.18036 -0.660891
1.18036 -0.660891
1.16923 -0.654494
1.16923 -0.654494
1.14661 -0.641857
1.14661 -0.641857
1.1376 -0.636826
1.1376 -0.636826
1.1161 -0.624862
1.1161 -0.624862
1.10206 -0.617052
1.10206 -0.617052
1.08943 -0.609929
1.08943 -0.609929
1.06784 -0.597708
1.06784 -0.597708
1.05379 -0.589781
1.05379 -0.589781
1.03564 -0.579561
1.03564 -0.579561
1.02438 -0.573237
1.02438 -0.573237
1.0036 -0.561556
1.0036 -0.561556
0.990399 -0.554028
0.990399 -0.554028
0.972121 -0.543584
0.972121 -0.543584
0.957083 -0.53502
0.957083 -0.53502
0.946288 -0.528887
0.946288 -0.528887
0.929821 -0.519546
0.929821 -0.519546
0.907835 -0.507047
0.907835 -0.507047
0.8947 -0.499477
0.8947 -0.499477
0.876989 -0.489278
0.876989 -0.489278
0.86229 -0.480831
0.86229 -0.480831
0.849087 -0.47326
0.849087 -0.47326
0.828546 -0.461494
0.828546 -0.461494
0.815668 -0.454063
0.815668 -0.454063
0.803934 -0.447231
0.803934 -0.447231
0.784668 -0.436037
0.784668 -0.436037
0.76912 -0.427021
0.76912 -0.427021
0.757916 -0.420537
0.757916 -0.420537
0.739879 -0.410106
0.739879 -0.410106
0.725278 -0.401554
0.725278 -0.401554
0.713933 -0.394882
0.713933 -0.394882
0.694064 -0.383232
0.694064 -0.383232
0.679834 -0.374906
0.679834 -0.374906
0.66104 -0.363931
0.66104 -0.363931
0.647785 -0.356189
0.647785 -0.356189
0.631893 -0.346776
0.631893 -0.346776
0.614104 -0.336214
0.614104 -0.336214
0.604247 -0.330383
0.604247 -0.330383
0.586706 -0.320029
0.586706 -0.320029
0.564935 -0.3072
0.564935 -0.3072
0.552557 -0.299893
0.552557 -0.299893
0.538092 -0.29124
0.538092 -0.29124
0.523126 -0.28229
0.523126 -0.28229
0.507208 -0.272792
0.507208 -0.272792
0.492262 -0.263894
0.492262 -0.263894
0.477573 -0.255159
0.477573 -0.255159
0.464906 -0.247579
0.464906 -0.247579
0.446123 -0.236232
0.446123 -0.236232
0.430336 -0.226713
0.430336 -0.226713
0.418435 -0.219551
0.418435 -0.219551
0.4005 -0.20878
0.4005 -0.20878
0.385167 -0.199579
0.385167 -0.199579
0.373195 -0.192312
0.373195 -0.192312
0.356098 -0.181884
0.356098 -0.181884
0.33998 -0.172083
0.33998 -0.172083
0.324559 -0.162724
0.324559 -0.162724
0.31114 -0.154689
0.31114 -0.154689
0.292635 -0.144105
0.292635 -0.144105
0.279379 -0.136777
0.279379 -0.136777
0.265965 -0.129686
0.265965 -0.129686
0.245708 -0.119518
0.245708 -0.119518
0.229892 -0.111995
0.229892 -0.111995
0.217065 -0.106221
0.217065 -0.106221
0.196604 -0.0973855
0.196604 -0.0973855
0.186112 -0.0930817
0.186112 -0.0930817
0.16392 -0.0844643
0.16392 -0.0844643
0.150768 -0.0796646
0.150768 -0.0796646
0.138774 -0.0755766
0.138774 -0.0755766
0.116063 -0.0682957
0.116063 -0.0682957
0.0971007 -0.0625653
0.0971007 -0.0625653
0.0792817 -0.0575501
0.0792817 -0.0575501
0.0634904 -0.0534313
0.0634904 -0.0534313
0.043229 -0.0485695
0.043229 -0.0485695
0.0299837 -0.0456823
0.0299837 -0.0456823
0.0219982 -0.0446164
0.0219982 -0.0446164
0.0192253 -0.0444375
0.0192253 -0.0444375
0.0197037 -0.0444605
0.0197037 -0.0444605
0.0146159 -0.0442166
0.0146159 -0.0442166
0.0148687 -0.0442286
0.0148687 -0.0442286
0.0174624 -0.044352
0.0174624 -0.044352
0.0157433 -0.0442705
0.0157433 -0.0442705
0.0147662 -0.0442245
0.0147662 -0.0442245
0.0182253 -0.044387
0.0182253 -0.044387
0.0162694 -0.0442954
0.0162694 -0.0442954
0.0166247 -0.044312
0.0166247 -0.044312
0.0192234 -0.0444327
0.0192234 -0.0444327
0.0182698 -0.0443886
0.0182698 -0.0443886
0.0161043 -0.0442887
0.0161043 -0.0442887
0.0193645 -0.0444385
0.0193645 -0.0444385
0.0190702 -0.0444251
0.0190702 -0.0444251
