0
0
0
0
0
0.00190234
0.00190424
0.00190611
0.000776812
0.00077801
0.000716767
0.000718535
0.00135122
0.00135297
0.000180625
0.000182031
0.000309391
0.000310952
0.00102452
0.00102226
0.00183059
0.0018322
0.00467559
0.00467398
0.00406455
0.00406298
0.00634099
0.00633895
0.00431279
0.0043118
0.00343749
0.00342706
0.00344279
0.00343785
0.00161336
0.00154357
0.00418967
0.0030804
0.0125938
0.0106541
0.00779634
0.00540927
0.00505238
0.00260698
0.00632609
0.00104331
0.00698025
0.00252987
0.000438992
0.00541393
0.00285706
0.00787303
0.00384307
0.000527474
0.00453026
0.0112635
0.00873295
0.0121233
0.00602303
0.00938941
0.0124663
0.017045
0.00865986
0.0135967
0.0102334
0.0151724
0.0103291
0.0152877
0.0167062
0.0216896
0.0155779
0.018935
0.020497
0.0255303
0.0181327
0.0249054
0.0235971
0.0303867
0.02454
0.0295841
0.0254141
0.0285932
0.0293931
0.0359672
0.0271352
0.0320707
0.0275098
0.0324599
0.0274036
0.0323778
0.0322261
0.0372255
0.0327786
0.0378032
0.0374818
0.0408127
0.0381747
0.0432408
0.0347231
0.0414442
0.0322113
0.0355585
0.0293641
0.0341072
0.0356392
0.0422521
0.0319167
0.0368594
0.0321826
0.0387887
0.0368206
0.0418107
0.038843
0.0438583
0.0379089
0.0412053
0.0397015
0.0429814
0.0393322
0.0425544
0.037747
0.0424059
0.0411996
0.0459061
0.0443302
0.0491973
0.0430539
0.0477569
0.0399435
0.0461838
0.0423592
0.0469794
0.0426443
0.0472206
0.0453999
0.0499443
0.04596
0.0503205
0.0434992
0.0478415
0.0476061
0.0504765
0.0466565
0.0523518
0.0488028
0.0516018
0.0465585
0.0492549
0.0484842
0.0511642
0.0466759
0.0492215
0.0503332
0.0527534
0.0521716
0.0546757
0.0509074
0.0541483
0.0521163
0.0557162
0.0539482
0.0576728
0.0515671
0.0564519
0.0490932
0.0525452
0.0508081
0.0556311
0.0506337
0.0542139
0.0525489
0.056044
0.0529142
0.0552579
0.0513657
0.0537579
0.0539201
0.0576979
0.0529928
0.0565598
0.0527195
0.0564078
0.050161
0.0549509
0.0523927
0.0560854
0.0478516
0.0512386
0.0511784
0.0548186
0.0546898
0.05852
0.0557651
0.0593587
0.0524996
0.0562542
0.049998
0.0542986
0.0572197
0.063972
0.0530288
0.0582851
0.0529779
0.058248
0.0569717
0.0606022
0.054943
0.0603775
0.0535737
0.0586928
0.0538556
0.0592329
0.0524537
0.0575818
0.0559822
0.0614474
0.0580124
0.0617292
0.0508801
0.0578441
0.052624
0.05979
0.0554027
0.0626965
0.0510376
0.0580372
0.0480716
0.0547369
0.0597255
0.0634968
0.052315
0.0575584
0.0520915
0.0573369
0.0563941
0.0619492
0.0533539
0.060538
0.0599133
0.0635339
0.0551904
0.0625677
0.0554764
0.0607764
0.0544305
0.0598378
0.0550033
0.0604625
0.0578586
0.0635037
0.058044
0.0618088
0.0516132
0.0585277
0.0562373
0.0637795
0.0553143
0.060786
0.0576214
0.0632229
0.056212
0.0617484
0.060074
0.065828
0.0550934
0.0606037
0.0594161
0.0651342
0.0590741
0.064752
0.0576784
0.0633425
0.0605648
0.064205
0.0551899
0.0587765
0.0624042
0.0662422
0.0588497
0.0625978
0.0633746
0.0672603
0.0607125
0.0662837
0.0594257
0.0671494
0.0600856
0.0657388
0.0631815
0.069052
0.059921
0.0656752
0.0624026
0.0682838
0.0580904
0.0637985
0.0621255
0.0679134
0.0590635
0.0648283
0.0619625
0.0678354
0.056832
0.0642801
0.0600935
0.0639339
0.0598329
0.0636803
0.0626823
0.0666254
0.0555394
0.0630942
0.0603224
0.0659721
0.064574
0.0685654
0.0633426
0.0690647
0.0639421
0.0678284
0.0562804
0.0599501
0.0608739
0.0647081
0.0625115
0.0663993
0.0576364
0.0612837
0.0637709
0.0676948
0.0607778
0.0665983
0.0620812
0.0679367
0.0639735
0.0699157
0.0619988
0.067894
0.0614361
0.0673304
0.0625355
0.0683449
0.0559938
0.0630524
0.0634435
0.067159
0.0638578
0.0674563
0.0588666
0.0637134
0.0608006
0.0656387
0.0623162
0.067076
0.0637759
0.068419
0.0640837
0.0686167
0.05904
0.061447
0.0611739
0.0636442
0.0652534
0.0693722
0.0630937
0.0653915
0.0624048
0.0665702
0.0627602
0.0646563
0.0617613
0.0651578
0.062324
0.0653846
0.0646427
0.0670307
0.0634743
0.0654856
0.0636748
0.0645553
0.064365
0.0649603
0.0643947
0.0647218
0.0648684
0.0643864
0.0653662
0.0643595
0.0654108
0.0642081
0.0667938
0.065396
0.0685613
0.0658146
0.0666754
0.0639437
0.0664615
0.0634357
0.0683543
0.0647648
0.0723817
0.0680823
0.072986
0.0683459
0.0661869
0.0617848
0.0674023
0.0626142
0.0602487
0.0557351
0.0659569
0.0610998
0.0667462
0.0613842
0.0636027
0.0563713
0.0627669
0.057105
0.0713429
0.0652393
0.0709407
0.064749
0.069574
0.0632483
0.0705053
0.061868
0.0651458
0.0607224
0.0688881
0.0599648
0.0646088
0.0600731
0.0665757
0.0599238
0.0697126
0.0605325
0.0727429
0.063534
0.0668532
0.0598763
0.0561301
0.049117
0.06462
0.0575722
0.0649871
0.0603275
0.0695391
0.0649354
0.0614806
0.0570974
0.0638183
0.0568814
0.061431
0.0544684
0.0631062
0.0561073
0.0642282
0.0595128
0.0704113
0.0633512
0.0679432
0.0585025
0.0614399
0.0545375
0.062161
0.0552256
0.0538951
0.0469397
0.0627145
0.058107
0.0651863
0.0581654
0.066371
0.0593173
0.0644355
0.055051
0.0645046
0.057527
0.0602139
0.0536014
0.0642399
0.0572989
0.0602428
0.0509074
0.0653167
0.0583105
0.0629673
0.0535496
0.0681259
0.058783
0.0667439
0.0575548
0.0592949
0.0524454
0.0597187
0.0531211
0.0599118
0.0530795
0.0536733
0.0468383
0.0617572
0.0572255
0.0578591
0.0510167
0.0521828
0.0476394
0.0549256
0.0481525
0.0581826
0.0491362
0.0539124
0.0476235
0.0600957
0.0510542
0.0579275
0.0487319
0.0576369
0.0483843
0.0583363
0.0491848
0.0533277
0.0463667
0.0524294
0.045462
0.0560512
0.0493761
0.05237
0.0477676
0.0505262
0.0458952
0.05383
0.0467542
0.0526303
0.0431751
0.0508164
0.046086
0.0576372
0.048231
0.0458936
0.0412064
0.0515298
0.0421006
0.0481175
0.0433741
0.0442191
0.0394079
0.0460354
0.0363574
0.0478885
0.040693
0.0453959
0.0362323
0.0482619
0.0388231
0.0424668
0.0355129
0.032672
0.0259708
0.0358478
0.0270005
0.0415381
0.037047
0.0392052
0.0348257
0.0436296
0.0391958
0.0421103
0.0377116
0.0410937
0.0324816
0.0409694
0.0350389
0.0387817
0.0324289
0.0361306
0.029896
0.0364525
0.0282495
0.04045
0.031964
0.0361684
0.0299432
0.0387862
0.0324306
0.0377908
0.0316584
0.0386181
0.0323204
0.0384509
0.0301107
0.0380051
0.0338198
0.0372237
0.0309956
0.0345808
0.0284756
0.0342808
0.0281694
0.0278966
0.0223427
0.0342662
0.0284492
0.030965
0.0233364
0.0306259
0.0266753
0.0336978
0.0277274
0.0312485
0.0254108
0.0328487
0.0287862
0.0297851
0.0258716
0.0335528
0.0297011
0.0352027
0.0290664
0.0300703
0.024353
0.0381957
0.0299859
0.0354257
0.0275015
0.0387281
0.0305499
0.0347558
0.0270311
0.0311649
0.0274513
0.0362682
0.0286905
0.0331869
0.0262122
0.0275528
0.0232541
0.0270269
0.022918
0.0264516
0.0225817
0.0271911
0.0219952
0.0263456
0.023559
0.028041
0.024943
0.0270346
0.0241818
0.0298583
0.0264945
0.03096
0.0274871
0.0286252
0.0252805
0.0273076
0.0223985
0.0281965
0.0246774
0.0240875
0.0209928
0.0251134
0.0200997
0.0284228
0.0210768
0.0285225
0.0209645
0.0276262
0.0200219
0.0234503
0.0180677
0.022197
0.0170638
0.0210958
0.0143076
0.0234339
0.0195444
0.0208575
0.0154703
0.0224389
0.0167592
0.0231901
0.0173866
0.0204002
0.0150829
0.0211831
0.0175563
0.0169725
0.0127361
0.0228415
0.018949
0.0272436
0.0191499
0.0262648
0.0181338
0.0217922
0.0155161
0.0220051
0.015701
0.0252105
0.0166628
0.0238999
0.0194693
0.0296532
0.0225203
0.0235943
0.0170484
0.021101
0.0146911
0.0256485
0.0180045
0.0269122
0.0192189
0.0250445
0.015469
0.0237712
0.0144884
0.0287506
0.0183411
0.0224133
0.0153687
0.0248488
0.0173436
0.0278935
0.0227328
0.0249164
0.0175062
0.0218206
0.0133125
0.0245056
0.0170981
0.0261496
0.0184698
0.0237695
0.0164808
0.0278622
0.0203458
0.0261776
0.0163575
0.028139
0.0179039
0.0293102
0.0188456
0.0244008
0.0170104
0.0252979
0.0156945
0.0267655
0.0170702
0.0190394
0.0132342
0.0211113
0.0165256
0.0170526
0.0122442
0.0188041
0.0130527
0.0203616
0.0140594
0.0236365
0.0165537
0.0276191
0.0175455
0.0279434
0.0177671
0.0256085
0.0158828
0.0257542
0.0159862
0.0246504
0.0175538
0.022143
0.0136303
0.0225281
0.0135925
0.0160991
0.0111442
0.0211536
0.0140932
0.0133603
0.0100017
0.0201204
0.0131308
0.0184327
0.0117591
0.0203427
0.0109283
0.0161865
0.00962675
0.0194352
0.0118731
0.0219507
0.0165616
0.0230135
0.0174948
0.0217507
0.0162106
0.0207616
0.0154184
0.026992
0.0214191
0.0268199
0.0181745
0.0300597
0.0184096
0.0268527
0.0151143
0.0289475
0.0200745
0.0243896
0.0127919
0.0223617
0.0137961
0.0242359
0.0183622
0.0229903
0.0142262
0.0308288
0.0190641
0.0366937
0.0253735
0.0318304
0.0232461
0.0306426
0.0194601
0.0253999
0.017429
0.0238976
0.0163248
0.0293767
0.0190198
0.032713
0.0247588
0.0316989
0.0265245
0.0321643
0.0270903
0.0324979
0.0277031
0.029885
0.0253048
0.0321324
0.0275307
0.038404
0.0311945
0.0382667
0.0314166
0.032243
0.026562
0.0322939
0.0266591
0.038951
0.0319632
0.0283863
0.0237563
0.0304784
0.0266191
0.0326713
0.0265771
0.0306178
0.0248821
0.0320481
0.0258217
0.0434093
0.0331274
0.0345234
0.0257708
0.0300886
0.0223544
0.0366434
0.0270929
0.0298115
0.0218482
0.0283799
0.0222804
0.0352015
0.0258146
0.027907
0.0236801
0.0365779
0.0315417
0.0328568
0.0280831
0.0327809
0.0280042
0.0293435
0.0211394
0.0306012
0.025966
0.0300293
0.0234423
0.032907
0.0258253
0.0318259
0.023128
0.0313974
0.0266468
0.0359192
0.0284429
0.0415456
0.0311221
0.0345389
0.0272429
0.0304387
0.0237402
0.0335695
0.0266141
0.0364441
0.0288959
0.0314451
0.0225719
0.031515
0.024611
0.0356233
0.0281775
0.0392345
0.0314668
0.0382034
0.0306735
0.0340759
0.0267449
0.0376597
0.0275693
0.034208
0.0268981
0.0383454
0.030621
0.0377542
0.0326151
0.0395782
0.0343918
0.040044
0.0321573
0.0344171
0.0270559
0.0327678
0.0278504
0.0394046
0.0290706
0.0338525
0.0289772
0.0324187
0.0274947
0.0337804
0.0264302
0.0322474
0.0274248
0.0334696
0.028554
0.0375252
0.0323632
0.0421341
0.0368211
0.0343162
0.0286529
0.0345885
0.0263095
0.0321659
0.0266974
0.0398137
0.0282412
0.034112
0.0286205
0.0337091
0.027808
0.037778
0.027718
0.0299325
0.0211015
0.0333295
0.0211273
0.0354798
0.0256058
0.037984
0.0276928
0.0402453
0.0265855
0.0312756
0.0248475
0.032113
0.0257172
0.0403788
0.0265387
0.0375508
0.0242181
0.0397439
0.0260318
0.0413132
0.0274108
0.0339077
0.0213694
0.0407405
0.0268584
0.0328419
0.0232926
0.0374566
0.0241032
0.0317131
0.0223501
0.0321991
0.0227183
0.0343285
0.0245077
0.0325376
0.0230072
0.0386078
0.0317581
0.0353454
0.0253131
0.0368722
0.0266876
0.0386776
0.0251535
0.0318895
0.0253924
0.0372579
0.0302274
0.0411308
0.0305044
0.0332245
0.0235391
0.0372691
0.0362831
0.0452374
0.045239
0.0415169
0.0415186
0.0438138
0.043221
0.040992
0.0396501
0.039139
0.0372088
0.0371566
0.0350996
0.0399077
0.0351158
0.040223
0.0355645
0.0409319
0.0364572
0.043234
0.0395539
0.0422059
0.0386083
0.0355694
0.031196
0.0356065
0.0323729
0.0400891
0.0367736
0.0390735
0.0358024
0.0357319
0.031835
0.0357051
0.0319391
0.0317691
0.0294142
0.0361238
0.0335946
0.0400871
0.0354444
0.0319018
0.0290866
0.0315338
0.028893
0.0347536
0.0314956
0.0308151
0.0288295
0.0367199
0.034392
0.0331182
0.0314779
0.0343027
0.0317292
0.0380058
0.034707
0.0336378
0.0315723
0.0329153
0.0311171
0.0351337
0.0324149
0.0345077
0.0326437
0.0328378
0.0306871
0.0343933
0.0310101
0.0326286
0.0310544
0.0342624
0.030839
0.0353484
0.0315837
0.0318205
0.0300219
0.034742
0.0311924
0.0369392
0.032691
0.0335799
0.0311058
0.0315348
0.0298692
0.0377914
0.0354926
0.0353669
0.0333027
0.0372855
0.034968
0.0364396
0.033402
0.0347665
0.0328314
0.0374613
0.034081
0.034757
0.0327912
0.0364355
0.0332421
0.0358431
0.0337059
0.0372541
0.0329837
0.0341901
0.0315249
0.0352369
0.0331841
0.0358285
0.0337868
0.0354973
0.0325488
0.036925
0.0336626
0.0368651
0.0336059
0.0364571
0.033279
0.0372624
0.0330017
0.0379942
0.0345101
0.0357606
0.032721
0.0326044
0.0305457
0.039216
0.0355944
0.0338789
0.0321293
0.0339146
0.0314049
0.0333856
0.0317313
0.0383705
0.0359648
0.0352161
0.0324147
0.0372711
0.0339257
0.0354387
0.0324868
0.0355545
0.0327636
0.0365458
0.0325267
0.037869
0.0355084
0.0369183
0.0336799
0.0382348
0.0337193
0.0354488
0.0317492
0.0369596
0.0328213
0.0339472
0.031425
0.0351214
0.0315572
0.0381903
0.0348239
0.0345753
0.0314879
0.0411529
0.0376237
0.0367629
0.0350725
0.0358105
0.0340211
0.0339497
0.033459
0.0348157
0.0336041
0.0342287
0.0338142
0.0348593
0.0340303
0.0355277
0.0344249
0.0352858
0.0345293
0.0350765
0.0346283
0.0348398
0.0349367
0.0350216
0.0346709
0.0348445
0.0346599
0.0346257
0.0346255
0.0352716
0.0346972
0.0349402
0.0346533
0.0345678
0.0350836
0.0343997
0.0345559
0.0343987
0.0355815
0.0340417
0.0343586
0.0341348
0.0347068
0.0340361
0.0347285
0.0340311
0.0351348
0.0340626
0.0353938
0.034248
0.0354746
0.0340464
0.0342181
0.0343351
0.0356843
0.0349043
0.0360399
0.0340657
0.0355247
0.0346563
0.0363264
0.0341195
0.0356988
0.034011
0.0343358
0.0340371
0.0340252
0.0344095
0.0364166
0.034305
0.035245
0.0343829
0.0345752
0.0348984
0.0364168
0.0344241
0.0356013
0.0344135
0.0352971
0.0344259
0.0347575
0.0344389
0.0354434
0.0345101
0.0353019
0.0345786
0.03522
0.0345587
0.0350456
0.034504
0.0360975
0.0347606
0.0370336
0.0349713
0.0373568
0.0346101
0.0362431
0.0345886
0.0361072
0.0345658
0.0358436
0.0346072
0.0348401
0.034611
0.035405
0.0353282
0.0368778
0.0348897
0.0369754
0.0348526
0.035113
0.0352754
0.0368665
0.0347701
0.0365274
0.0355501
0.0349764
0.034987
0.0356449
0.034925
0.0379717
0.0348069
0.0355496
0.0348849
0.0367281
0.0349861
0.0357388
0.0348469
0.0350044
0.0348609
0.0358632
0.0360802
0.0380775
0.0348693
0.0354609
0.0349322
0.0366014
0.034877
0.0359272
0.0349162
0.0357537
0.0349582
0.035633
0.0350802
0.0350646
0.0349642
0.0356277
0.0350453
0.0351316
0.0357559
0.0349878
0.0350615
0.0356277
0.0350123
0.0356125
0.0351297
0.036125
0.0352862
0.0386925
0.0350411
0.0367361
0.0350478
0.0365072
0.0351956
0.0368646
0.0355436
0.0391869
0.0351598
0.0366645
0.0357743
0.0385184
0.0352641
0.0356659
0.0351407
0.0355898
0.0352338
0.0355811
0.0353167
0.037053
0.0352629
0.0367769
0.0356314
0.0380432
0.0352863
0.0367054
0.0352811
0.0356377
0.0353104
0.0361255
0.0353701
0.0366028
0.035464
0.0374291
0.0353073
0.037419
0.0353212
0.0366982
0.0353983
0.0377639
0.0356356
0.0389072
0.0355662
0.0366484
0.0355814
0.0376125
0.0354065
0.0367738
0.035639
0.0377696
0.0355891
0.0373199
0.0359827
0.036001
0.0355748
0.0364702
0.0356911
0.0377068
0.0356434
0.0375286
0.0355146
0.0372654
0.0356413
0.0370715
0.0366246
0.0396949
0.0356269
0.0365103
0.0356643
0.0364574
0.035624
0.0361714
0.0357129
0.0365457
0.0359079
0.0379299
0.0359225
0.0390917
0.0360658
0.0373977
0.0360351
0.0359688
0.0358137
0.0375755
0.0358418
0.0374397
0.0358687
0.0375709
0.0358023
0.0381275
0.0360754
0.0365881
0.0358024
0.0376008
0.0357979
0.0369596
0.0359045
0.0373874
0.0360044
0.0378506
0.0359767
0.0360189
0.0360779
0.0368163
0.0359038
0.0367235
0.0358902
0.0367705
0.0368122
0.0361715
0.0362336
0.0367283
0.0360114
0.0373474
0.0362393
0.036256
0.0359657
0.0364834
0.0359733
0.0363722
0.036426
0.0361956
0.0360424
0.0374082
0.0362473
0.0363886
0.0370684
0.0362062
0.0360784
0.0378137
0.0358831
0.0365349
0.0357188
0.0374261
0.0354524
0.0374646
0.0365012
0.0387545
0.0352121
0.0383285
0.0362368
0.0387592
0.0371246
0.0401805
0.0338866
0.0377239
0.0349275
0.0416006
0.0375213
0.0412404
0.0395571
0.0438015
0.0373054
0.0437039
0.0372605
0.0439479
0.0309473
0.0389669
0.0370686
0.0438707
0.0370051
0.0442553
0.0354095
0.0427682
0.0387621
0.0466064
0.0399118
0.0507068
0.0379954
0.0460319
0.0332926
0.0413226
0.0330984
0.0410541
0.0378769
0.0462891
0.0318151
0.0402453
0.0321594
0.0405273
0.0378195
0.0464923
0.0339191
0.0426648
0.0381431
0.0469529
0.0423503
0.0511013
0.0368987
0.0454288
0.03898
0.0477519
0.0386744
0.0474736
0.0363386
0.0480562
0.0359971
0.0417906
0.0368252
0.0480884
0.0404534
0.049016
0.0392547
0.0449283
0.032472
0.0436109
0.0336974
0.0447305
0.0387254
0.0467284
0.0390281
0.0471257
0.0395824
0.0475577
0.0365154
0.0441741
0.0394633
0.0473782
0.0399933
0.047819
0.0379152
0.0457681
0.0342089
0.041836
0.0359009
0.0436669
0.0377509
0.0455975
0.0414392
0.0494611
0.0415673
0.0495388
0.0380224
0.0486771
0.0393395
0.04734
0.0387284
0.046651
0.0400646
0.0478199
0.0412834
0.0487324
0.0430497
0.0479819
0.0426768
0.0500206
0.0428653
0.0525066
0.0438877
0.0509436
0.0469641
0.0539151
0.0487595
0.0556246
0.0501367
0.0546022
0.0470615
0.0532744
0.0505568
0.0591835
0.0478062
0.053455
0.0465966
0.0517575
0.0497494
0.0532592
0.0503928
0.0556056
0.0526138
0.0579293
0.0554534
0.060855
0.054872
0.0617945
0.0559833
0.0609897
0.0561534
0.0608722
0.056928
0.0614102
0.0566127
0.0605413
0.0551939
0.059602
0.0570662
0.0619309
0.0576057
0.0621602
0.0591051
0.0638658
0.0622764
0.0678231
0.0644498
0.0704478
0.0613471
0.0661758
0.0655373
0.0701406
0.0627688
0.0666903
0.0635411
0.0676097
0.0662431
0.071047
0.0620663
0.0672292
0.0626939
0.0651846
0.0616498
0.0639196
0.0635759
0.067786
0.0614122
0.0662244
0.0634279
0.0661429
0.062164
0.0646191
0.0613362
0.0648933
0.0634087
0.0676102
0.0630476
0.067158
0.0604656
0.0636431
0.0612868
0.0648883
0.0604598
0.062489
0.0607564
0.0641431
0.0616787
0.064023
0.0599246
0.0629534
0.060737
0.0655231
0.0622595
0.0661844
0.0607012
0.0641122
0.0616893
0.0640995
0.0624697
0.0664899
0.061444
0.0650898
0.0616639
0.0654971
0.0635821
0.0678723
0.0615184
0.0638839
0.0620567
0.0645417
0.0607382
0.0656325
0.0616621
0.0653764
0.0613357
0.0651146
0.0603835
0.0637806
0.0627179
0.0668822
0.0617746
0.065683
0.0594462
0.0637133
0.0614808
0.0638887
0.0607744
0.0644034
0.0609146
0.0645695
0.0617645
0.0642871
0.0609029
0.0645694
0.0623696
0.0650185
0.0623642
0.0664842
0.0608218
0.064501
0.060614
0.0656371
0.0621052
0.0661875
0.0610055
0.0633675
0.0610659
0.0634332
0.0624489
0.0651388
0.0616188
0.0641152
0.0612213
0.0665799
0.0611849
0.0665223
0.0633226
0.0660976
0.0619847
0.0643118
0.0608924
0.065468
0.0629215
0.0666073
0.0614872
0.0644294
0.0616798
0.0644844
0.0627991
0.0658422
0.0623574
0.0640632
0.0633474
0.0663891
0.0621469
0.0642647
0.0629794
0.0653958
0.0642934
0.0671562
0.0630816
0.0642115
0.0629335
0.0637869
0.0629952
0.0636806
0.0632259
0.064512
0.0633318
0.0639167
0.0634545
0.0639268
0.0638286
0.0638023
0.0638958
0.0638337
0.0638064
0.0638077
0.064295
0.0642999
0.0642709
0.0642757
0.0639849
0.0639869
0.0641779
0.0641823
0.0643172
0.0643225
0.0639306
0.0639324
0.0641403
0.0641431
0.0641068
0.0641123
0.0638624
0.0638646
0.0639491
0.0639521
0.0641978
0.0642041
0.0638652
0.0638668
0.0638939
0.0638966
