0 0
0 0
0 0
0 0
0 0
0 0
0 0
0 0
0 0
0 0
0 0
0 0
0 0
0 0
0 0
0 0
0 0
0 0
0 0
0 0
0 0
0 0
0 0
0 0
0 0
0 0
0 0
0 0
0 0
0 0
0 0
0 0
0 0
0 0
0 0
0 0
0 0
0 0
0 0
0 0
0 0
0 0
0 0
0 0
0 0
0 0
0 0
0 0
0 0
0 0
0 0
0 0
0 0
0 0
0 0
0 0
0 0
0 0
0 0
0 0
0 0
0 0
0 0
0 0
0.0005 0
0.0015 0
0.003 0
0.005 0
0.007 0
0.009 0
0.011 0
0.013 0
0.015 0
0.0195 0
0.0225 0
0.026 0
0.03 0
0.034 0
0.038 0
0.0465 0
0.0515 0
0.0565 0
0.0615 0
0.0665 0
0.0715 0
0.0765 0
0.0815 0
0.0865 0
0.0915 0
0.0965 0
0.1015 0
0.1065 0
0.1115 0
0.1165 0
0.1215 0
0.1265 0
0.1265 0
0.1315 0
0.1365 0
0.1415 0
0.1465 0
0.1515 0
0.1565 0
0.1665 0
0.1715 0
0.1715 0
0.1765 0
0.1815 0
0.1865 0
0.1915 0
0.1965 0
0.2015 0
0.2065 0
0.2115 0
0.2165 0
0.2215 0
0.2265 0
0.2315 0
0.2365 0
0.2415 0
0.2465 0
0.2515 0
0.2565 0
0.2615 0
0.2665 0
0.2715 0
0.2765 0
0.2815 0
0.2865 0
0.2915 0
0.2965 0
0.3015 0
0.3065 0
0.3115 0
0.3165 0
0.3215 0
0.3265 0
0.3315 0
0.3365 0
0.3415 0
0.3465 0
0.3515 0
0.3565 0
0.3615 0
0.3665 0
0.3715 0
0.3765 0
0.3865 1.25e-05
0.3915 6.24992e-05
0.396499 0.000162492
0.401496 0.000324964
0.40649 0.00057486
0.411478 0.000924574
0.416457 0.00137397
0.421427 0.00192286
0.426385 0.00257103
0.431329 0.00331822
0.436257 0.00416413
0.441167 0.00510843
0.446057 0.00615073
0.450925 0.00729061
0.45577 0.00852763
0.460589 0.00986129
0.46538 0.0112911
0.470142 0.0128163
0.474872 0.0144366
0.479569 0.016151
0.48423 0.0179591
0.488855 0.0198601
0.49344 0.0218531
0.497985 0.0239375
0.502487 0.0261123
0.506945 0.0283767
0.511357 0.0307299
0.515721 0.0331707
0.520035 0.0356984
0.524297 0.0383118
0.528507 0.04101
0.532662 0.0437918
0.53676 0.0466561
0.5408 0.0496019
0.54478 0.0526278
0.548699 0.0557327
0.552556 0.0589154
0.556348 0.0621746
0.560073 0.0655089
0.563732 0.0689171
0.567321 0.0723978
0.570841 0.0759496
0.574288 0.079571
0.580972 0.0870088
0.584234 0.090798
0.587458 0.0946197
0.590653 0.0984654
0.593839 0.102319
0.597025 0.106173
0.600211 0.110026
0.603396 0.11388
0.606582 0.117734
0.609768 0.121588
0.612954 0.125441
0.61614 0.129295
0.619325 0.133149
0.622511 0.137002
0.625697 0.140856
0.628883 0.14471
0.632068 0.148563
0.635254 0.152417
0.63844 0.156271
0.641626 0.160124
0.644811 0.163978
0.647997 0.167832
0.651183 0.171686
0.654369 0.175539
0.657554 0.179393
0.66074 0.183247
0.663926 0.1871
0.667112 0.190954
0.670297 0.194808
0.673483 0.198661
0.676669 0.202515
0.679855 0.206369
0.68304 0.210223
0.686226 0.214076
0.689412 0.21793
0.692598 0.221784
0.695783 0.225637
0.698969 0.229491
0.705659 0.237584
0.709482 0.242208
0.713305 0.246833
0.717447 0.251842
0.721907 0.257238
0.726367 0.262633
0.730827 0.268028
0.735287 0.273423
0.739747 0.278818
0.744207 0.284213
0.748667 0.289609
0.753127 0.295004
0.757587 0.300399
0.762047 0.305794
0.766507 0.311189
0.770967 0.316584
0.775427 0.32198
0.779887 0.327375
0.784347 0.33277
0.788807 0.338165
0.793268 0.34356
0.797728 0.348956
0.802188 0.354351
0.806648 0.359746
0.811108 0.365141
0.815568 0.370536
0.820028 0.375931
0.824488 0.381327
0.828948 0.386722
0.833408 0.392117
0.837868 0.397512
0.842328 0.402907
0.846788 0.408302
0.851248 0.413698
0.855708 0.419093
0.860168 0.424488
0.864628 0.429883
0.869089 0.435278
0.873549 0.440673
0.878009 0.446069
0.882469 0.451464
0.886929 0.456859
0.891389 0.462254
0.895849 0.467649
0.900309 0.473044
0.904769 0.47844
0.909229 0.483835
0.913689 0.48923
0.918149 0.494625
0.922609 0.50002
0.927069 0.505416
0.931529 0.510811
0.935989 0.516206
0.940449 0.521601
0.94491 0.526996
0.94937 0.532391
0.95383 0.537787
0.95829 0.543182
0.96275 0.548577
0.96721 0.553972
0.97167 0.559367
0.97613 0.564762
0.98059 0.570158
0.98505 0.575553
0.98951 0.580948
0.99397 0.586343
0.99843 0.591738
1.00289 0.597133
1.00735 0.602529
1.01181 0.607924
1.01627 0.613319
1.02073 0.618714
1.02519 0.624109
1.02965 0.629504
1.03411 0.6349
1.03857 0.640295
1.04303 0.64569
1.04749 0.651085
1.05195 0.65648
1.05641 0.661876
1.06087 0.667271
1.06533 0.672666
1.06979 0.678061
1.07425 0.683456
1.07871 0.688851
1.08317 0.694247
1.08763 0.699642
1.09209 0.705037
1.09655 0.710432
1.10101 0.715827
1.10547 0.721222
1.10993 0.726618
1.11439 0.732013
1.11885 0.737408
1.12331 0.742803
1.12777 0.748198
1.13223 0.753593
1.13669 0.758989
1.14115 0.764384
1.14561 0.769779
1.15007 0.775174
1.15453 0.780569
1.15899 0.785964
1.16345 0.79136
1.16791 0.796755
1.17237 0.80215
1.17683 0.807545
1.18129 0.81294
1.18575 0.818335
1.19021 0.823731
1.19467 0.829126
1.19913 0.834521
1.20359 0.839916
1.20805 0.845311
1.21251 0.850707
1.21697 0.856102
1.22143 0.861497
1.22589 0.866892
1.23035 0.872287
1.23481 0.877682
1.23927 0.883078
1.24373 0.888473
1.24819 0.893868
1.25265 0.899263
1.25711 0.904658
1.26157 0.910053
1.26603 0.915449
1.27049 0.920844
1.27495 0.926239
1.27941 0.931634
1.28387 0.937029
1.28833 0.942424
1.29279 0.94782
1.29725 0.953215
1.30171 0.95861
1.30617 0.964005
1.31063 0.9694
1.31509 0.974795
1.31955 0.980191
1.32401 0.985586
1.32847 0.990981
1.33293 0.996376
1.33739 1.00177
1.34185 1.00717
1.34631 1.01256
1.35522 1.02336
1.36396 1.0343
1.36821 1.03987
1.37233 1.04552
1.37635 1.05125
1.38025 1.05707
1.38403 1.06296
1.38769 1.06892
1.39124 1.07496
1.39466 1.08107
1.39796 1.08724
1.40113 1.09348
1.40418 1.09978
1.40711 1.10614
1.4099 1.11256
1.41257 1.11903
1.4151 1.12555
1.41751 1.13213
1.41978 1.13875
1.42192 1.14541
1.42393 1.15212
1.4258 1.15886
1.42754 1.16564
1.42914 1.17246
1.43061 1.1793
1.43193 1.18618
1.43312 1.19307
1.43418 1.19999
1.43509 1.20693
1.43586 1.21389
1.4365 1.22086
1.43698 1.22785
1.43726 1.23484
1.43734 1.24184
1.4372 1.24884
1.43686 1.25583
1.4363 1.26281
1.43554 1.26977
1.43457 1.2767
1.43339 1.2836
1.43201 1.29046
1.43042 1.29728
1.42862 1.30404
1.42663 1.31075
1.42443 1.3174
1.42203 1.32398
1.41944 1.33048
1.41666 1.3369
1.41368 1.34324
1.41052 1.34948
1.40716 1.35563
1.40363 1.36167
1.39992 1.3676
1.39603 1.37342
1.39196 1.37912
1.38773 1.3847
1.38333 1.39015
1.37878 1.39546
1.37406 1.40063
1.36919 1.40566
1.36417 1.41054
1.35901 1.41527
1.35371 1.41984
1.34827 1.42425
1.34271 1.4285
1.33702 1.43257
1.33121 1.43648
1.32528 1.4402
1.31925 1.44375
1.31311 1.44712
1.30688 1.4503
1.30055 1.45329
1.29413 1.45609
1.28763 1.4587
1.28106 1.46111
1.27442 1.46332
1.26772 1.46533
1.26096 1.46714
1.25414 1.46875
1.24728 1.47015
1.24039 1.47135
1.23346 1.47233
1.2265 1.47311
1.21952 1.47368
1.21253 1.47405
1.20553 1.4742
1.19854 1.47414
1.19154 1.47387
1.18456 1.47339
1.17759 1.4727
1.17065 1.47181
1.16373 1.47072
1.15684 1.46948
1.14998 1.46811
1.14313 1.46667
1.1363 1.46515
1.12948 1.46356
1.11589 1.46021
1.1091 1.45849
1.10232 1.45677
1.09553 1.45504
1.08875 1.45332
1.08196 1.4516
1.07518 1.44988
1.06839 1.44816
1.06161 1.44644
1.05482 1.44472
1.04803 1.443
1.04125 1.44128
1.03446 1.43956
1.02768 1.43783
1.02089 1.43611
1.01411 1.43439
1.00732 1.43267
1.00054 1.43095
0.993754 1.42923
0.986969 1.42751
0.980184 1.42579
0.973398 1.42407
0.966613 1.42234
0.959828 1.42062
0.953043 1.4189
0.946258 1.41718
0.939473 1.41546
0.932688 1.41374
0.925902 1.41202
0.919117 1.4103
0.912332 1.40858
0.905547 1.40686
0.898762 1.40513
0.891977 1.40341
0.885192 1.40169
0.878407 1.39997
0.871621 1.39825
0.864836 1.39653
0.858051 1.39481
0.851266 1.39309
0.844481 1.39137
0.837696 1.38965
0.830911 1.38792
0.824125 1.3862
0.81734 1.38448
0.810555 1.38276
0.80377 1.38104
0.796985 1.37932
0.7902 1.3776
0.783415 1.37588
0.769849 1.37242
0.763081 1.37063
0.756332 1.36877
0.749601 1.36685
0.74289 1.36486
0.7362 1.3628
0.72953 1.36068
0.722882 1.35848
0.716256 1.35623
0.709653 1.3539
0.703074 1.35151
0.696518 1.34906
0.689988 1.34654
0.683483 1.34395
0.677005 1.3413
0.670553 1.33858
0.664129 1.3358
0.657732 1.33296
0.651365 1.33005
0.645027 1.32708
0.638719 1.32405
0.632442 1.32095
0.626196 1.31779
0.619982 1.31456
0.607643 1.30795
0.601495 1.3046
0.595338 1.30127
0.589157 1.29799
0.582942 1.29477
0.576696 1.29161
0.570419 1.28851
0.564111 1.28547
0.557773 1.2825
0.551406 1.27959
0.54501 1.27675
0.538585 1.27397
0.532134 1.27125
0.525655 1.2686
0.51915 1.26602
0.51262 1.2635
0.506065 1.26104
0.499485 1.25865
0.492882 1.25633
0.486256 1.25407
0.479608 1.25188
0.472938 1.24975
0.466248 1.24769
0.459537 1.2457
0.452806 1.24378
0.446057 1.24192
0.43929 1.24013
0.432504 1.23841
0.425702 1.23676
0.418884 1.23518
0.41205 1.23366
0.405202 1.23221
0.398339 1.23083
0.384571 1.22829
0.377659 1.22719
0.370726 1.22622
0.363775 1.2254
0.356809 1.22471
0.34983 1.22416
0.342842 1.22375
0.335847 1.22348
0.328848 1.22336
0.321848 1.22337
0.31485 1.22352
0.307856 1.22381
0.300869 1.22424
0.286927 1.2255
0.279971 1.22628
0.273022 1.22713
0.266083 1.22805
0.259153 1.22904
0.252233 1.23009
0.252233 1.23009
0.245324 1.23122
0.238427 1.23242
0.22467 1.23501
0.22467 1.23501
0.217812 1.23641
0.204135 1.23941
0.197307 1.24094
0.190478 1.24248
0.183649 1.24402
0.17682 1.24556
0.169991 1.2471
0.163162 1.24864
0.156334 1.25018
0.149505 1.25171
0.142676 1.25325
0.135847 1.25479
0.129018 1.25633
0.122189 1.25787
0.115361 1.25941
0.108532 1.26095
0.101703 1.26248
0.094874 1.26402
0.0880452 1.26556
0.0812164 1.2671
0.0743875 1.26864
0.0675587 1.27018
0.0607298 1.27171
0.053901 1.27325
0.0470722 1.27479
0.0402433 1.27633
0.0334145 1.27787
0.0265856 1.27941
0.0197568 1.28095
0.012928 1.28248
0.00609912 1.28402
-0.00072972 1.28556
-0.00755856 1.2871
-0.0143874 1.28864
-0.0212162 1.29018
-0.0280451 1.29171
-0.0348739 1.29325
-0.0417028 1.29479
-0.0485316 1.29633
-0.0553604 1.29787
-0.0621893 1.29941
-0.0690181 1.30095
-0.075847 1.30248
-0.0826758 1.30402
-0.0895046 1.30556
-0.0963335 1.3071
-0.103162 1.30864
-0.109991 1.31018
-0.11682 1.31172
-0.123645 1.31327
-0.130458 1.31488
-0.137255 1.31655
-0.144034 1.31829
-0.150796 1.32011
-0.15754 1.32198
-0.164264 1.32393
-0.170969 1.32594
-0.177653 1.32802
-0.184315 1.33017
-0.190957 1.33238
-0.197575 1.33466
-0.204171 1.337
-0.210743 1.33941
-0.21729 1.34189
-0.223812 1.34443
-0.230309 1.34704
-0.236779 1.34971
-0.243222 1.35245
-0.249637 1.35525
-0.26239 1.36102
-0.268748 1.36395
-0.275113 1.36686
-0.2815 1.36973
-0.287916 1.37253
-0.294359 1.37526
-0.300829 1.37794
-0.307325 1.38054
-0.313848 1.38308
-0.320395 1.38556
-0.326967 1.38797
-0.333562 1.39032
-0.340181 1.3926
-0.35349 1.39694
-0.360195 1.39895
-0.366938 1.40083
-0.373718 1.40257
-0.380531 1.40418
-0.387375 1.40565
-0.394247 1.40698
-0.401144 1.40818
-0.408064 1.40923
-0.415003 1.41015
-0.42196 1.41093
-0.42893 1.41157
-0.435913 1.41207
-0.442903 1.41243
-0.4499 1.41265
-0.456899 1.41273
-0.463899 1.41268
-0.470896 1.41248
-0.477888 1.41214
-0.484872 1.41166
-0.491844 1.41104
-0.505748 1.40941
-0.512681 1.40844
-0.519606 1.40742
-0.526529 1.40639
-0.533453 1.40535
-0.540376 1.40432
-0.547299 1.40328
-0.554222 1.40225
-0.561145 1.40121
-0.568068 1.40018
-0.574991 1.39914
-0.581914 1.39811
-0.588837 1.39707
-0.59576 1.39604
-0.602683 1.395
-0.609606 1.39397
-0.616529 1.39293
-0.623452 1.3919
-0.630375 1.39086
-0.637298 1.38983
-0.644221 1.38879
-0.651144 1.38776
-0.665485 1.38561
-0.673397 1.38443
-0.681309 1.38325
-0.689221 1.38206
-0.697133 1.38088
-0.705045 1.3797
-0.712957 1.37851
-0.72087 1.37733
-0.728782 1.37615
-0.736694 1.37497
-0.744606 1.37378
-0.752518 1.3726
-0.76043 1.37142
-0.776748 1.36898
-0.78565 1.36765
-0.794551 1.36632
-0.803452 1.36499
-0.812353 1.36365
-0.821254 1.36232
-0.830155 1.36099
-0.839056 1.35966
-0.847957 1.35833
-0.856858 1.357
-0.865759 1.35567
-0.87466 1.35434
-0.883561 1.35301
-0.892462 1.35168
-0.901363 1.35035
-0.910265 1.34902
-0.919166 1.34769
-0.928067 1.34635
-0.936968 1.34502
-0.945869 1.34369
-0.95477 1.34236
-0.963671 1.34103
-0.972572 1.3397
-0.981473 1.33837
-0.990374 1.33704
-0.999275 1.33571
-1.00818 1.33438
-1.01708 1.33305
-1.02598 1.33172
-1.03488 1.33039
-1.04378 1.32905
-1.05268 1.32772
-1.06158 1.32639
-1.07048 1.32506
-1.07938 1.32373
-1.08829 1.3224
-1.09719 1.32107
-1.10609 1.31974
-1.11499 1.31841
-1.12389 1.31708
-1.13279 1.31575
-1.14169 1.31442
-1.15059 1.31309
-1.15949 1.31175
-1.1684 1.31042
-1.1773 1.30909
-1.1862 1.30776
-1.1951 1.30643
-1.204 1.3051
-1.2129 1.30377
-1.2218 1.30244
-1.2307 1.30111
-1.2396 1.29978
-1.24851 1.29845
-1.25741 1.29712
-1.26631 1.29579
-1.27521 1.29445
-1.28411 1.29312
-1.29301 1.29179
-1.30191 1.29046
-1.31081 1.28913
-1.31971 1.2878
-1.32861 1.28647
-1.33751 1.28512
-1.35527 1.28217
-1.36411 1.28048
-1.37291 1.27862
-1.38168 1.27658
-1.3904 1.27437
-1.39908 1.27198
-1.40771 1.26942
-1.41629 1.26669
-1.42481 1.26379
-1.43326 1.26071
-1.44166 1.25747
-1.44999 1.25406
-1.45825 1.25049
-1.46644 1.24675
-1.47455 1.24285
-1.48258 1.23879
-1.49053 1.23456
-1.49839 1.23018
-1.50616 1.22564
-1.51384 1.22095
-1.52142 1.21611
-1.52891 1.21111
-1.5363 1.20597
-1.54358 1.20068
-1.55075 1.19524
-1.55781 1.18967
-1.56476 1.18395
-1.5716 1.17809
-1.57831 1.1721
-1.58491 1.16598
-1.59138 1.15972
-1.59773 1.15334
-1.60394 1.14683
-1.61003 1.1402
-1.61598 1.13345
-1.62179 1.12658
-1.62747 1.11959
-1.633 1.1125
-1.63839 1.10529
-1.64364 1.09798
-1.64874 1.09056
-1.65369 1.08304
-1.65849 1.07543
-1.66313 1.06772
-1.66762 1.05992
-1.67196 1.05203
-1.67613 1.04406
-1.68015 1.03601
-1.68398 1.02786
-1.68759 1.01962
-1.69095 1.01127
-1.69405 1.00282
-1.6969 0.994285
-1.6995 0.985667
-1.70183 0.976975
-1.70391 0.968217
-1.70571 0.9594
-1.70726 0.950534
-1.70854 0.941625
-1.70955 0.932682
-1.71029 0.923712
-1.71076 0.914725
-1.71096 0.905727
-1.71089 0.896727
-1.71055 0.887733
-1.70994 0.878754
-1.70907 0.869797
-1.70792 0.86087
-1.70651 0.851982
-1.70483 0.84314
-1.70289 0.834352
-1.70068 0.825626
-1.69821 0.816971
-1.69549 0.808393
-1.69251 0.799901
-1.68927 0.791503
-1.68208 0.775006
-1.67415 0.758849
-1.67001 0.750856
-1.66581 0.742894
-1.6574 0.726981
-1.65326 0.718989
-1.6492 0.710955
-1.64523 0.702881
-1.64133 0.694767
-1.63752 0.686615
-1.63379 0.678426
-1.63014 0.670199
-1.62657 0.661937
-1.62308 0.653639
-1.61968 0.645306
-1.61636 0.63694
-1.61313 0.628542
-1.60998 0.620111
-1.60691 0.611649
-1.60393 0.603158
-1.60104 0.594636
-1.59822 0.586086
-1.5955 0.577509
-1.59286 0.568904
-1.59031 0.560274
-1.58784 0.551619
-1.58546 0.542939
-1.58317 0.534236
-1.58096 0.525511
-1.57884 0.516763
-1.57679 0.508001
-1.57476 0.499233
-1.57273 0.490465
-1.5707 0.481697
-1.56867 0.472929
-1.56664 0.464161
-1.56461 0.455393
-1.56258 0.446626
-1.56054 0.437858
-1.55851 0.42909
-1.55648 0.420322
-1.55445 0.411554
-1.55242 0.402786
-1.55039 0.394018
-1.54836 0.38525
-1.54633 0.376483
-1.5443 0.367715
-1.54227 0.358947
-1.54024 0.350179
-1.53821 0.341411
-1.53617 0.332643
-1.53414 0.323875
-1.53211 0.315107
-1.53008 0.30634
-1.52805 0.297572
-1.52602 0.288804
-1.52399 0.280036
-1.52196 0.271268
-1.51993 0.2625
-1.5179 0.253732
-1.51587 0.244964
-1.51383 0.236197
-1.5118 0.227429
-1.50977 0.218661
-1.50774 0.209893
-1.50571 0.201125
-1.50368 0.192357
-1.50165 0.183589
-1.49962 0.174821
-1.49759 0.166054
-1.49556 0.157286
-1.49353 0.148518
-1.4915 0.13975
-1.48946 0.130982
-1.48743 0.122214
-1.4854 0.113446
-1.48337 0.104678
-1.48134 0.0959106
-1.47931 0.0871427
-1.47728 0.0783748
-1.47525 0.0696069
-1.47322 0.0608391
-1.47119 0.0520712
-1.46916 0.0433033
-1.46713 0.0345354
-1.46509 0.0257676
-1.46306 0.0169997
-1.46103 0.00823182
-1.459 -0.000536054
-1.45697 -0.00930393
-1.45494 -0.0180718
-1.45291 -0.0268397
-1.45088 -0.0356076
-1.44885 -0.0443754
-1.44682 -0.0531433
-1.44479 -0.0619112
-1.44275 -0.070679
-1.44072 -0.0794469
-1.43869 -0.0882148
-1.43666 -0.0969827
-1.43463 -0.105751
-1.4326 -0.114518
-1.43057 -0.123286
-1.42854 -0.132054
-1.42436 -0.150077
-1.42211 -0.159819
-1.41985 -0.169561
-1.41759 -0.179303
-1.41534 -0.189045
-1.41308 -0.198787
-1.41083 -0.20853
-1.40857 -0.218272
-1.40631 -0.228014
-1.40406 -0.237756
-1.4018 -0.247498
-1.39954 -0.25724
-1.39492 -0.277211
-1.39243 -0.287927
-1.38984 -0.299131
-1.38713 -0.310821
-1.38442 -0.322512
-1.38172 -0.334202
-1.37901 -0.345893
-1.3763 -0.357583
-1.37359 -0.369274
-1.37089 -0.380964
-1.36818 -0.392655
-1.36547 -0.404345
-1.36276 -0.416036
-1.36005 -0.427726
-1.35735 -0.439417
-1.35464 -0.451107
-1.35193 -0.462798
-1.34922 -0.474488
-1.34651 -0.486179
-1.34381 -0.497869
-1.3411 -0.50956
-1.33839 -0.52125
-1.33568 -0.532941
-1.33298 -0.544631
-1.33027 -0.556322
-1.32756 -0.568012
-1.32485 -0.579703
-1.32214 -0.591393
-1.31944 -0.603084
-1.31673 -0.614774
-1.31402 -0.626465
-1.31131 -0.638155
-1.30861 -0.649846
-1.3059 -0.661536
-1.30319 -0.673227
-1.30048 -0.684917
-1.29777 -0.696608
-1.29507 -0.708298
-1.29236 -0.719989
-1.28965 -0.731679
-1.28694 -0.74337
-1.28424 -0.75506
-1.28153 -0.766751
-1.27882 -0.778441
-1.27611 -0.790132
-1.2734 -0.801822
-1.2707 -0.813513
-1.26799 -0.825203
-1.26528 -0.836894
-1.26257 -0.848584
-1.25986 -0.860275
-1.25716 -0.871965
-1.25445 -0.883656
-1.25174 -0.895346
-1.24903 -0.907037
-1.24633 -0.918727
-1.24362 -0.930418
-1.24091 -0.942108
-1.24091 -0.942108
-1.24091 -0.942108
-1.24091 -0.942108
-1.24091 -0.942108
-1.24091 -0.942108
-1.24091 -0.942108
-1.2408 -0.942595
-1.24057 -0.94357
-1.24001 -0.946005
-1.23956 -0.947954
-1.2391 -0.949902
-1.23854 -0.952338
-1.23786 -0.95526
-1.23707 -0.95867
-1.23617 -0.962567
-1.23527 -0.966464
-1.23437 -0.97036
-1.23346 -0.974257
-1.23256 -0.978154
-1.23166 -0.982051
-1.23076 -0.985948
-1.22985 -0.989845
-1.22894 -0.993739
-1.228 -0.997627
-1.22599 -1.00537
-1.22489 -1.00922
-1.22372 -1.01304
-1.22247 -1.01684
-1.22115 -1.02062
-1.21975 -1.02436
-1.21827 -1.02808
-1.21672 -1.03177
-1.2151 -1.03542
-1.21341 -1.03905
-1.21164 -1.04264
-1.2098 -1.04619
-1.20789 -1.0497
-1.20591 -1.05318
-1.20386 -1.05662
-1.20175 -1.06001
-1.19929 -1.06378
-1.19648 -1.06791
-1.19031 -1.07641
-1.18664 -1.08116
-1.18288 -1.08583
-1.17902 -1.09043
-1.17508 -1.09495
-1.17104 -1.09939
-1.16692 -1.10375
-1.16271 -1.10802
-1.15842 -1.11222
-1.15404 -1.11632
-1.14958 -1.12033
-1.14504 -1.12426
-1.14043 -1.12809
-1.13574 -1.13183
-1.12614 -1.13904
-1.12127 -1.14255
-1.11143 -1.14941
-1.10649 -1.15282
-1.10156 -1.15623
-1.09665 -1.15969
-1.09178 -1.16319
-1.08694 -1.16674
-1.08214 -1.17034
-1.07738 -1.17398
-1.07265 -1.17768
-1.06796 -1.18142
-1.0633 -1.18521
-1.0541 -1.19291
-1.04952 -1.19679
-1.04495 -1.20067
-1.04037 -1.20455
-1.03579 -1.20843
-1.03122 -1.21231
-1.02664 -1.21619
-1.02206 -1.22007
-1.01749 -1.22395
-1.01291 -1.22783
-1.00833 -1.23171
-1.00376 -1.23559
-0.999181 -1.23947
-0.994604 -1.24335
-0.990028 -1.24723
-0.985451 -1.25111
-0.980874 -1.25499
-0.976297 -1.25887
-0.971721 -1.26275
-0.967144 -1.26663
-0.962567 -1.27051
-0.95799 -1.27439
-0.953414 -1.27827
-0.948837 -1.28215
-0.94426 -1.28603
-0.939684 -1.28991
-0.935107 -1.29379
-0.93053 -1.29767
-0.925953 -1.30155
-0.921377 -1.30543
-0.9168 -1.30931
-0.912223 -1.31319
-0.907647 -1.31707
-0.90307 -1.32094
-0.898493 -1.32482
-0.893916 -1.3287
-0.88934 -1.33258
-0.884763 -1.33646
-0.880186 -1.34034
-0.87561 -1.34422
-0.871033 -1.3481
-0.866456 -1.35198
-0.861879 -1.35586
-0.857303 -1.35974
-0.852726 -1.36362
-0.848149 -1.3675
-0.843573 -1.37138
-0.838996 -1.37526
-0.834419 -1.37914
-0.829842 -1.38302
-0.825266 -1.3869
-0.820689 -1.39078
-0.816112 -1.39466
-0.811536 -1.39854
-0.806959 -1.40242
-0.802382 -1.4063
-0.797805 -1.41018
-0.793229 -1.41406
-0.788652 -1.41794
-0.784075 -1.42182
-0.779498 -1.4257
-0.774922 -1.42958
-0.770345 -1.43346
-0.765768 -1.43734
-0.761192 -1.44122
-0.756615 -1.4451
-0.752038 -1.44898
-0.747461 -1.45286
-0.742885 -1.45674
-0.738308 -1.46062
-0.733731 -1.4645
-0.729155 -1.46838
-0.724578 -1.47226
-0.720001 -1.47614
-0.715424 -1.48002
-0.710848 -1.4839
-0.706271 -1.48778
-0.701694 -1.49166
-0.697118 -1.49554
-0.692541 -1.49942
-0.687964 -1.5033
-0.683387 -1.50718
-0.678811 -1.51106
-0.674234 -1.51494
-0.669657 -1.51882
-0.665081 -1.5227
-0.660504 -1.52658
-0.655927 -1.53046
-0.65135 -1.53434
-0.646774 -1.53822
-0.642197 -1.5421
-0.63762 -1.54598
-0.633044 -1.54986
-0.628467 -1.55374
-0.62388 -1.55761
-0.614602 -1.56522
-0.605064 -1.5725
-0.600157 -1.57595
-0.600157 -1.57595
-0.595149 -1.57925
-0.590044 -1.58241
-0.584846 -1.58541
-0.579561 -1.58825
-0.574193 -1.59093
-0.568748 -1.59344
-0.563229 -1.5958
-0.557642 -1.59799
-0.551992 -1.60001
-0.546283 -1.60185
-0.540522 -1.60353
-0.534714 -1.60503
-0.528863 -1.60636
-0.522974 -1.60751
-0.517054 -1.60849
-0.511107 -1.60928
-0.505139 -1.6099
-0.499155 -1.61034
-0.493161 -1.6106
-0.487161 -1.61068
-0.481162 -1.61058
-0.475169 -1.6103
-0.469186 -1.60984
-0.46322 -1.6092
-0.457276 -1.60838
-0.45136 -1.60738
-0.445476 -1.60621
-0.433826 -1.60334
-0.433826 -1.60334
-0.428071 -1.60164
-0.42237 -1.59977
-0.416727 -1.59773
-0.411148 -1.59552
-0.40017 -1.59068
-0.40017 -1.59068
-0.389394 -1.5854
-0.378753 -1.57985
-0.373451 -1.57705
-0.368148 -1.57424
-0.362845 -1.57143
-0.357542 -1.56862
-0.352239 -1.56582
-0.346936 -1.56301
-0.341633 -1.5602
-0.33633 -1.5574
-0.331027 -1.55459
-0.325724 -1.55178
-0.320421 -1.54898
-0.315118 -1.54617
-0.309815 -1.54336
-0.304512 -1.54056
-0.299209 -1.53775
-0.293906 -1.53494
-0.288603 -1.53214
-0.2833 -1.52933
-0.277997 -1.52652
-0.272694 -1.52371
-0.267391 -1.52091
-0.262088 -1.5181
-0.256785 -1.51529
-0.251482 -1.51249
-0.246179 -1.50968
-0.235566 -1.50408
-0.230236 -1.50133
-0.224878 -1.49863
-0.219493 -1.49598
-0.214082 -1.49339
-0.208645 -1.49085
-0.203184 -1.48836
-0.197697 -1.48594
-0.192193 -1.48355
-0.186683 -1.48117
-0.181172 -1.4788
-0.175662 -1.47643
-0.170152 -1.47405
-0.164641 -1.47168
-0.159131 -1.4693
-0.153621 -1.46693
-0.142141 -1.46198
-0.135712 -1.45921
-0.122396 -1.45348
-0.107242 -1.44695
-0.0989767 -1.44339
-0.0907112 -1.43982
-0.0824458 -1.43626
-0.0741803 -1.4327
-0.0659148 -1.42914
-0.0576493 -1.42558
-0.0493839 -1.42202
-0.0411184 -1.41846
-0.0328529 -1.4149
-0.0245875 -1.41133
-0.0245875 -1.41133
-0.00805651 -1.40421
-0.00805651 -1.40421
0.00847444 -1.39709
0.0167399 -1.39353
0.0167399 -1.39353
0.0250054 -1.38997
0.0415363 -1.38285
0.0415363 -1.38285
0.0498018 -1.37928
0.0580673 -1.37572
0.0663327 -1.37216
0.0745982 -1.3686
0.0828637 -1.36504
0.0911292 -1.36148
0.0993946 -1.35792
0.10766 -1.35436
0.115926 -1.35079
0.124191 -1.34723
0.132457 -1.34367
0.140722 -1.34011
0.148987 -1.33655
0.157253 -1.33299
0.165518 -1.32943
0.173784 -1.32587
0.182049 -1.32231
0.190315 -1.31874
0.19858 -1.31518
0.206846 -1.31162
0.215111 -1.30806
0.223377 -1.3045
0.231642 -1.30094
0.239908 -1.29738
0.248173 -1.29382
0.256439 -1.29025
0.264704 -1.28669
0.27297 -1.28313
0.281235 -1.27957
0.289501 -1.27601
0.297766 -1.27245
0.306031 -1.26889
0.314297 -1.26533
0.322562 -1.26177
0.330828 -1.2582
0.339093 -1.25464
0.347359 -1.25108
0.355624 -1.24752
0.36389 -1.24396
0.372155 -1.2404
0.380421 -1.23684
0.388686 -1.23328
0.396952 -1.22971
0.405217 -1.22615
0.413483 -1.22259
0.421748 -1.21903
0.430014 -1.21547
0.438279 -1.21191
0.446544 -1.20835
0.45481 -1.20479
0.463075 -1.20123
0.471341 -1.19766
0.479606 -1.1941
0.487872 -1.19054
0.496137 -1.18698
0.504403 -1.18342
0.512668 -1.17986
0.520934 -1.1763
0.529199 -1.17274
0.537465 -1.16917
0.54573 -1.16561
0.553996 -1.16205
0.562261 -1.15849
0.570527 -1.15493
0.578792 -1.15137
0.587058 -1.14781
0.595323 -1.14425
0.603588 -1.14069
0.611854 -1.13712
0.620119 -1.13356
0.628385 -1.13
0.63665 -1.12644
0.644916 -1.12288
0.653181 -1.11932
0.661447 -1.11576
0.669712 -1.1122
0.677978 -1.10864
0.686243 -1.10507
0.694509 -1.10151
0.702774 -1.09795
0.71104 -1.09439
0.719305 -1.09083
0.727571 -1.08727
0.735836 -1.08371
0.744102 -1.08015
0.752367 -1.07658
0.760632 -1.07302
0.768898 -1.06946
0.777163 -1.0659
0.785429 -1.06234
0.793694 -1.05878
0.80196 -1.05522
0.810225 -1.05166
0.818491 -1.0481
0.826756 -1.04453
0.835022 -1.04097
0.843287 -1.03741
0.851553 -1.03385
0.859818 -1.03029
0.868084 -1.02673
0.876349 -1.02317
0.884615 -1.01961
0.89288 -1.01604
0.901145 -1.01248
0.909411 -1.00892
0.917676 -1.00536
0.925942 -1.0018
0.934207 -0.998239
0.942473 -0.994677
0.950738 -0.991116
0.959004 -0.987555
0.967269 -0.983994
0.975535 -0.980433
0.9838 -0.976872
0.992066 -0.97331
1.00033 -0.969749
1.0086 -0.966188
1.01686 -0.962627
1.02513 -0.959066
1.03339 -0.955505
1.04166 -0.951943
1.04992 -0.948382
1.05819 -0.944821
1.06645 -0.94126
1.07472 -0.937699
1.08299 -0.934137
1.09125 -0.930576
1.09952 -0.927015
1.10778 -0.923454
1.11605 -0.919893
1.12431 -0.916332
1.13258 -0.91277
1.14084 -0.909209
1.14911 -0.905648
1.15738 -0.902087
1.16564 -0.898526
1.17391 -0.894965
1.18217 -0.891403
1.19044 -0.887842
1.1987 -0.884281
1.20697 -0.88072
1.21523 -0.877159
1.2235 -0.873598
1.23176 -0.870036
1.24003 -0.866475
1.2483 -0.862914
1.25656 -0.859353
1.26483 -0.855792
1.27309 -0.85223
1.28136 -0.848669
1.28962 -0.845108
1.29789 -0.841547
1.30615 -0.837986
1.31442 -0.834425
1.32268 -0.830863
1.33095 -0.827302
1.33922 -0.823741
1.34748 -0.82018
1.35575 -0.816619
1.36401 -0.813058
1.37228 -0.809496
1.38054 -0.805935
1.38881 -0.802374
1.39707 -0.798813
1.40534 -0.795252
1.4136 -0.791691
1.42187 -0.788129
1.43014 -0.784568
1.4384 -0.781007
1.44667 -0.777446
1.45493 -0.773885
1.4632 -0.770323
1.47146 -0.766762
1.47973 -0.763201
1.48799 -0.75964
1.49626 -0.756079
1.50453 -0.752518
1.51279 -0.748956
1.52106 -0.745395
1.52932 -0.741834
1.53759 -0.738273
1.54585 -0.734712
1.56237 -0.727569
1.5706 -0.723925
1.5788 -0.720199
1.58694 -0.716371
1.59502 -0.712402
1.60302 -0.708271
1.61093 -0.703981
1.61875 -0.699534
1.62649 -0.694932
1.63413 -0.690175
1.64167 -0.685267
1.64911 -0.680209
1.65646 -0.675003
1.66369 -0.669651
1.67082 -0.664156
1.67784 -0.658519
1.68474 -0.652743
1.69152 -0.64683
1.69819 -0.640783
1.70473 -0.634603
1.71115 -0.628294
1.71744 -0.621858
1.7236 -0.615297
1.72963 -0.608615
1.73552 -0.601813
1.74128 -0.594895
1.7469 -0.587863
1.75237 -0.58072
1.7577 -0.573468
1.76289 -0.566112
1.76793 -0.558654
1.77281 -0.551096
1.77755 -0.543442
1.78213 -0.535695
1.78655 -0.527858
1.79082 -0.519934
1.79493 -0.511926
1.79887 -0.503838
1.80266 -0.495672
1.80628 -0.487432
1.80973 -0.479122
1.81302 -0.470744
1.81614 -0.462302
1.81909 -0.453799
1.82187 -0.445239
1.82448 -0.436625
1.82691 -0.427961
1.82918 -0.41925
1.83126 -0.410495
1.83317 -0.4017
1.83491 -0.392869
1.83647 -0.384005
1.83785 -0.375111
1.83905 -0.366192
1.84007 -0.35725
1.84092 -0.34829
1.84158 -0.339315
1.84207 -0.330328
1.84237 -0.321333
1.8425 -0.312334
1.84245 -0.303334
1.84221 -0.294337
1.8418 -0.285347
1.8412 -0.276366
1.84043 -0.267399
1.83948 -0.25845
1.83835 -0.249521
1.83704 -0.240617
1.83555 -0.231741
1.83389 -0.222896
1.83204 -0.214086
1.83003 -0.205315
1.82784 -0.196586
1.82547 -0.187903
1.82293 -0.179269
1.82022 -0.170687
1.81734 -0.162161
1.81428 -0.153694
1.81106 -0.14529
1.80767 -0.136953
1.80412 -0.128684
1.8004 -0.120489
1.79652 -0.112369
1.79247 -0.104329
1.78827 -0.0963711
1.78391 -0.088499
1.77939 -0.0807157
1.77473 -0.0730126
1.76518 -0.0577599
1.76035 -0.0501635
1.75552 -0.0425672
1.7507 -0.0349708
1.74587 -0.0273744
1.74104 -0.019778
1.73622 -0.0121816
1.73139 -0.00458522
1.72657 0.00301116
1.72174 0.0106075
1.71691 0.0182039
1.71209 0.0258003
1.70726 0.0333967
1.70243 0.0409931
1.69761 0.0485895
1.69278 0.0561859
1.68795 0.0637823
1.68313 0.0713786
1.6783 0.078975
1.67347 0.0865714
1.66865 0.0941678
1.65898 0.109348
1.65407 0.116896
1.64908 0.124382
1.64395 0.131779
1.63868 0.139073
1.63326 0.146259
1.6277 0.153336
1.622 0.1603
1.61616 0.167148
1.61018 0.173879
1.60407 0.180488
1.59784 0.186974
1.59147 0.193334
1.58497 0.199566
1.57836 0.205666
1.57162 0.211633
1.56476 0.217463
1.55779 0.223156
1.55071 0.228708
1.54352 0.234117
1.53622 0.239381
1.52881 0.244499
1.52131 0.249467
1.5137 0.254284
1.50601 0.258948
1.49822 0.263457
1.49034 0.26781
1.48238 0.272004
1.47433 0.276038
1.46621 0.27991
1.45801 0.283619
1.44974 0.287163
1.44139 0.290542
1.43299 0.293752
1.42452 0.296794
1.41599 0.299666
1.4074 0.302367
1.39876 0.304895
1.39008 0.307251
1.38135 0.309432
1.37257 0.311438
1.36376 0.313268
1.35491 0.314921
1.34603 0.316398
1.33713 0.317696
1.3282 0.318816
1.31925 0.319757
1.31028 0.320519
1.3013 0.321102
1.29231 0.321505
1.28331 0.321728
1.27431 0.321771
1.26531 0.321634
1.25632 0.321317
1.23836 0.320166
1.22939 0.3194
1.21148 0.317622
1.20253 0.316676
1.19358 0.315731
1.18463 0.314786
1.17568 0.313841
1.16673 0.312895
1.15777 0.31195
1.14882 0.311005
1.13987 0.31006
1.13092 0.309114
1.12197 0.308169
1.11302 0.307224
1.10407 0.306279
1.09512 0.305333
1.08617 0.304388
1.07722 0.303443
1.06827 0.302498
1.05932 0.301552
1.05037 0.300607
1.04142 0.299662
1.03247 0.298717
1.02352 0.297771
1.01457 0.296826
1.00562 0.295881
1.00562 0.295881
0.996671 0.294936
0.978771 0.293045
0.96982 0.2921
0.96087 0.291155
0.95192 0.290209
0.94297 0.289264
0.934019 0.288319
0.925069 0.287374
0.916119 0.286428
0.907169 0.285483
0.898219 0.284538
0.889268 0.283593
0.889268 0.283593
0.871368 0.281702
0.871368 0.281702
0.862418 0.280757
0.853467 0.279812
0.844517 0.278866
0.835567 0.277921
0.826617 0.276976
0.817666 0.276031
0.808716 0.275085
0.799766 0.27414
0.790816 0.273195
0.781866 0.27225
0.772915 0.271304
0.763965 0.270359
0.755015 0.269414
0.746065 0.268469
0.737114 0.267523
0.728164 0.266578
0.719214 0.265633
0.710264 0.264688
0.701314 0.263742
0.692363 0.262797
0.683413 0.261852
0.674463 0.260907
0.665513 0.259961
0.656562 0.259016
0.647612 0.258071
0.638662 0.257126
0.629712 0.25618
0.620762 0.255235
0.611811 0.25429
0.602861 0.253345
0.593911 0.252399
0.584961 0.251454
0.57601 0.250509
0.56706 0.249564
0.55811 0.248618
0.54916 0.247673
0.54021 0.246728
0.531259 0.245783
0.522309 0.244837
0.513359 0.243892
0.504409 0.242947
0.495458 0.242002
0.486508 0.241056
0.477558 0.240111
0.468608 0.239166
0.459658 0.238221
0.450707 0.237275
0.441757 0.23633
0.432807 0.235385
0.423857 0.23444
0.414906 0.233494
0.405956 0.232549
0.397006 0.231604
0.388056 0.230659
0.379106 0.229713
0.370155 0.228768
0.361205 0.227823
0.352255 0.226878
0.343305 0.225932
0.334354 0.224987
0.325404 0.224042
0.316454 0.223097
0.307504 0.222151
0.298554 0.221206
0.289603 0.220261
0.280653 0.219316
0.271703 0.21837
0.262753 0.217425
0.253802 0.21648
0.235904 0.214567
0.226964 0.213532
0.218035 0.212408
0.209117 0.211195
0.200211 0.209892
0.19132 0.208501
0.182442 0.207021
0.17358 0.205452
0.164734 0.203794
0.155905 0.202048
0.147094 0.200214
0.138301 0.198292
0.129529 0.196282
0.120777 0.194185
0.112046 0.192
0.103337 0.189728
0.094652 0.187369
0.0859907 0.184923
0.0773543 0.182391
0.0687437 0.179772
0.0601597 0.177067
0.0516031 0.174277
0.0430749 0.171401
0.0345759 0.168441
0.0261068 0.165395
0.0176687 0.162265
0.00926233 0.15905
0.000888489 0.155752
-0.00745195 0.15237
-0.0157581 0.148905
-0.0240293 0.145357
-0.0322645 0.141727
-0.040463 0.138014
-0.048624 0.134219
-0.0567467 0.130343
-0.0567467 0.130343
-0.0567467 0.130343
-0.0567467 0.130343
-0.0567467 0.130343
-0.0567467 0.130343
-0.0567467 0.130343
-0.0567467 0.130343
-0.0567467 0.130343
-0.0567467 0.130343
-0.0567467 0.130343
-0.0567467 0.130343
-0.0567467 0.130343
-0.0567467 0.130343
-0.0567467 0.130343
-0.0567467 0.130343
-0.0567467 0.130343
-0.0567467 0.130343
-0.0567467 0.130343
-0.0567467 0.130343
-0.0567467 0.130343
-0.0567467 0.130343
-0.0567467 0.130343
-0.0567467 0.130343
-0.0567467 0.130343
-0.0567467 0.130343
-0.0567467 0.130343
-0.0567467 0.130343
-0.0567467 0.130343
-0.0567467 0.130343
-0.0567467 0.130343
-0.0567467 0.130343
-0.0567467 0.130343
-0.0567467 0.130343
-0.0567467 0.130343
-0.0567467 0.130343
-0.0567467 0.130343
-0.0567467 0.130343
-0.0567467 0.130343
-0.0567467 0.130343
-0.0567467 0.130343
-0.0567467 0.130343
-0.0567467 0.130343
-0.0567467 0.130343
-0.0567467 0.130343
-0.0567467 0.130343
-0.0567467 0.130343
-0.0567467 0.130343
-0.0567467 0.130343
-0.0567467 0.130343
-0.0567467 0.130343
-0.0567467 0.130343
-0.0567467 0.130343
-0.0567467 0.130343
-0.0567467 0.130343
-0.0567467 0.130343
-0.0567467 0.130343
-0.0567467 0.130343
-0.0567467 0.130343
-0.0567467 0.130343
-0.0567467 0.130343
-0.0567467 0.130343
-0.0567467 0.130343
-0.0567467 0.130343
-0.0567467 0.130343
-0.0567467 0.130343
-0.0567467 0.130343
-0.0567467 0.130343
-0.0567467 0.130343
-0.0567467 0.130343
-0.0567467 0.130343
-0.0567467 0.130343
-0.0567467 0.130343
-0.0567467 0.130343
-0.0567467 0.130343
-0.0567467 0.130343
-0.0567467 0.130343
-0.0567467 0.130343
-0.0567467 0.130343
-0.0567467 0.130343
-0.0567467 0.130343
-0.0567467 0.130343
