0
0
0
0
0
0
0
0
0
0
0
0
0
0
0
0
0
0
0
0
0
0
0
0
0
0
0
0
0
0
0
0
0
0
0
0
0
0
0
0
0
0
0
0
0
0
0
0
0
0
0
0
0
0
0
0
0
0
0
0
0
0
0
0.00190234
0.00190424
0.00190611
0.00190736
0.0019092
0.00191102
0.00191221
0.001914
0.00191576
0.0019181
0.00191924
0.00192154
0.00192322
0.00192433
0.00192655
0.00192763
0.00192925
0.00193086
0.00193298
0.00193402
0.00193611
0.00193712
0.00193965
0.00194066
0.00194263
0.00194361
0.00144517
0.0010481
0.00304321
0.00503506
0.00703427
0.00868099
0.0100569
0.00968387
0.0104035
0.0103063
0.0117462
0.0113837
0.0118029
0.0132019
0.011912
0.0178001
0.0185213
0.0187305
0.0170432
0.0170381
0.0187278
0.0169909
0.0186645
0.0186153
0.0185562
0.0167681
0.0184259
0.0166589
0.018337
0.0167085
0.0186928
0.0172375
0.0189782
0.0173672
0.0174288
0.0174823
0.0192106
0.0175544
0.0175719
0.0192755
0.0175693
0.0192563
0.0175172
0.0191881
0.0174187
0.0190763
0.0172908
0.0172332
0.0171912
0.0188721
0.0173575
0.0193449
0.0177924
0.0195334
0.0179269
0.0196651
0.0180413
0.0197659
0.018111
0.0198188
0.0181308
0.018122
0.0181009
0.0180677
0.0197337
0.0179683
0.0196217
0.0195586
0.0195025
0.0177602
0.0177599
0.0180594
0.0183204
0.0167719
0.0184593
0.0201958
0.0202614
0.0203181
0.0203634
0.0203965
0.0187342
0.0204255
0.0187312
0.0187132
0.017113
0.0187825
0.0172308
0.0189394
0.0207182
0.020856
0.02107
0.0201713
0.0204477
0.0205973
0.0223617
0.0208775
0.0210987
0.0229424
0.0215282
0.0217358
0.021938
0.0237656
0.0223171
0.0241312
0.0226733
0.0244876
0.0231605
0.0250248
0.0235957
0.0237794
0.023951
0.0241085
0.0258839
0.0243808
0.0261319
0.0245968
0.0263238
0.0247605
0.0264653
0.0248877
0.0265854
0.0250683
0.0269458
0.0256557
0.027396
0.0262422
0.0331268
0.0336707
0.0386854
0.0371171
0.0371304
0.0387889
0.0371008
0.0387513
0.0387173
0.0386733
0.0369269
0.0385631
0.0368079
0.0384484
0.0368518
0.0372185
0.0356735
0.0372827
0.0372533
0.0372355
0.0389243
0.0375163
0.0393962
0.0377565
0.0377861
0.0394981
0.037828
0.0378361
0.0378338
0.0395246
0.0377995
0.0394799
0.0394502
0.0394206
0.0376946
0.0394939
0.0382983
0.0400589
0.0388643
0.0412757
0.0459956
0.0490593
0.047886
0.0503586
0.0480703
0.0481257
0.0481673
0.048194
0.045909
0.0482162
0.050593
0.0506246
0.0509275
0.0487149
0.0511148
0.0488496
0.0513316
0.0493051
0.0517326
0.049519
0.0496119
0.0520122
0.0497546
0.052131
0.0498558
0.0522245
0.0501048
0.0526786
0.0505195
0.0529095
0.0530254
0.051092
0.051305
0.053712
0.0538556
0.0539887
0.0518532
0.0542124
0.0520518
0.0521438
0.0544814
0.052535
0.0550476
0.0551963
0.0553428
0.0533325
0.0558428
0.0539511
0.0541459
0.0543319
0.0566727
0.0546652
0.056976
0.0549486
0.0550853
0.0573729
0.055614
0.0580321
0.0561011
0.0584086
0.0586265
0.059037
0.0572445
0.0595496
0.0577079
0.0599862
0.0581225
0.0583103
0.058491
0.0586722
0.0588802
0.0612612
0.059618
0.0618585
0.0601179
0.0604624
0.0628475
0.0611752
0.0634084
0.0617173
0.0619705
0.0622102
0.0643832
0.0626608
0.0610428
0.063162
0.0654837
0.0658442
0.0661191
0.0664104
0.0667529
0.0653907
0.0675562
0.0678654
0.0681652
0.0666178
0.0687268
0.067162
0.0692447
0.0676891
0.0697827
0.0685424
0.0706403
0.0691986
0.0712941
0.0700422
0.0721969
0.070817
0.071165
0.0715025
0.0718273
0.0738551
0.0724432
0.0744463
0.0730465
0.0734752
0.0739683
0.075982
0.0746985
0.0767164
0.0756354
0.0760529
0.0780572
0.0768219
0.0788006
0.0775489
0.0794971
0.0782326
0.080158
0.0789097
0.080903
0.0798885
0.0818286
0.0806961
0.0811358
0.0817118
0.0836528
0.0855666
0.0844738
0.0833687
0.085255
0.0841328
0.0859926
0.0848951
0.0918136
0.0911972
0.0935494
0.0926348
0.0932917
0.0939485
0.0946115
0.0954337
0.0961466
0.098516
0.0973859
0.0997804
0.10217
0.10117
0.100107
0.100709
0.101293
0.101856
0.104335
0.102918
0.105399
0.103897
0.102408
0.104825
0.107342
0.107992
0.108767
0.107346
0.107888
0.108415
0.108929
0.111576
0.110027
0.110553
0.111051
0.113708
0.112093
0.112833
0.113291
0.115943
0.114104
0.116719
0.114781
0.115071
0.115333
0.115577
0.115825
0.118392
0.116904
0.1197
0.115553
0.117998
0.118212
0.118392
0.120809
0.12092
0.120996
0.11879
0.121091
0.119071
0.121311
0.119076
0.119025
0.118937
0.118813
0.118656
0.11847
0.120401
0.118048
0.119931
0.118002
0.120001
0.117826
0.117607
0.119314
0.117088
0.118689
0.11833
0.117943
0.117534
0.117121
0.115198
0.116499
0.116
0.115468
0.113265
0.114303
0.112103
0.113013
0.110835
0.111642
0.113123
0.11254
0.113414
0.111221
0.114294
0.11361
0.114517
0.113818
0.111481
0.110752
0.111669
0.109268
0.108517
0.107766
0.107026
0.108025
0.105667
0.106857
0.106401
0.105793
0.103456
0.10457
0.102194
0.10332
0.100899
0.102035
0.0995682
0.0988949
0.100054
0.0975707
0.0987999
0.0982173
0.0978907
0.0956469
0.0969751
0.0945829
0.0940435
0.0916707
0.0929387
0.0923722
0.0917965
0.0912126
0.0906268
0.0920221
0.0914643
0.0909612
0.0885999
0.0903338
0.0879988
0.0875656
0.0891447
0.0866846
0.0862314
0.0857686
0.0873698
0.0848164
0.08642
0.0859689
0.0855124
0.0830415
0.084684
0.08228
0.0841124
0.0820811
0.083775
0.0814083
0.081058
0.0806953
0.0803192
0.0819703
0.0795346
0.0811761
0.0807882
0.0804545
0.0780284
0.0776265
0.0792582
0.0768264
0.0764999
0.0821284
0.0840533
0.0816014
0.0833597
0.0807828
0.0825628
0.0799571
0.081791
0.0793117
0.0812017
0.0785535
0.0804778
0.0778374
0.0798602
0.077638
0.0797203
0.0748803
0.0768969
0.0766411
0.0763806
0.078509
0.0782538
0.0780005
0.0753396
0.0751457
0.0726829
0.0749169
0.0728959
0.0751616
0.0774972
0.0750486
0.0726558
0.0749172
0.0842485
0.08169
0.0839526
0.0813445
0.0836016
0.0810528
0.0833613
0.0812894
0.0836056
0.083579
0.0836203
0.0813594
0.0813894
0.0879991
0.0880236
0.0859706
0.0881629
0.0861604
0.088345
0.0906275
0.0886817
0.0909192
0.0889742
0.0911753
0.0892559
0.0914349
0.0917055
0.0924208
0.0910141
0.0932799
0.0916332
0.0919523
0.0942091
0.0926884
0.0949498
0.0934021
0.0956527
0.0959929
0.0963225
0.0947607
0.0969714
0.0955921
0.0980347
0.0966589
0.0970409
0.0992568
0.0978223
0.100034
0.1005
0.100925
0.10135
0.101769
0.100404
0.102579
0.101212
0.103373
0.103879
0.104606
0.103381
0.105555
0.104306
0.106473
0.105276
0.107493
0.106327
0.108487
0.107328
0.109462
0.108294
0.110407
0.109267
0.111508
0.115973
0.116431
0.118498
0.11725
0.119278
0.11818
0.118657
0.119124
0.121083
0.120043
0.121948
0.120944
0.122794
0.121843
0.12365
0.122892
0.124844
0.124236
0.126043
0.125499
0.127265
0.127859
0.128502
0.128115
0.128863
0.128573
0.130368
0.132245
0.131839
0.133738
0.133421
0.135488
0.135131
0.137124
0.141285
0.143489
0.143132
0.145411
0.144964
0.147273
0.146721
0.14906
0.148452
0.150982
0.150439
0.151296
0.153747
0.152955
0.155426
0.154545
0.157037
0.156086
0.15859
0.157622
0.160201
0.165662
0.166506
0.169122
0.167913
0.170444
0.169174
0.171681
0.172288
0.172887
0.171603
0.174068
0.172804
0.175274
0.174084
0.176693
0.175712
0.178236
0.177195
0.177929
0.180425
0.179373
0.181845
0.186981
0.188013
0.188784
0.191582
0.190352
0.191171
0.194081
0.193141
0.195996
0.194973
0.19588
0.196778
0.199583
0.207436
0.208878
0.209956
0.210903
0.20972
0.21079
0.210017
0.213134
0.216313
0.21533
0.216416
0.217493
0.218562
0.219626
0.222719
0.221771
0.222876
0.226066
0.225451
0.228592
0.227861
0.230975
0.232155
0.233327
0.236355
0.235651
0.23494
0.237992
0.237397
0.238866
0.241985
0.241501
0.244582
0.244101
0.247154
0.246673
0.249698
0.250964
0.252239
0.251829
0.254915
0.254818
0.257878
0.257639
0.259042
0.262064
0.261826
0.264822
0.266194
0.267567
0.26738
0.270363
0.270476
0.272007
0.275025
0.275018
0.278013
0.278006
0.280975
0.280972
0.283919
0.283946
0.292761
0.299066
0.302554
0.304522
0.306443
0.306707
0.310192
0.310302
0.313804
0.313765
0.317293
0.317262
0.320866
0.320682
0.324335
0.324306
0.325918
0.327491
0.331126
0.330521
0.334159
0.333483
0.334917
0.338575
0.337681
0.336753
0.340307
0.34396
0.342945
0.346782
0.345645
0.344563
0.348149
0.35182
0.35296
0.354053
0.355097
0.353465
0.354391
0.35796
0.358871
0.359937
0.358242
0.362003
0.360165
0.363734
0.361748
0.362467
0.365957
0.363783
0.367389
0.365532
0.36901
0.366708
0.370095
0.370541
0.370934
0.368459
0.371751
0.369242
0.369639
0.369837
0.369962
0.370009
0.36998
0.369874
0.369693
0.372429
0.369272
0.372072
0.368748
0.365465
0.367802
0.364481
0.366716
0.366087
0.365409
0.375047
0.371541
0.370615
0.376992
0.378822
0.382365
0.376643
0.372537
0.374428
0.370628
0.372736
0.368849
0.371027
0.3672
0.36942
0.365586
0.364801
0.367112
0.363311
0.365729
0.362338
0.373407
0.361267
0.363859
0.360319
0.363014
0.362637
0.362276
0.358848
0.35857
0.364488
0.367353
0.370326
0.367237
0.370227
0.36714
0.370159
0.367411
0.370468
0.367451
0.370512
0.367538
0.370662
0.36778
0.370915
0.368042
0.371181
0.368325
0.36869
0.369045
0.369249
0.372446
0.3697
0.372931
0.370292
0.373565
0.37094
0.374213
0.37454
0.374889
0.372675
0.376043
0.376449
0.373959
0.377307
0.374917
0.375436
0.375961
0.376486
0.377013
0.380418
0.378297
0.381921
0.379707
0.380331
0.378242
0.381666
0.382381
0.383109
0.386621
0.384569
0.385306
0.388825
0.387164
0.388029
0.388853
0.392414
0.390556
0.394169
0.389811
0.393343
0.396948
0.395212
0.398817
0.39728
0.401095
0.399517
0.403162
0.401613
0.402715
0.406402
0.404974
0.408662
0.407244
0.410924
0.40998
0.414669
0.41644
0.417842
0.416535
0.420713
0.416921
0.421047
0.425245
0.42676
0.428285
0.427346
0.441474
0.454501
0.457212
0.456416
0.461523
0.460412
0.46241
0.467485
0.466557
0.471744
0.470835
0.475951
0.475155
0.480296
0.479578
0.4847
0.481272
0.486451
0.491617
0.491109
0.496261
0.495873
0.501045
0.500706
0.505857
0.505602
0.510884
0.510732
0.515911
0.515843
0.518442
0.521048
0.526225
0.528821
0.521397
0.53174
0.536932
0.527244
0.542381
0.542716
0.538055
0.538495
0.541324
0.546589
0.547221
0.552416
0.553077
0.558288
0.561254
0.564219
0.564984
0.568013
0.569076
0.574204
0.577284
0.580394
0.585594
0.586645
0.583547
0.582074
0.582073
0.582072
0.582072
0.582071
0.582373
0.582803
0.584191
0.585214
0.586145
0.586266
0.589334
0.59118
0.592268
0.593259
0.594942
0.595963
0.597141
0.59834
0.599459
0.599847
0.601597
0.605147
0.606328
0.608207
0.608728
0.60991
0.611076
0.612979
0.613331
0.614391
0.616267
0.616566
0.618483
0.618704
0.619755
0.62082
0.622912
0.623931
0.626676
0.632063
0.635332
0.635514
0.638363
0.638137
0.640942
0.640572
0.643329
0.642817
0.643873
0.644895
0.645927
0.646988
0.647932
0.650565
0.651447
0.65226
0.663232
0.665808
0.665319
0.667936
0.666761
0.669215
0.668083
0.670553
0.669479
0.670212
0.678609
0.677803
0.680599
0.679975
0.680914
0.681868
0.684503
0.683907
0.68677
0.686277
0.688929
0.688282
0.685084
0.684432
0.691252
0.686403
0.689032
0.688376
0.689382
0.690548
0.691611
0.694272
0.693716
0.696394
0.695912
0.698765
0.698522
0.701216
0.700736
0.703423
0.704519
0.705608
0.705105
0.707771
0.707271
0.709938
0.709579
0.712342
0.711919
0.714619
0.714236
0.716956
0.716807
0.719709
0.719414
0.722136
0.721804
0.724516
0.72417
0.725342
0.726512
0.727683
0.730377
0.730106
0.732917
0.734151
0.735378
0.736617
0.737874
0.737776
0.740713
0.740616
0.741894
0.741747
0.744436
0.747163
0.74695
0.748199
0.749448
0.749286
0.751979
0.754802
0.754709
0.756015
0.757334
0.758669
0.760054
0.762982
0.763096
0.765853
0.76579
0.768537
0.768462
0.769787
0.772515
0.772424
0.775147
0.776466
0.777868
0.779317
0.780681
0.780686
0.782081
0.784851
0.79052
0.793395
0.793528
0.801946
0.80217
0.805146
0.805248
0.808174
0.808099
0.809602
0.809395
0.812164
0.814965
0.816093
0.817144
0.816395
0.817263
0.818055
0.820575
0.819418
0.821847
0.82073
0.823264
0.821867
0.822247
0.824453
0.82282
0.821399
0.823381
0.82343
0.823404
0.825247
0.823155
0.824897
0.823116
0.824744
0.824334
0.823843
0.821346
0.82262
0.824852
0.830833
0.827871
0.826837
0.825784
0.824733
0.825726
0.822671
0.819763
0.820817
0.822117
0.81948
0.820609
0.819746
0.818881
0.81801
0.817133
0.814224
0.815353
0.812416
0.813542
0.812625
0.811707
0.808747
0.809895
0.807016
0.806212
0.812744
0.810482
0.811804
0.809039
0.808326
0.807629
0.809011
0.80835
0.807698
0.804989
0.804394
0.80587
0.803223
0.800647
0.80209
0.801566
0.807201
0.807857
0.807679
0.810034
0.815548
0.820479
0.818541
0.817951
0.817357
0.819826
0.816161
0.815575
0.81503
0.817596
0.814485
0.814115
0.81375
0.816412
0.813017
0.815684
0.812271
0.811895
0.814574
0.81118
0.81089
0.810912
0.813891
0.81076
0.813622
0.813494
0.813362
0.81022
0.813093
0.809942
0.809818
0.812734
0.80977
0.813017
0.813209
0.813318
0.813433
0.813546
0.810695
0.813769
0.81091
0.811025
0.814125
0.811362
0.81464
0.815243
0.815599
0.815963
0.813427
0.81097
0.814153
0.814516
0.814882
0.818167
0.815686
0.819041
0.81708
0.817712
0.821165
0.818955
0.822414
0.820202
0.823664
0.821452
0.824921
0.825571
0.826265
0.824435
0.82821
0.826331
0.829972
0.828103
0.82899
0.832635
0.830768
0.834416
0.83257
0.83625
0.837237
0.838524
0.842364
0.840909
0.83939
0.840541
0.841693
0.845512
0.844003
0.845167
0.846357
0.847595
0.849067
0.850615
0.854592
0.853428
0.854841
0.856255
0.860236
0.859087
0.863069
0.861944
0.865953
0.864963
0.869231
0.868522
0.870187
0.874322
0.873527
0.87766
0.879331
0.881004
0.880233
0.884377
0.883693
0.887938
0.887704
0.889614
0.889249
0.893455
0.897728
0.897301
0.899226
0.901156
0.903099
0.905076
0.909394
0.911628
0.913886
0.913794
0.918198
0.918122
0.92252
0.922453
0.926848
0.926799
0.928996
0.933421
0.933639
0.938286
0.940684
0.943074
0.943346
0.94786
0.948141
0.950541
0.955049
0.955361
0.959884
0.960302
0.965018
0.965717
0.968332
0.970952
0.975572
0.976192
0.980805
0.981437
0.986046
0.986715
0.991349
0.992221
0.995178
0.998001
1.00083
1.00555
1.00649
1.0112
1.01216
1.01686
1.0197
1.02256
1.02363
1.0285
1.02985
1.03465
1.03591
1.03894
1.04373
1.04501
1.04979
1.05108
1.05587
1.06061
1.06043
1.06541
1.06698
1.07186
1.07343
1.07665
1.07987
1.08473
1.08633
1.08956
1.09443
1.09611
1.0996
1.10305
1.10799
1.10985
1.11479
1.11666
1.12006
1.13288
1.1348
1.13828
1.14176
1.14541
1.14913
1.15427
1.15615
1.16124
1.16461
1.16613
1.1693
1.17424
1.17542
1.17855
1.18347
1.18439
1.18922
1.18996
1.19477
1.19742
1.19998
1.20027
1.20487
1.20723
1.2095
1.20935
1.21141
1.21577
1.21525
1.2195
1.21878
1.22297
1.22243
1.2266
1.22556
1.22696
1.22826
1.22947
1.23057
1.23157
1.23521
1.23331
1.23685
1.2377
1.23836
1.23626
1.23697
1.24022
1.23773
1.23797
1.23811
1.24106
1.23832
1.2412
1.24104
1.24078
1.23746
1.23996
1.23646
1.23884
1.23537
1.23763
1.23413
1.23628
1.23237
1.23431
1.23018
1.22893
1.22465
1.22613
1.22762
1.22306
1.22462
1.22003
1.22131
1.21653
1.21463
1.2156
1.21055
1.21133
1.20906
1.20674
1.20169
1.1992
1.19954
1.19396
1.19125
1.18847
1.18864
1.18583
1.183
1.1773
1.17463
1.17184
1.172
1.16626
1.16346
1.16067
1.16087
1.15519
1.1525
1.14984
1.15016
1.14469
1.14216
1.13667
1.13695
1.13434
1.13174
1.13841
1.13285
1.13326
1.13356
1.12524
1.12278
1.12024
1.12033
1.1146
1.11449
1.11143
1.10827
1.10221
1.09891
1.09555
1.09494
1.08917
1.08574
1.07967
1.07866
1.07763
1.07387
1.07003
1.06355
1.05961
1.05569
1.05163
1.04515
1.04334
1.04153
1.03519
1.03322
1.02658
1.02444
1.01779
1.01558
1.00888
1.0064
0.999634
0.996967
0.99216
0.987299
0.984296
0.975636
0.972715
0.966155
0.962966
0.956254
0.9529
0.946187
0.939589
0.935964
0.932284
0.925617
0.920646
0.913942
0.908593
0.901892
0.89798
0.891252
0.887277
0.880537
0.876561
0.869802
0.864434
0.859132
0.855235
0.848419
0.843019
0.837679
0.832302
0.825552
0.821547
0.817597
0.810773
0.805382
0.800002
0.796141
0.789329
0.783904
0.777125
0.773143
0.76775
0.762356
0.758441
0.751553
0.74764
0.742236
0.736855
0.731579
0.726155
0.719196
0.713828
0.706946
0.703016
0.699149
0.692194
0.688331
0.681355
0.677504
0.67218
0.666829
0.659794
0.655958
0.650591
0.643588
0.636628
0.632764
0.627344
0.62192
0.618134
0.611141
0.607468
0.603673
0.59661
0.589578
0.584171
0.577145
0.573363
0.566312
0.56254
0.555469
0.551723
0.546455
0.541066
0.537397
0.530255
0.526663
0.519518
0.515922
0.508757
0.505179
0.497984
0.494427
0.487285
0.48204
0.476646
0.473137
0.465978
0.462524
0.455312
0.449984
0.444655
0.439324
0.432118
0.428684
0.423527
0.418262
0.414953
0.407689
0.404493
0.397235
0.394048
0.386772
0.381545
0.374298
0.37111
0.368055
0.360958
0.357941
0.350618
0.347733
0.340487
0.33764
0.332606
0.327562
0.320259
0.315213
0.312414
0.30532
0.302516
0.295183
0.292357
0.287299
0.280065
0.275022
0.272222
0.264926
0.262129
0.254935
0.252284
0.244967
0.242176
0.234806
0.232024
0.224641
0.22195
0.21464
0.20965
0.204694
0.199947
0.19741
0.190112
0.187561
0.180232
0.177735
0.170389
0.165505
0.160659
0.158418
0.148977
0.144566
0.141367
0.140281
0.139518
0.138826
0.138832
0.138879
0.138901
0.138943
0.138975
0.139007
0.139028
0.13907
0.139091
0.139123
0.139155
0.139198
0.13923
0.139251
0.139294
0.139315
0.139357
0.139379
0.139421
0.139443
0.139475
0.139507
0.139539
0.139571
0.139613
0.139635
0.139678
0.139699
0.139742
0.139763
0.139763
0.139763
0.139763
0.139763
0.139763
0.139763
0.139763
0.139763
0.139763
0.139763
0.139763
0.139763
0.139763
0.139763
0.139763
0.139763
0.139763
0.139763
0.139763
0.139763
0.139763
0.139763
0.139763
0.139763
0.139763
0.139763
0.139763
0.139763
0.139763
0.139763
0.139763
