0 0
0 0
0 0
0 0
0 0
0 0
0 0
0 0
0 0
0 0
0 0
0 0
0 0
0 0
0 0
0 0
0 0
0 0
0 0
0 0
0 0
0 0
0 0
0 0
0 0
0 0
0 0
0 0
0 0
0 0
0 0
0 0
0 0
0 0
0 0
0 0
0 0
0 0
0 0
0 0
0 0
0 0
0 0
0 0
0 0
0 0
0 0
0 0
0 0
0 0
0 0
0 0
0 0
0 0
0 0
0 0
0 0
0 0
0 0
0 0
0 0
0 0
0 0
0 0
0 0
0 0
0 0
0 0
0 0
0 0
0 0
0 0
0 0
0 0
0.00189897 -8.91347e-05
0.00190089 -8.88442e-05
0.0019028 -8.85533e-05
0.00190406 -8.83581e-05
0.00190593 -8.80664e-05
0.00190778 -8.77745e-05
0.00190961 -8.74822e-05
0.00191083 -8.72862e-05
0.00191321 -8.68969e-05
0.0019144 -8.67006e-05
0.00191673 -8.63106e-05
0.0019179 -8.6114e-05
0.00191962 -8.58204e-05
0.00192132 -8.55266e-05
0.00192356 -8.51355e-05
0.00192522 -8.48412e-05
0.00192632 -8.46438e-05
0.00192849 -8.42519e-05
0.00192957 -8.40545e-05
0.00193169 -8.36624e-05
0.00193275 -8.34649e-05
0.00193483 -8.30726e-05
0.00193586 -8.28748e-05
0.0019379 -8.24822e-05
0.00193941 -8.21869e-05
0.0019409 -8.18914e-05
0.00194238 -8.1596e-05
0.00195241 -8.5115e-05
0.00195706 -9.97782e-05
0.00196789 -0.0001723
0.00196688 -0.000164047
0.00198479 -0.000153177
0.00258224 -0.000142225
0.00343026 -0.000143652
0.00531725 -0.000147365
0.00725707 -0.000150751
0.00995191 -0.000158004
0.0115825 -0.000160229
0.0157512 -0.000168471
0.0181984 -0.00017309
0.0234425 -0.000182629
0.0273947 -0.000189469
0.0300478 -0.000193941
0.0361272 -0.000204933
0.0394654 -0.000211243
0.0461085 -0.000224401
0.0494634 -0.000231488
0.0561396 -0.000246781
0.0611736 -0.000259642
0.0678868 -0.000278687
0.0712756 -0.000289266
0.07634 -0.000306832
0.0814065 -0.000326389
0.084797 -0.000340231
0.0915072 -0.00037062
0.0948738 -0.000387103
0.101315 -0.000424351
0.104376 -0.000437855
0.110899 -0.00047037
0.114206 -0.000488426
0.12077 -0.000522751
0.12408 -0.000539402
0.130662 -0.000572168
0.133985 -0.000588363
0.140599 -0.000620308
0.14394 -0.000636452
0.150587 -0.000668958
0.1556 -0.000694071
0.160625 -0.000720014
0.167327 -0.000756186
0.170711 -0.000775274
0.17577 -0.000805072
0.179164 -0.000826109
0.185902 -0.000870259
0.18929 -0.000893234
0.195994 -0.000942137
0.199355 -0.000965879
0.205669 -0.00101809
0.208796 -0.00104313
0.21537 -0.0010952
0.220304 -0.00113662
0.225241 -0.00117678
0.228552 -0.00120337
0.235138 -0.00125567
0.238463 -0.00128174
0.245081 -0.00133331
0.250072 -0.00137221
0.255076 -0.00141145
0.258435 -0.00143804
0.26512 -0.00149183
0.268496 -0.00151957
0.275213 -0.00157624
0.280275 -0.00162062
0.28367 -0.00165145
0.290406 -0.00171464
0.293792 -0.00174716
0.300489 -0.00181509
0.303837 -0.00184842
0.310051 -0.00191601
0.316544 -0.00198776
0.319851 -0.00202611
0.324785 -0.00208271
0.328093 -0.00211995
0.334668 -0.00219331
0.337988 -0.00223
0.344594 -0.00230244
0.34793 -0.00233889
0.352919 -0.00239342
0.357922 -0.00244829
0.364595 -0.00252216
0.367964 -0.0025599
0.374597 -0.0026148
0.379563 -0.0026096
0.384507 -0.00255203
0.38941 -0.00242058
0.392679 -0.00228029
0.399132 -0.00187795
0.402206 -0.00162775
0.406573 -0.00122159
0.411282 -0.000711107
0.417709 0.000130806
0.420969 0.000619035
0.427278 0.0016831
0.43043 0.00228075
0.438201 0.00394411
0.441323 0.00468984
0.447493 0.00629762
0.450585 0.00717093
0.453669 0.00808925
0.45976 0.0100412
0.464306 0.0116201
0.468815 0.0132905
0.47327 0.0150494
0.477559 0.0168379
0.480494 0.0181149
0.48485 0.0200961
0.489173 0.0221657
0.494872 0.0250563
0.499117 0.0273341
0.503327 0.0297009
0.5075 0.0321562
0.511633 0.0346995
0.517065 0.038217
0.519772 0.0400466
0.523773 0.0428477
0.527722 0.0457307
0.530336 0.0477052
0.535432 0.0517144
0.539104 0.0547424
0.542565 0.057695
0.546145 0.060859
0.548497 0.0630092
0.552777 0.0670935
0.554816 0.0691379
0.559022 0.073543
0.56124 0.0759281
0.56563 0.0807325
0.567859 0.0831941
0.572294 0.0880963
0.575634 0.0917936
0.580087 0.0967271
0.582334 0.0992192
0.585693 0.102946
0.589056 0.10668
0.59131 0.109183
0.595785 0.114153
0.599137 0.11788
0.602319 0.121402
0.604394 0.123677
0.608811 0.128472
0.612209 0.132148
0.614485 0.134606
0.618995 0.139473
0.621252 0.14191
0.625483 0.146496
0.627674 0.148883
0.632124 0.153738
0.634367 0.156187
0.638823 0.161057
0.642179 0.164729
0.64443 0.167195
0.648908 0.172104
0.651168 0.174584
0.655662 0.179518
0.660162 0.184462
0.66243 0.186954
0.664697 0.189446
0.669167 0.194361
0.671293 0.196688
0.675517 0.201256
0.677802 0.203707
0.682437 0.20867
0.684953 0.211358
0.690349 0.217126
0.693072 0.220048
0.698786 0.226255
0.70348 0.231388
0.708178 0.236528
0.711329 0.239979
0.717595 0.246848
0.720758 0.250318
0.727047 0.257222
0.731779 0.262419
0.734948 0.265901
0.74111 0.272662
0.744164 0.275985
0.750475 0.282814
0.75366 0.286254
0.759962 0.293059
0.76303 0.296378
0.769227 0.303107
0.772383 0.306535
0.778652 0.313354
0.781814 0.316797
0.788103 0.323651
0.792842 0.328821
0.797588 0.334001
0.802336 0.339185
0.807075 0.344362
0.811659 0.349352
0.81633 0.354389
0.8211 0.359518
0.824295 0.362947
0.830597 0.369715
0.836731 0.376326
0.839894 0.379744
0.843059 0.383164
0.849348 0.389969
0.852521 0.393405
0.857264 0.398546
0.862016 0.403701
0.868347 0.410573
0.871538 0.414037
0.877852 0.420895
0.882425 0.425837
0.88557 0.429208
0.891933 0.436012
0.895136 0.439431
0.901424 0.446148
0.906038 0.451094
0.910776 0.456185
0.913951 0.459597
0.920261 0.466387
0.923445 0.469816
0.929776 0.476642
0.932972 0.48009
0.939323 0.486946
0.942523 0.490401
0.948835 0.497218
0.953417 0.502133
0.958188 0.507212
0.962986 0.51231
0.966197 0.515718
0.972464 0.522378
0.975559 0.525678
0.981877 0.532428
0.985062 0.535833
0.991392 0.542608
0.994586 0.54603
1.00094 0.552843
1.00573 0.557979
1.01052 0.563122
1.01688 0.569961
1.02002 0.57333
1.02464 0.578243
1.02944 0.583328
1.03267 0.586735
1.03905 0.59348
1.0422 0.596809
1.04842 0.603407
1.05319 0.608472
1.05796 0.613545
1.06431 0.620312
1.06752 0.623731
1.07231 0.628845
1.07711 0.63397
1.08192 0.639101
1.08672 0.644231
1.09141 0.649239
1.0945 0.652513
1.1009 0.659245
1.10413 0.662641
1.11053 0.669362
1.11365 0.672648
1.11992 0.679267
1.12312 0.682652
1.12948 0.689383
1.13269 0.692782
1.13907 0.699548
1.1423 0.702966
1.1487 0.709766
1.15193 0.713195
1.15833 0.719999
1.16148 0.723344
1.16772 0.729903
1.17096 0.733298
1.1758 0.738354
1.18063 0.743396
1.18684 0.749906
1.19004 0.753269
1.19642 0.759974
1.19963 0.763358
1.20602 0.770092
1.21083 0.775172
1.21566 0.780266
1.22049 0.785369
1.22372 0.788789
1.23014 0.795569
1.23327 0.79887
1.23957 0.805451
1.24282 0.808836
1.24927 0.815538
1.2525 0.818901
1.25872 0.82539
1.26194 0.828759
1.26833 0.835448
1.27473 0.842157
1.27796 0.845546
1.28439 0.852293
1.28763 0.8557
1.29088 0.859111
1.29732 0.865884
1.30214 0.870951
1.30679 0.875814
1.31322 0.88248
1.31648 0.885853
1.32133 0.890875
1.32763 0.897398
1.33081 0.9007
1.33403 0.904059
1.33885 0.909077
1.34368 0.914105
1.3501 0.920814
1.35335 0.924203
1.3598 0.930948
1.36305 0.934351
1.36949 0.941089
1.37264 0.944425
1.37845 0.950652
1.38151 0.954002
1.3875 0.960835
1.39045 0.964334
1.39616 0.971388
1.40029 0.976737
1.4029 0.98024
1.40806 0.98753
1.41186 0.993168
1.41554 0.998887
1.41794 1.00276
1.42249 1.01046
1.42463 1.01422
1.4289 1.02207
1.431 1.02611
1.43501 1.03421
1.43696 1.03835
1.44067 1.04665
1.44332 1.05297
1.44585 1.05936
1.44826 1.06581
1.45055 1.07231
1.4527 1.07884
1.45406 1.08321
1.45651 1.09157
1.45825 1.09797
1.45988 1.10454
1.46091 1.10895
1.46276 1.11776
1.46399 1.12441
1.46506 1.13106
1.46593 1.13773
1.46678 1.14664
1.46707 1.15115
1.46733 1.15788
1.46739 1.1644
1.4672 1.17316
1.46698 1.17766
1.46666 1.18216
1.46578 1.19109
1.4652 1.19559
1.46378 1.20449
1.46293 1.20896
1.46099 1.21779
1.45988 1.22221
1.45743 1.23086
1.45549 1.23706
1.45337 1.24293
1.45095 1.24898
1.44829 1.25509
1.44544 1.26113
1.4424 1.26709
1.43918 1.27296
1.43691 1.27685
1.43218 1.28443
1.42841 1.29002
1.42448 1.29549
1.42178 1.29904
1.41769 1.30417
1.41336 1.3093
1.40736 1.31594
1.40423 1.3192
1.39782 1.3255
1.39282 1.33008
1.38939 1.33307
1.38241 1.3388
1.37702 1.34293
1.37152 1.34688
1.36784 1.3494
1.3607 1.35396
1.35697 1.35619
1.34922 1.36051
1.34328 1.36355
1.33724 1.36641
1.3311 1.36909
1.32694 1.37078
1.31856 1.3739
1.31428 1.37534
1.30572 1.37795
1.30143 1.37911
1.29306 1.38114
1.28866 1.38208
1.27987 1.38369
1.2754 1.38437
1.26648 1.38546
1.26197 1.38588
1.25296 1.38645
1.24616 1.38664
1.23936 1.38664
1.2348 1.38652
1.22578 1.38606
1.22135 1.38575
1.21236 1.38501
1.20554 1.38437
1.19873 1.38366
1.19187 1.38289
1.18724 1.38235
1.17802 1.38128
1.17336 1.38074
1.16409 1.37966
1.15941 1.37911
1.15009 1.37803
1.14539 1.37748
1.13607 1.3764
1.12908 1.37559
1.12215 1.37479
1.11534 1.374
1.11096 1.37348
1.10191 1.37239
1.09729 1.37184
1.08811 1.37073
1.08348 1.37017
1.07426 1.36904
1.0696 1.36848
1.06033 1.36735
1.05565 1.36678
1.04865 1.36592
1.04164 1.36507
1.03232 1.36394
1.02536 1.36309
1.01616 1.36198
1.0117 1.36144
1.0051 1.36061
0.998221 1.35975
0.991333 1.35888
0.984432 1.358
0.9798 1.35742
0.970581 1.35624
0.963628 1.35536
0.954354 1.35418
0.94967 1.35358
0.944981 1.35298
0.935665 1.35179
0.926363 1.35061
0.92173 1.35002
0.917081 1.34944
0.908146 1.3483
0.903737 1.34773
0.894605 1.34653
0.889994 1.34592
0.880822 1.34471
0.873907 1.34379
0.866973 1.34287
0.860022 1.34195
0.853053 1.34102
0.846098 1.34009
0.841457 1.33945
0.832282 1.33809
0.825391 1.33699
0.818592 1.33585
0.814037 1.33504
0.805127 1.33337
0.800886 1.33252
0.792203 1.33066
0.787721 1.32965
0.778832 1.32755
0.774356 1.32644
0.765476 1.32414
0.761003 1.32293
0.752132 1.32044
0.745478 1.31848
0.741031 1.31713
0.732312 1.31438
0.7279 1.31296
0.719168 1.31004
0.714779 1.30853
0.706099 1.30545
0.699616 1.30307
0.693333 1.30068
0.687303 1.2983
0.680943 1.29571
0.674464 1.29307
0.667914 1.29043
0.659131 1.28701
0.654686 1.28532
0.645831 1.28206
0.641417 1.28048
0.634794 1.2782
0.630288 1.27669
0.621295 1.27379
0.616752 1.27238
0.607731 1.26968
0.603288 1.2684
0.594554 1.26594
0.59001 1.26471
0.580934 1.26233
0.574073 1.26061
0.567179 1.25895
0.560252 1.25736
0.555594 1.25633
0.54631 1.25437
0.541619 1.25343
0.53229 1.25165
0.527622 1.25082
0.518368 1.24927
0.511526 1.24821
0.504866 1.24723
0.495628 1.24596
0.490954 1.24536
0.483958 1.24452
0.476936 1.24375
0.469888 1.24304
0.462786 1.24241
0.455611 1.24189
0.448393 1.2415
0.443545 1.24132
0.433915 1.24117
0.426699 1.24122
0.419732 1.2414
0.412744 1.24169
0.405608 1.24213
0.398528 1.2427
0.391432 1.24341
0.384337 1.24427
0.379587 1.24492
0.370176 1.24642
0.360845 1.24811
0.356161 1.24901
0.34688 1.25091
0.34222 1.25192
0.333047 1.25398
0.328453 1.25507
0.319338 1.25731
0.314745 1.25848
0.307897 1.26029
0.298805 1.26279
0.294235 1.2641
0.289713 1.26542
0.281152 1.26798
0.277024 1.26925
0.268271 1.272
0.26379 1.27342
0.254893 1.27624
0.250416 1.27766
0.241548 1.28047
0.234954 1.28256
0.228312 1.28466
0.221664 1.28675
0.217204 1.28816
0.208334 1.29095
0.203857 1.29235
0.197172 1.29445
0.190489 1.29654
0.181941 1.29923
0.1777 1.30059
0.168863 1.30346
0.164394 1.30491
0.155522 1.3078
0.148861 1.30998
0.144404 1.31144
0.135652 1.31429
0.131212 1.31574
0.122394 1.3186
0.117945 1.32005
0.109095 1.32291
0.102429 1.32507
0.0957625 1.32722
0.0913029 1.32865
0.0828498 1.3314
0.0785671 1.33282
0.0697304 1.33577
0.0652733 1.33726
0.0564276 1.34023
0.051978 1.34173
0.0432149 1.34467
0.0388016 1.34615
0.030015 1.3491
0.0234005 1.35131
0.0167742 1.35352
0.0123267 1.355
0.003486 1.35794
-0.000968668 1.35942
-0.00972407 1.36232
-0.0139071 1.36372
-0.0224902 1.36665
-0.0269521 1.36819
-0.0358467 1.37134
-0.0425093 1.37379
-0.0491247 1.37629
-0.0534678 1.37798
-0.0621588 1.38145
-0.0686839 1.38414
-0.075195 1.38689
-0.0816933 1.38971
-0.0881792 1.3926
-0.0946501 1.39556
-0.1011 1.39858
-0.107522 1.40168
-0.113891 1.40482
-0.119933 1.4079
-0.125931 1.41109
-0.132121 1.41448
-0.136176 1.41673
-0.144241 1.42133
-0.148309 1.4237
-0.156343 1.42848
-0.160364 1.43091
-0.166319 1.43452
-0.17423 1.43926
-0.180214 1.44275
-0.186247 1.4462
-0.192324 1.44958
-0.200458 1.454
-0.204554 1.45617
-0.212369 1.46025
-0.216453 1.46235
-0.222619 1.46547
-0.228786 1.4685
-0.234881 1.47143
-0.241057 1.47428
-0.247264 1.47701
-0.253535 1.47961
-0.259869 1.48208
-0.266265 1.48443
-0.272715 1.48665
-0.277061 1.48807
-0.283539 1.49005
-0.289763 1.49184
-0.298446 1.49416
-0.302882 1.49525
-0.311746 1.49725
-0.318461 1.49861
-0.325214 1.49984
-0.331997 1.50094
-0.3388 1.5019
-0.345625 1.50273
-0.350231 1.50321
-0.35923 1.50397
-0.363731 1.50425
-0.372339 1.50465
-0.376891 1.5048
-0.386028 1.50499
-0.392968 1.5051
-0.399942 1.5052
-0.406934 1.5053
-0.411628 1.50537
-0.420971 1.50552
-0.425688 1.50559
-0.435073 1.50573
-0.439807 1.50581
-0.449197 1.50596
-0.453914 1.50604
-0.463183 1.50618
-0.467692 1.50626
-0.476855 1.50644
-0.481501 1.50652
-0.490734 1.5067
-0.495395 1.50679
-0.50467 1.50696
-0.511665 1.5071
-0.518678 1.50723
-0.526029 1.50737
-0.53124 1.50747
-0.54196 1.50769
-0.547364 1.5078
-0.558065 1.50802
-0.563436 1.50812
-0.573787 1.50834
-0.579068 1.50846
-0.589621 1.50871
-0.59757 1.5089
-0.608173 1.50915
-0.613528 1.50927
-0.618892 1.5094
-0.629717 1.50966
-0.638416 1.50987
-0.647479 1.51009
-0.653549 1.51024
-0.662588 1.51046
-0.671507 1.51068
-0.683166 1.511
-0.692099 1.51125
-0.701047 1.51151
-0.710016 1.51176
-0.719007 1.51202
-0.728022 1.51228
-0.734074 1.51245
-0.746113 1.5128
-0.752186 1.51298
-0.764219 1.51334
-0.770258 1.51352
-0.781861 1.51387
-0.790752 1.51418
-0.79969 1.51448
-0.808646 1.51479
-0.814659 1.51499
-0.826625 1.5154
-0.832668 1.51561
-0.841706 1.51592
-0.850763 1.51623
-0.862808 1.51666
-0.868859 1.51687
-0.880634 1.51728
-0.886414 1.51751
-0.898265 1.51799
-0.90721 1.51835
-0.916175 1.51871
-0.925162 1.51908
-0.934172 1.51945
-0.943204 1.51981
-0.949266 1.52006
-0.961313 1.52056
-0.967373 1.52082
-0.979332 1.52131
-0.987953 1.52168
-0.996798 1.5221
-1.00278 1.52238
-1.01468 1.52295
-1.02366 1.52337
-1.03265 1.5238
-1.04167 1.52422
-1.0537 1.5248
-1.05976 1.52509
-1.06881 1.52553
-1.07784 1.52596
-1.0838 1.52625
-1.0953 1.52684
-1.10128 1.52717
-1.11317 1.52781
-1.12212 1.52829
-1.1311 1.52878
-1.14011 1.52926
-1.14913 1.52975
-1.15818 1.53025
-1.16723 1.53074
-1.17627 1.53124
-1.18524 1.53173
-1.19374 1.5322
-1.19938 1.5325
-1.21103 1.53296
-1.21691 1.53308
-1.22861 1.53307
-1.23451 1.53294
-1.24626 1.53246
-1.25218 1.5321
-1.26394 1.53115
-1.26985 1.53055
-1.28133 1.52918
-1.28719 1.52838
-1.29876 1.52656
-1.30443 1.52555
-1.31556 1.52329
-1.32129 1.522
-1.33265 1.5192
-1.33835 1.51766
-1.34961 1.51438
-1.35525 1.51261
-1.3663 1.50891
-1.37186 1.50692
-1.38283 1.50276
-1.39103 1.49944
-1.39918 1.49596
-1.40726 1.49231
-1.41525 1.48852
-1.42293 1.48466
-1.43056 1.4806
-1.43815 1.47635
-1.44567 1.47196
-1.45314 1.46739
-1.45811 1.46424
-1.46787 1.45777
-1.47273 1.45441
-1.48226 1.44752
-1.48701 1.44395
-1.49631 1.43666
-1.50092 1.4329
-1.50978 1.42538
-1.51634 1.41957
-1.52265 1.41374
-1.52682 1.40975
-1.53507 1.40151
-1.53915 1.39727
-1.54709 1.38867
-1.551 1.38425
-1.55861 1.37529
-1.56413 1.36848
-1.5693 1.36181
-1.57443 1.35483
-1.57941 1.34764
-1.58418 1.34029
-1.58726 1.33529
-1.59307 1.32518
-1.59584 1.32
-1.59972 1.31229
-1.60337 1.30442
-1.60777 1.29399
-1.61087 1.28595
-1.61374 1.27776
-1.61553 1.27222
-1.61875 1.26109
-1.62021 1.25542
-1.62278 1.24406
-1.62441 1.23544
-1.62578 1.22678
-1.62687 1.2183
-1.62775 1.20968
-1.62839 1.20096
-1.62877 1.19222
-1.62889 1.18346
-1.62875 1.17477
-1.62835 1.16607
-1.62793 1.16025
-1.62674 1.14873
-1.62597 1.14302
-1.62416 1.13172
-1.62309 1.12593
-1.62077 1.11438
-1.61952 1.10851
-1.617 1.09676
-1.61575 1.09078
-1.61337 1.07886
-1.61224 1.07286
-1.61013 1.06124
-1.6091 1.05528
-1.60716 1.04341
-1.60581 1.0345
-1.60454 1.02554
-1.60374 1.01951
-1.60228 1.00751
-1.6016 1.00144
-1.60038 0.989366
-1.59958 0.980286
-1.59887 0.971361
-1.59803 0.959493
-1.59766 0.953426
-1.59717 0.944359
-1.59676 0.935283
-1.59644 0.926228
-1.59629 0.920157
-1.5961 0.908064
-1.59607 0.901963
-1.59614 0.889846
-1.59624 0.883755
-1.59654 0.871953
-1.59682 0.862959
-1.59713 0.853987
-1.59743 0.844999
-1.59773 0.835998
-1.59803 0.826996
-1.59832 0.818143
-1.59864 0.809319
-1.59888 0.803288
-1.59935 0.791304
-1.59971 0.782298
-1.60007 0.773311
-1.60043 0.76435
-1.60079 0.755386
-1.60114 0.746409
-1.60149 0.737416
-1.60172 0.731384
-1.60217 0.719433
-1.6024 0.71359
-1.60291 0.701793
-1.60319 0.695761
-1.60373 0.683781
-1.60415 0.674777
-1.60443 0.668777
-1.60498 0.656857
-1.60525 0.650851
-1.60579 0.638908
-1.60606 0.63288
-1.60658 0.620912
-1.60685 0.614926
-1.6074 0.603342
-1.60771 0.597316
-1.60818 0.588313
-1.60865 0.579311
-1.60928 0.567359
-1.60975 0.558405
-1.61038 0.546488
-1.61069 0.540475
-1.611 0.534455
-1.61161 0.522491
-1.61191 0.516465
-1.61252 0.504819
-1.61285 0.498897
-1.61355 0.486932
-1.61408 0.477932
-1.61461 0.468934
-1.61515 0.459981
-1.6155 0.453983
-1.6162 0.442068
-1.61655 0.436056
-1.61707 0.427069
-1.61759 0.418076
-1.61826 0.406242
-1.6188 0.397547
-1.61919 0.391528
-1.61997 0.379564
-1.62036 0.373538
-1.62115 0.361595
-1.62174 0.352649
-1.62233 0.343698
-1.62291 0.334734
-1.62368 0.322787
-1.62406 0.316764
-1.62445 0.310742
-1.6252 0.29909
-1.62603 0.287261
-1.62647 0.281237
-1.62712 0.272245
-1.62777 0.263256
-1.6282 0.257266
-1.62906 0.245366
-1.62971 0.236414
-1.63034 0.227446
-1.63098 0.218463
-1.63161 0.209478
-1.63225 0.200455
-1.63325 0.188046
-1.63382 0.181362
-1.63468 0.171384
-1.63554 0.161407
-1.63612 0.154754
-1.63726 0.141542
-1.63811 0.131601
-1.63868 0.12493
-1.63981 0.111669
-1.64092 0.0984904
-1.64148 0.0920306
-1.64208 0.0854082
-1.64336 0.0713721
-1.64442 0.0599298
-1.64548 0.0482079
-1.6462 0.0402201
-1.64762 0.0243514
-1.64833 0.0163428
-1.64974 0.000439996
-1.65079 -0.0112956
-1.6519 -0.0232215
-1.65303 -0.0351836
-1.65415 -0.0471429
-1.65528 -0.0590529
-1.65639 -0.0709729
-1.65751 -0.0829123
-1.65825 -0.0909226
-1.65972 -0.106773
-1.66084 -0.118515
-1.66201 -0.13047
-1.66318 -0.142425
-1.66436 -0.154357
-1.66553 -0.166269
-1.6667 -0.17819
-1.66747 -0.18619
-1.66902 -0.202085
-1.67016 -0.213879
-1.67136 -0.225719
-1.67258 -0.237671
-1.6738 -0.249622
-1.67502 -0.261532
-1.67624 -0.273439
-1.67746 -0.285362
-1.67827 -0.293363
-1.67987 -0.309245
-1.68067 -0.317092
-1.68234 -0.33288
-1.68319 -0.340885
-1.68488 -0.356766
-1.68573 -0.364733
-1.68742 -0.380566
-1.68826 -0.388554
-1.68994 -0.404435
-1.69078 -0.412425
-1.69246 -0.428052
-1.69377 -0.439992
-1.6951 -0.451931
-1.69642 -0.46384
-1.6973 -0.471813
-1.69905 -0.487646
-1.69993 -0.495636
-1.70167 -0.511511
-1.70296 -0.52327
-1.7043 -0.535116
-1.70567 -0.547052
-1.70659 -0.555047
-1.70841 -0.570875
-1.70978 -0.582767
-1.71109 -0.59424
-1.71159 -0.598727
-1.71171 -0.599824
-1.71171 -0.599823
-1.7117 -0.599821
-1.7117 -0.599819
-1.7117 -0.599817
-1.71173 -0.600127
-1.71184 -0.601257
-1.71192 -0.602065
-1.71202 -0.603062
-1.71222 -0.605031
-1.71243 -0.607172
-1.71278 -0.610799
-1.71312 -0.614266
-1.71364 -0.619541
-1.7139 -0.622212
-1.71416 -0.62488
-1.71466 -0.629897
-1.71491 -0.632325
-1.71545 -0.637246
-1.71574 -0.639902
-1.71635 -0.6452
-1.71665 -0.647841
-1.71721 -0.653052
-1.71758 -0.656925
-1.71788 -0.660763
-1.7181 -0.664604
-1.71826 -0.66845
-1.71833 -0.6723
-1.71834 -0.674884
-1.71825 -0.680061
-1.71815 -0.682701
-1.71787 -0.687882
-1.71757 -0.69166
-1.7172 -0.695452
-1.71674 -0.699231
-1.71639 -0.701749
-1.71563 -0.706593
-1.71524 -0.70876
-1.71438 -0.713309
-1.71381 -0.716081
-1.71241 -0.722221
-1.71156 -0.725622
-1.70961 -0.732856
-1.70852 -0.736578
-1.70621 -0.743938
-1.70496 -0.747631
-1.70234 -0.754929
-1.70094 -0.758586
-1.69802 -0.765803
-1.69647 -0.769412
-1.69325 -0.776507
-1.69076 -0.781676
-1.68816 -0.786849
-1.68544 -0.792008
-1.68357 -0.795438
-1.6797 -0.802199
-1.67769 -0.805598
-1.67362 -0.812311
-1.67164 -0.815538
-1.66781 -0.821713
-1.66572 -0.825095
-1.66155 -0.831988
-1.65948 -0.835487
-1.65541 -0.842487
-1.6534 -0.846038
-1.64946 -0.853136
-1.6475 -0.856734
-1.6437 -0.863911
-1.64104 -0.869061
-1.63847 -0.874146
-1.63578 -0.879518
-1.63309 -0.88489
-1.6304 -0.890258
-1.62773 -0.895608
-1.62515 -0.900759
-1.62261 -0.905788
-1.61992 -0.911091
-1.61722 -0.916404
-1.61541 -0.919967
-1.6118 -0.927053
-1.60907 -0.932394
-1.60543 -0.939514
-1.6036 -0.943105
-1.60085 -0.948468
-1.59811 -0.953831
-1.59627 -0.957409
-1.59275 -0.964337
-1.59093 -0.967931
-1.58733 -0.975067
-1.58463 -0.980428
-1.58193 -0.985779
-1.57929 -0.991021
-1.57676 -0.996004
-1.57408 -1.00125
-1.57137 -1.00655
-1.56865 -1.01186
-1.56682 -1.01543
-1.56318 -1.02251
-1.56134 -1.02609
-1.55859 -1.03144
-1.55583 -1.03679
-1.55216 -1.04391
-1.55031 -1.0475
-1.54675 -1.05442
-1.54403 -1.05975
-1.54131 -1.06511
-1.53949 -1.0687
-1.53588 -1.07581
-1.53407 -1.07938
-1.53064 -1.08612
-1.52889 -1.08953
-1.52526 -1.09657
-1.52343 -1.10012
-1.52069 -1.10543
-1.51795 -1.11074
-1.51428 -1.11783
-1.51243 -1.12141
-1.50874 -1.12852
-1.50688 -1.1321
-1.50319 -1.13921
-1.50049 -1.14441
-1.49778 -1.14968
-1.49504 -1.15503
-1.49321 -1.15861
-1.48958 -1.16572
-1.48776 -1.16929
-1.48426 -1.17612
-1.48254 -1.17947
-1.47891 -1.18647
-1.47707 -1.19002
-1.47341 -1.19706
-1.47065 -1.20237
-1.46788 -1.20769
-1.4651 -1.21302
-1.46231 -1.21835
-1.46044 -1.22193
-1.45673 -1.22903
-1.45399 -1.23428
-1.4522 -1.23774
-1.44854 -1.24483
-1.44669 -1.24841
-1.44304 -1.25551
-1.44121 -1.25908
-1.43764 -1.26601
-1.43593 -1.26932
-1.43233 -1.27623
-1.43048 -1.27977
-1.4268 -1.2868
-1.42403 -1.2921
-1.42124 -1.29741
-1.41937 -1.30097
-1.41565 -1.30805
-1.41285 -1.31338
-1.40912 -1.32047
-1.40725 -1.32401
-1.40545 -1.32745
-1.40179 -1.33449
-1.39993 -1.33806
-1.39626 -1.34515
-1.39442 -1.34872
-1.39079 -1.35573
-1.38819 -1.36073
-1.38635 -1.36421
-1.38266 -1.37107
-1.38077 -1.37448
-1.37692 -1.38107
-1.37489 -1.38432
-1.37067 -1.39066
-1.36845 -1.39378
-1.36389 -1.39978
-1.3616 -1.40264
-1.3567 -1.40838
-1.35285 -1.41259
-1.3502 -1.41535
-1.34477 -1.42068
-1.34194 -1.42329
-1.33617 -1.42832
-1.33318 -1.43077
-1.32709 -1.43546
-1.32395 -1.43773
-1.31758 -1.44206
-1.31271 -1.44514
-1.308 -1.44792
-1.30473 -1.44977
-1.29967 -1.45246
-1.29283 -1.45581
-1.2876 -1.45815
-1.28236 -1.46031
-1.27721 -1.46224
-1.27002 -1.46464
-1.26636 -1.46574
-1.26084 -1.46725
-1.25529 -1.46858
-1.24972 -1.46974
-1.24432 -1.47069
-1.23897 -1.47149
-1.2352 -1.47197
-1.22768 -1.4727
-1.22387 -1.47295
-1.21627 -1.47322
-1.2124 -1.47326
-1.20658 -1.4732
-1.2007 -1.47304
-1.19276 -1.47272
-1.18871 -1.47254
-1.18065 -1.47219
-1.1746 -1.47192
-1.16855 -1.47166
-1.16252 -1.4714
-1.15654 -1.47114
-1.15071 -1.47089
-1.14509 -1.47063
-1.1392 -1.47035
-1.13523 -1.47016
-1.12734 -1.46978
-1.11942 -1.46939
-1.11542 -1.46919
-1.11142 -1.46899
-1.10345 -1.4686
-1.09943 -1.4684
-1.09142 -1.468
-1.08737 -1.46779
-1.07932 -1.46739
-1.07527 -1.46719
-1.06722 -1.46679
-1.06317 -1.46659
-1.0552 -1.4662
-1.05121 -1.46601
-1.04369 -1.46563
-1.03796 -1.46533
-1.02998 -1.46497
-1.02594 -1.46483
-1.0199 -1.46467
-1.01385 -1.46456
-1.00978 -1.46452
-1.00168 -1.46453
-0.997591 -1.46457
-0.989495 -1.46473
-0.985445 -1.46482
-0.977389 -1.465
-0.971323 -1.46515
-0.965263 -1.46529
-0.95922 -1.46544
-0.95321 -1.46558
-0.947482 -1.46572
-0.941457 -1.46588
-0.934618 -1.46608
-0.927544 -1.46629
-0.920565 -1.46649
-0.914801 -1.46666
-0.905842 -1.46694
-0.893867 -1.46732
-0.88782 -1.46751
-0.881763 -1.4677
-0.872708 -1.46798
-0.863646 -1.46827
-0.851632 -1.46867
-0.845685 -1.46883
-0.834078 -1.46924
-0.828096 -1.46947
-0.816206 -1.46991
-0.810203 -1.47013
-0.798257 -1.47058
-0.792224 -1.4708
-0.780217 -1.47125
-0.774155 -1.47148
-0.762106 -1.47193
-0.753062 -1.47228
-0.744087 -1.4726
-0.735461 -1.47293
-0.726581 -1.47332
-0.717648 -1.47371
-0.711655 -1.47397
-0.699727 -1.47449
-0.693704 -1.47475
-0.684694 -1.47515
-0.675662 -1.47554
-0.663622 -1.47608
-0.657554 -1.47635
-0.645544 -1.47688
-0.636756 -1.47724
-0.630975 -1.47752
-0.619124 -1.47811
-0.613138 -1.47841
-0.60123 -1.47901
-0.595216 -1.47932
-0.583247 -1.47992
-0.577203 -1.48022
-0.565177 -1.48083
-0.55911 -1.48114
-0.547083 -1.48176
-0.538105 -1.4822
-0.526602 -1.4828
-0.520627 -1.48314
-0.511701 -1.48365
-0.502759 -1.48416
-0.496755 -1.4845
-0.484806 -1.48518
-0.475796 -1.48569
-0.463779 -1.48638
-0.457715 -1.48672
-0.451651 -1.48707
-0.439648 -1.48777
-0.430849 -1.48824
-0.422167 -1.48878
-0.416192 -1.48916
-0.404319 -1.48992
-0.398325 -1.4903
-0.386397 -1.49105
-0.377402 -1.49163
-0.368384 -1.4922
-0.359347 -1.49278
-0.353284 -1.49317
-0.341265 -1.49394
-0.332288 -1.49451
-0.32367 -1.49505
-0.314828 -1.49567
-0.30591 -1.4963
-0.299927 -1.49672
-0.288019 -1.49755
-0.282006 -1.49797
-0.270038 -1.49881
-0.261014 -1.49945
-0.251974 -1.50008
-0.242933 -1.50073
-0.23689 -1.50116
-0.225112 -1.50196
-0.21936 -1.50239
-0.210487 -1.50307
-0.201571 -1.50375
-0.189685 -1.50466
-0.183682 -1.50512
-0.171736 -1.50604
-0.165703 -1.5065
-0.153699 -1.50743
-0.144659 -1.50813
-0.135634 -1.50883
-0.129606 -1.5093
-0.118043 -1.51018
-0.109225 -1.51091
-0.100316 -1.51165
-0.0913916 -1.5124
-0.0794874 -1.51339
-0.0734754 -1.51389
-0.0674532 -1.51439
-0.0554697 -1.51539
-0.0494201 -1.5159
-0.0374066 -1.51691
-0.0284016 -1.51767
-0.0195862 -1.51838
-0.0138461 -1.51888
-0.00205524 -1.51994
0.00979961 -1.52101
0.0157853 -1.52154
0.024738 -1.52235
0.0366801 -1.52342
0.042711 -1.52397
0.0487511 -1.52451
0.0607588 -1.5256
0.0668029 -1.52615
0.0787446 -1.52723
0.0845401 -1.52773
0.0961521 -1.52885
0.102112 -1.52942
0.113963 -1.53056
0.122899 -1.53143
0.131857 -1.53229
0.140837 -1.53316
0.152815 -1.53432
0.15886 -1.5349
0.170853 -1.53607
0.176876 -1.53666
0.18285 -1.53723
0.194307 -1.53836
0.206128 -1.53958
0.212092 -1.5402
0.22101 -1.54112
0.22995 -1.54204
0.235953 -1.54266
0.247899 -1.54389
0.253931 -1.54451
0.265923 -1.54576
0.27196 -1.54639
0.283891 -1.54763
0.292508 -1.54851
0.298346 -1.54915
0.310162 -1.55044
0.316123 -1.5511
0.327986 -1.5524
0.333976 -1.55305
0.345899 -1.55436
0.351919 -1.55502
0.363895 -1.55634
0.372905 -1.55734
0.381889 -1.55833
0.390714 -1.55928
0.399295 -1.56026
0.408165 -1.56129
0.414117 -1.56198
0.425955 -1.56336
0.434882 -1.5644
0.443832 -1.56544
0.452804 -1.56648
0.461796 -1.56753
0.470801 -1.56858
0.479795 -1.56964
0.485802 -1.57034
0.497365 -1.57168
0.506104 -1.57275
0.514976 -1.57384
0.520928 -1.57457
0.532771 -1.57603
0.541702 -1.57713
0.550655 -1.57823
0.55963 -1.57933
0.565654 -1.58007
0.57762 -1.58155
0.583635 -1.5823
0.595417 -1.58373
0.601125 -1.58445
0.609906 -1.58559
0.618772 -1.58674
0.630591 -1.58826
0.639503 -1.58942
0.648437 -1.59057
0.657394 -1.59173
0.666372 -1.5929
0.675362 -1.59406
0.681382 -1.59485
0.690341 -1.59602
0.699095 -1.59714
0.710607 -1.59869
0.716539 -1.5995
0.728335 -1.6011
0.737227 -1.60231
0.743198 -1.60312
0.75508 -1.60474
0.76404 -1.60596
0.773017 -1.60718
0.781999 -1.60841
0.790956 -1.60964
0.799782 -1.61083
0.805478 -1.61162
0.817147 -1.61328
0.823078 -1.61413
0.831944 -1.61539
0.840832 -1.61666
0.852688 -1.61835
0.858676 -1.6192
0.87059 -1.6209
0.879526 -1.62216
0.88549 -1.62297
0.897285 -1.62446
0.902952 -1.62509
0.914302 -1.62625
0.920149 -1.62674
0.931788 -1.62747
0.940569 -1.62782
0.949377 -1.62798
0.955292 -1.628
0.967056 -1.62778
0.975905 -1.62742
0.984688 -1.62687
0.990394 -1.62644
1.00204 -1.62536
1.01081 -1.62435
1.01958 -1.62316
1.02821 -1.62182
1.0397 -1.61974
1.04547 -1.61857
1.05407 -1.61668
1.06264 -1.61461
1.06834 -1.61312
1.07955 -1.60996
1.08519 -1.60825
1.09635 -1.60464
1.10194 -1.6027
1.11299 -1.59863
1.12125 -1.59538
1.13213 -1.5908
1.13754 -1.58839
1.14281 -1.58596
1.15295 -1.58098
1.15814 -1.57831
1.16838 -1.57277
1.17349 -1.56987
1.18354 -1.5639
1.18856 -1.56079
1.19841 -1.55438
1.20572 -1.54938
1.21295 -1.54423
1.22006 -1.53894
1.22469 -1.53538
1.23381 -1.52811
1.23835 -1.52434
1.24705 -1.51683
1.25133 -1.51295
1.25983 -1.50494
1.26608 -1.49876
1.27422 -1.49032
1.27823 -1.48598
1.28595 -1.47728
1.2897 -1.4729
1.29349 -1.46837
1.30083 -1.45923
1.30622 -1.45221
1.31147 -1.44507
1.31659 -1.43784
1.32155 -1.43051
1.32627 -1.42321
1.33087 -1.41575
1.33386 -1.4107
1.33949 -1.40079
1.3423 -1.39564
1.34767 -1.38527
1.35028 -1.37999
1.35527 -1.36937
1.35998 -1.35858
1.36226 -1.35309
1.36552 -1.34483
1.36861 -1.33651
1.37149 -1.32829
1.37332 -1.32285
1.37681 -1.31175
1.37846 -1.30611
1.3815 -1.29485
1.38292 -1.28914
1.38552 -1.27773
1.38727 -1.26909
1.38884 -1.2604
1.39024 -1.25168
1.39107 -1.24592
1.39252 -1.23449
1.39316 -1.22861
1.3942 -1.2169
1.39479 -1.20807
1.3952 -1.19923
1.39547 -1.19039
1.39559 -1.18442
1.39577 -1.17251
1.39585 -1.1665
1.39601 -1.15466
1.39618 -1.1428
1.39628 -1.13678
1.39647 -1.1248
1.39657 -1.11876
1.39678 -1.10674
1.39689 -1.10068
1.397 -1.09463
1.39716 -1.08563
1.39732 -1.07664
1.39752 -1.0647
1.39761 -1.05869
1.39781 -1.04692
1.39792 -1.04094
1.39815 -1.02898
1.39833 -1.01997
1.39845 -1.01393
1.3987 -1.00191
1.39883 -0.995856
1.39905 -0.983878
1.39911 -0.977945
1.39908 -0.969112
1.39889 -0.960325
1.39837 -0.94892
1.39801 -0.943103
1.39706 -0.931454
1.39615 -0.92269
1.39543 -0.916816
1.39379 -0.905159
1.39234 -0.896403
1.39072 -0.887662
1.38954 -0.881826
1.38698 -0.870312
1.38561 -0.864686
1.38266 -0.853728
1.37932 -0.842572
1.37752 -0.836978
1.37469 -0.828661
1.37065 -0.817661
1.3685 -0.812148
1.36514 -0.803961
1.36161 -0.795835
1.35916 -0.79044
1.35414 -0.779912
1.3515 -0.774618
1.34605 -0.764212
1.34178 -0.756499
1.33887 -0.751461
1.33295 -0.741713
1.3266 -0.731891
1.32329 -0.727006
1.31824 -0.719804
1.31309 -0.712792
1.30958 -0.708144
1.30234 -0.698954
1.2986 -0.694386
1.29098 -0.685445
1.28704 -0.681007
1.27903 -0.672334
1.27491 -0.668042
1.26867 -0.661744
1.26236 -0.655643
1.25405 -0.648
1.2497 -0.644145
1.24084 -0.63659
1.23404 -0.631056
1.2271 -0.625648
1.22004 -0.620367
1.21286 -0.615216
1.20556 -0.610199
1.19815 -0.605323
1.19067 -0.600607
1.18326 -0.596123
1.1756 -0.591628
1.1679 -0.587217
1.16032 -0.582953
1.15254 -0.578609
1.14472 -0.574243
1.13688 -0.569873
1.12902 -0.565496
1.12114 -0.561112
1.11325 -0.556724
1.1028 -0.550914
1.0977 -0.548067
1.09252 -0.545148
1.08211 -0.539261
1.07687 -0.536301
1.06657 -0.530491
1.0562 -0.52464
1.05096 -0.521692
1.04054 -0.515829
1.03527 -0.512871
1.02741 -0.508451
1.01694 -0.502573
1.01174 -0.499652
1.00666 -0.49678
0.998877 -0.492346
0.991066 -0.487888
0.980789 -0.482027
0.973006 -0.477595
0.962646 -0.4717
0.957416 -0.468728
0.952176 -0.465752
0.941749 -0.459836
0.936487 -0.456852
0.926046 -0.450933
0.915901 -0.445151
0.910691 -0.442154
0.905467 -0.439144
0.895139 -0.433193
0.890001 -0.430235
0.879675 -0.424298
0.869329 -0.418358
0.864105 -0.415362
0.853707 -0.409403
0.848459 -0.406398
0.840623 -0.401911
0.830362 -0.39603
0.825277 -0.393088
0.820064 -0.390058
0.809726 -0.384044
0.804577 -0.38105
0.796872 -0.376575
0.789126 -0.37208
0.778802 -0.366096
0.771016 -0.361589
0.760633 -0.355583
0.755395 -0.352556
0.745025 -0.346562
0.739966 -0.343626
0.734862 -0.34064
0.724539 -0.334579
0.719348 -0.331531
0.711708 -0.327047
0.70398 -0.322518
0.693692 -0.316495
0.685936 -0.31196
0.678159 -0.307417
0.667792 -0.301365
0.662567 -0.298316
0.654821 -0.293796
0.644739 -0.287856
0.639549 -0.284782
0.634368 -0.281709
0.624187 -0.275676
0.616485 -0.27112
0.608774 -0.266561
0.603599 -0.263504
0.593299 -0.257427
0.588097 -0.254361
0.577753 -0.248266
0.572541 -0.245196
0.562382 -0.239203
0.557311 -0.236182
0.547037 -0.230037
0.541871 -0.226947
0.534271 -0.222403
0.52658 -0.217813
0.516342 -0.211707
0.511173 -0.208628
0.500885 -0.202505
0.495689 -0.199415
0.485367 -0.193278
0.477647 -0.188691
0.467618 -0.182676
0.462453 -0.17956
0.454757 -0.174913
0.44716 -0.170329
0.44203 -0.167238
0.431824 -0.161093
0.426674 -0.157995
0.418971 -0.153366
0.408696 -0.147197
0.400954 -0.142552
0.39067 -0.136385
0.385639 -0.133357
0.375525 -0.127214
0.370378 -0.124079
0.362718 -0.119413
0.355142 -0.114805
0.347491 -0.110155
0.342359 -0.107039
0.332148 -0.100845
0.327002 -0.0977289
0.316784 -0.0916183
0.311616 -0.0885931
0.301389 -0.0827416
0.293789 -0.0784741
0.285975 -0.0741677
0.278125 -0.0699337
0.272842 -0.0671413
0.262416 -0.0617642
0.251845 -0.0565016
0.246488 -0.0539047
0.238449 -0.0500951
0.230359 -0.046366
0.224919 -0.0439154
0.214292 -0.0392505
0.206202 -0.0357712
0.197983 -0.0323233
0.189716 -0.028945
0.181407 -0.025639
0.173068 -0.0224135
0.164705 -0.0192767
0.159141 -0.0172444
0.147992 -0.0133062
0.142357 -0.0113831
0.131195 -0.00770785
0.125738 -0.00596043
0.114545 -0.0024611
0.106025 0.000100225
0.0974604 0.00258632
0.0888513 0.00499644
0.0802024 0.00732951
0.0715259 0.00958176
0.0656989 0.0110429
0.05415 0.0138135
0.0483418 0.0151423
0.0399224 0.016989
0.0343548 0.0180948
0.0299875 0.0187103
0.0277821 0.0189136
0.0265144 0.0189977
0.0261791 0.0190148
0.0262359 0.0190115
0.0262869 0.0190069
0.0263358 0.019003
0.0263834 0.018999
0.0264311 0.0189953
0.0264949 0.0189901
0.026527 0.0189876
0.026575 0.0189838
0.0266389 0.0189787
0.0266711 0.0189761
0.0267033 0.0189736
0.0267673 0.0189685
0.0267996 0.018966
0.0268636 0.018961
0.0269118 0.0189572
0.02696 0.0189534
0.0270082 0.0189497
0.0270564 0.0189459
0.0271046 0.0189422
0.0271369 0.0189397
0.0272011 0.0189347
0.0272334 0.0189322
0.0272975 0.0189273
0.0273299 0.0189248
0.0273781 0.0189211
0.0274423 0.0189162
0.0274905 0.0189125
0.0275228 0.01891
0.027587 0.0189051
0.0276029 0.0189039
0.0276029 0.0189039
0.0276029 0.0189039
0.0276029 0.0189039
0.0276029 0.0189039
0.0276029 0.0189039
0.0276029 0.0189039
0.0276029 0.0189039
0.0276029 0.0189039
0.0276029 0.0189039
0.0276029 0.0189039
0.0276029 0.0189039
0.0276029 0.0189039
